520	-2.13788E-6
520.05	-0.00319
520.1	-0.01373
520.15	-0.02611
520.2	-0.02096
520.25	0.00784
520.3	0.01617
520.35	0.00564
520.4	-0.00368
520.45	0.00956
520.5	-2.47237E-4
520.55	0.01519
520.6	-0.00515
520.65	-0.0266
520.7	-0.04032
520.75	-0.02512
520.8	-0.00356
520.85	0.00882
520.9	-0.02843
520.95	-0.03468
521	-0.03309
521.05	-0.02427
521.1	-0.02733
521.15	-0.03775
521.2	-0.03812
521.25	-0.03959
521.3	-0.04865
521.35	-0.03775
521.4	-0.01508
521.45	-0.04204
521.5	-0.03677
521.55	-0.03762
521.6	-0.02255
521.65	-0.02537
521.7	-0.03432
521.75	-0.05196
521.8	-0.04253
521.85	-0.03395
521.9	-0.03358
521.95	-0.01838
522	-0.02512
522.05	-0.02892
522.1	-0.02917
522.15	-0.03579
522.2	-0.05012
522.25	-0.05564
522.3	-0.05025
522.35	-0.04755
522.4	-0.04829
522.45	-0.03383
522.5	-0.04338
522.55	-0.04633
522.6	-0.01459
522.65	-0.02071
522.7	-0.04081
522.75	-0.05392
522.8	-0.04608
522.85	-0.05221
522.9	-0.04718
522.95	-0.04914
523	-0.05503
523.05	-0.06275
523.1	-0.05503
523.15	-0.0451
523.2	-0.06017
523.25	-0.06066
523.3	-0.05674
523.35	-0.05221
523.4	-0.06508
523.45	-0.06875
523.5	-0.06814
523.55	-0.06336
523.6	-0.05429
523.65	-0.04694
523.7	-0.04326
523.75	-0.04253
523.8	-0.0462
523.85	-0.05074
523.9	-0.04486
523.95	-0.0663
524	-0.08187
524.05	-0.06569
524.1	-0.04755
524.15	-0.05319
524.2	-0.06005
524.25	-0.0527
524.3	-0.0478
524.35	-0.06385
524.4	-0.07525
524.45	-0.07255
524.5	-0.05821
524.55	-0.0587
524.6	-0.07476
524.65	-0.05932
524.7	-0.06446
524.75	-0.0603
524.8	-0.05147
524.85	-0.04571
524.9	-0.04142
524.95	-0.02966
525	-0.02549
525.05	-0.04265
525.1	-0.0614
525.15	-0.06471
525.2	-0.03407
525.25	-0.03346
525.3	-0.03432
525.35	-0.04865
525.4	-0.0527
525.45	-0.06986
525.5	-0.0576
525.55	-0.06716
525.6	-0.04387
525.65	-0.0337
525.7	-0.05307
525.75	-0.04804
525.8	-0.02954
525.85	-0.03995
525.9	-0.04228
525.95	-0.04522
526	-0.05772
526.05	-0.05282
526.1	-0.04865
526.15	-0.05919
526.2	-0.07316
526.25	-0.04277
526.3	-0.03346
526.35	-0.06888
526.4	-0.07562
526.45	-0.05307
526.5	-0.05368
526.55	-0.05919
526.6	-0.06152
526.65	-0.03468
526.7	-0.03199
526.75	-0.03039
526.8	-0.02758
526.85	-0.02929
526.9	-0.03309
526.95	-0.04841
527	-0.05135
527.05	-0.03297
527.1	-0.0315
527.15	-0.03701
527.2	-0.04228
527.25	-0.04584
527.3	-0.06079
527.35	-0.06226
527.4	-0.0451
527.45	-0.0326
527.5	-0.02414
527.55	-0.02696
527.6	-0.02451
527.65	-0.01422
527.7	-0.02084
527.75	-0.04044
527.8	-0.04093
527.85	-0.01262
527.9	0.01556
527.95	6.1061E-4
528	-0.03554
528.05	-0.03762
528.1	-0.03493
528.15	-0.00601
528.2	-0.01459
528.25	-0.01851
528.3	-0.00968
528.35	-0.00417
528.4	-0.01704
528.45	-0.01802
528.5	-0.00846
528.55	-0.0163
528.6	-0.03824
528.65	-0.04265
528.7	-0.04486
528.75	-0.0353
528.8	-0.03162
528.85	-0.03836
528.9	-0.04424
528.95	-0.0402
529	-0.05062
529.05	-0.03934
529.1	-0.03579
529.15	-0.04853
529.2	-0.04963
529.25	-0.05282
529.3	-0.02917
529.35	-0.02255
529.4	-0.04449
529.45	-0.0565
529.5	-0.04167
529.55	-0.05135
529.6	-0.06802
529.65	-0.04571
529.7	-0.03395
529.75	-0.03407
529.8	-0.04326
529.85	-0.03812
529.9	-0.03236
529.95	-0.01949
530	-0.0174
530.05	-0.02084
530.1	-0.03358
530.15	-0.06201
530.2	-0.07035
530.25	-0.06336
530.3	-0.0527
530.35	-0.05025
530.4	-0.04718
530.45	-0.0516
530.5	-0.03652
530.55	-0.02537
530.6	-0.02794
530.65	-0.02574
530.7	-0.025
530.75	-0.05294
530.8	-0.06765
530.85	-0.07574
530.9	-0.0766
530.95	-0.06581
531	-0.05625
531.05	-0.05552
531.1	-0.0413
531.15	-0.02549
531.2	-0.02672
531.25	-0.03125
531.3	-0.03542
531.35	-0.03628
531.4	-0.05147
531.45	-0.0402
531.5	-0.04093
531.55	-0.0549
531.6	-0.05343
531.65	-0.03444
531.7	-0.01262
531.75	-0.01189
531.8	-0.01066
531.85	-0.01593
531.9	-0.01753
531.95	-0.01716
532	0.0022
532.05	0.00233
532.1	-0.01508
532.15	-0.00711
532.2	-0.01336
532.25	-0.01115
532.3	-0.01397
532.35	-0.0141
532.4	-0.00723
532.45	-0.01716
532.5	-0.02512
532.55	-0.01802
532.6	-0.01079
532.65	-0.00637
532.7	6.1061E-4
532.75	0.0076
532.8	-0.00601
532.85	-0.0163
532.9	-0.01949
532.95	-0.02341
533	-0.01115
533.05	-0.01495
533.1	-0.00441
533.15	-0.01066
533.2	0.0087
533.25	0.0272
533.3	0.04559
533.35	0.05551
533.4	0.0685
533.45	0.0712
533.5	0.07696
533.55	0.09289
533.6	0.10625
533.65	0.13468
533.7	0.15429
533.75	0.18235
533.8	0.22304
533.85	0.25711
533.9	0.28174
533.95	0.31091
534	0.36078
534.05	0.41348
534.1	0.46838
534.15	0.49963
534.2	0.52917
534.25	0.54792
534.3	0.57463
534.35	0.64363
534.4	0.68272
534.45	0.68309
534.5	0.68775
534.55	0.68284
534.6	0.6875
534.65	0.69988
534.7	0.7087
534.75	0.70135
534.8	0.70503
534.85	0.70674
534.9	0.6924
534.95	0.69927
535	0.70772
535.05	0.74093
535.1	0.74706
535.15	0.75405
535.2	0.75417
535.25	0.73701
535.3	0.72292
535.35	0.70086
535.4	0.67966
535.45	0.67451
535.5	0.67978
535.55	0.68799
535.6	0.71936
535.65	0.72231
535.7	0.74767
535.75	0.71557
535.8	0.69069
535.85	0.70895
535.9	0.72917
535.95	0.74338
536	0.77022
536.05	0.76152
536.1	0.74633
536.15	0.73248
536.2	0.73027
536.25	0.74081
536.3	0.72071
536.35	0.7375
536.4	0.76348
536.45	0.75061
536.5	0.74265
536.55	0.73958
536.6	0.72194
536.65	0.69485
536.7	0.70025
536.75	0.69473
536.8	0.70944
536.85	0.70392
536.9	0.70993
536.95	0.66789
537	0.6864
537.05	0.67488
537.1	0.67476
537.15	0.68456
537.2	0.67782
537.25	0.73787
537.3	0.75735
537.35	0.70613
537.4	0.71936
537.45	0.71324
537.5	0.70625
537.55	0.70123
537.6	0.7087
537.65	0.70417
537.7	0.6913
537.75	0.69755
537.8	0.70503
537.85	0.73554
537.9	0.7424
537.95	0.74878
538	0.72819
538.05	0.70172
538.1	0.71373
538.15	0.71532
538.2	0.75797
538.25	0.77439
538.3	0.78566
538.35	0.76667
538.4	0.75772
538.45	0.76704
538.5	0.76311
538.55	0.75307
538.6	0.77145
538.65	0.77071
538.7	0.7674
538.75	0.7728
538.8	0.76262
538.85	0.76557
538.9	0.77561
538.95	0.77635
539	0.75968
539.05	0.744
539.1	0.74461
539.15	0.75907
539.2	0.7424
539.25	0.73419
539.3	0.7152
539.35	0.72684
539.4	0.72586
539.45	0.7201
539.5	0.70135
539.55	0.69265
539.6	0.70245
539.65	0.71054
539.7	0.69632
539.75	0.70184
539.8	0.70208
539.85	0.71507
539.9	0.72034
539.95	0.74167
540	0.7565
540.05	0.75895
540.1	0.75221
540.15	0.73995
540.2	0.71017
540.25	0.73615
540.3	0.75466
540.35	0.75441
540.4	0.72316
540.45	0.70895
540.5	0.70552
540.55	0.71054
540.6	0.71875
540.65	0.71336
540.7	0.71973
540.75	0.6989
540.8	0.69608
540.85	0.74657
540.9	0.74914
540.95	0.73591
541	0.72549
541.05	0.7451
541.1	0.76765
541.15	0.78799
541.2	0.76875
541.25	0.77145
541.3	0.77807
541.35	0.78664
541.4	0.77206
541.45	0.78738
541.5	0.8049
541.55	0.82096
541.6	0.85723
541.65	0.86152
541.7	0.87218
541.75	0.8587
541.8	0.85
541.85	0.84498
541.9	0.84718
541.95	0.86103
542	0.84571
542.05	0.84706
542.1	0.84645
542.15	0.86606
542.2	0.88432
542.25	0.88664
542.3	0.88946
542.35	0.87733
542.4	0.86459
542.45	0.8728
542.5	0.89559
542.55	0.90895
542.6	0.90123
542.65	0.90037
542.7	0.88088
542.75	0.86998
542.8	0.88456
542.85	0.89044
542.9	0.88861
542.95	0.89437
543	0.89142
543.05	0.91655
543.1	0.92341
543.15	0.9174
543.2	0.93407
543.25	0.92574
543.3	0.93064
543.35	0.94179
543.4	0.97071
543.45	0.98714
543.5	0.97047
543.55	0.97929
543.6	0.99853
543.65	0.99339
543.7	0.99142
543.75	0.99044
543.8	0.99081
543.85	0.98934
543.9	0.98799
543.95	0.96299
544	0.9891
544.05	0.99829
544.1	0.99155
544.15	0.96263
544.2	0.95147
544.25	0.95147
544.3	0.9652
544.35	0.96017
544.4	0.93334
544.45	0.94449
544.5	0.95429
544.55	0.94571
544.6	0.92623
544.65	0.93432
544.7	0.94853
544.75	0.97892
544.8	0.9913
544.85	1.00049
544.9	1.00956
544.95	1.0163
545	1.02721
545.05	1.02598
545.1	1.02843
545.15	1.02513
545.2	1.02035
545.25	1.0163
545.3	1.0174
545.35	1.0049
545.4	1.00699
545.45	1.01863
545.5	1.02488
545.55	1.01667
545.6	0.99191
545.65	0.99057
545.7	0.98861
545.75	0.95331
545.8	0.95147
545.85	0.99351
545.9	0.9815
545.95	0.98824
546	0.97929
546.05	0.96593
546.1	0.96753
546.15	0.97402
546.2	0.97574
546.25	1.01214
546.3	1.00221
546.35	0.99927
546.4	1.00503
546.45	1.02574
546.5	1.01581
546.55	1.03579
546.6	1.05196
546.65	1.04829
546.7	1.0201
546.75	1.0087
546.8	1.00968
546.85	1.02758
546.9	1.04718
546.95	1.04118
547	1.01986
547.05	1.00613
547.1	1.02574
547.15	1.05405
547.2	1.06606
547.25	1.06361
547.3	1.05772
547.35	1.0429
547.4	1.02549
547.45	0.99841
547.5	1.01189
547.55	1.03775
547.6	1.02304
547.65	1.05368
547.7	1.05809
547.75	1.05294
547.8	1.05037
547.85	1.04461
547.9	1.03125
547.95	1.00245
548	0.99645
548.05	0.99976
548.1	0.99461
548.15	1.01336
548.2	1.01017
548.25	1.0027
548.3	1.02047
548.35	1.01165
548.4	0.97819
548.45	0.9913
548.5	0.98089
548.55	0.9701
548.6	0.97513
548.65	0.98799
548.7	1.00687
548.75	1.02464
548.8	1.03615
548.85	1.02647
548.9	1.00601
548.95	1.01054
549	1.00319
549.05	0.99988
549.1	0.96422
549.15	0.96238
549.2	0.97035
549.25	0.97464
549.3	0.97635
549.35	0.97696
549.4	0.97316
549.45	0.96422
549.5	0.96863
549.55	0.97574
549.6	0.97807
549.65	0.96128
549.7	0.95883
549.75	0.9516
549.8	0.95184
549.85	0.9451
549.9	0.94351
549.95	0.93481
550	0.94191
550.05	0.9587
550.1	0.93591
550.15	0.91826
550.2	0.92427
550.25	0.93677
550.3	0.94657
550.35	0.94106
550.4	0.95123
550.45	0.95858
550.5	0.97414
550.55	0.96385
550.6	0.9701
550.65	0.97353
550.7	0.95576
550.75	0.9462
550.8	0.97035
550.85	0.97807
550.9	0.97586
550.95	0.97304
551	0.96263
551.05	0.9516
551.1	0.9451
551.15	0.97451
551.2	1.02255
551.25	1.01079
551.3	0.98885
551.35	0.99228
551.4	1.00405
551.45	1.0141
551.5	1.01606
551.55	1.03309
551.6	1.03897
551.65	1.03665
551.7	1.04388
551.75	1.03481
551.8	1.01103
551.85	1.0304
551.9	1.05552
551.95	1.03763
552	1.02267
552.05	1.00956
552.1	1.01704
552.15	1.03897
552.2	1.0266
552.25	1.02868
552.3	1.03468
552.35	1.05368
552.4	1.03419
552.45	1.02035
552.5	1.02954
552.55	1.02292
552.6	0.99902
552.65	0.99829
552.7	1.00919
552.75	1.01937
552.8	1.02316
552.85	1.04816
552.9	1.02721
552.95	1.04302
553	1.03897
553.05	1.0266
553.1	1.03824
553.15	1.03554
553.2	1.02843
553.25	1.0114
553.3	1.02304
553.35	1.02929
553.4	1.0163
553.45	1.01581
553.5	1.03677
553.55	1.04878
553.6	1.06765
553.65	1.03223
553.7	1.01875
553.75	1.02316
553.8	1.03456
553.85	1.03615
553.9	1.03971
553.95	1.02525
554	0.99081
554.05	0.98579
554.1	1.03812
554.15	1.05392
554.2	1.06128
554.25	1.04584
554.3	1.05086
554.35	1.04939
554.4	1.02059
554.45	1.02892
554.5	1.01446
554.55	1.02194
554.6	1.03027
554.65	1.02341
554.7	1.02365
554.75	1.01753
554.8	1.01716
554.85	1.02819
554.9	1.04927
554.95	1.05932
555	1.07022
555.05	1.05687
555.1	1.05233
555.15	1.05552
555.2	1.06483
555.25	1.07733
555.3	1.09204
555.35	1.07733
555.4	1.09265
555.45	1.10356
555.5	1.10674
555.55	1.09657
555.6	1.08714
555.65	1.09694
555.7	1.0951
555.75	1.11226
555.8	1.09902
555.85	1.08407
555.9	1.10368
555.95	1.09657
556	1.08003
556.05	1.0766
556.1	1.09522
556.15	1.07696
556.2	1.03787
556.25	1.04277
556.3	1.03971
556.35	1.03591
556.4	1.04927
556.45	1.01704
556.5	0.98321
556.55	0.98444
556.6	0.98873
556.65	1.01165
556.7	1.03799
556.75	1.03285
556.8	1.03971
556.85	1.03481
556.9	1.0402
556.95	1.05638
557	1.0489
557.05	1.04915
557.1	1.04718
557.15	1.04326
557.2	1.03346
557.25	1.04535
557.3	1.06042
557.35	1.08444
557.4	1.0804
557.45	1.06385
557.5	1.04547
557.55	1.02402
557.6	1.02696
557.65	1.04032
557.7	1.06214
557.75	1.08579
557.8	1.08297
557.85	1.07231
557.9	1.06593
557.95	1.03946
558	1.04167
558.05	1.04473
558.1	1.03101
558.15	1.03346
558.2	1.04253
558.25	1.04461
558.3	1.0516
558.35	1.0538
558.4	1.05491
558.45	1.06924
558.5	1.08113
558.55	1.08787
558.6	1.09853
558.65	1.08554
558.7	1.10209
558.75	1.10981
558.8	1.09866
558.85	1.08934
558.9	1.0902
558.95	1.09976
559	1.09804
559.05	1.08995
559.1	1.09669
559.15	1.11986
559.2	1.125
559.25	1.10956
559.3	1.1027
559.35	1.09216
559.4	1.07672
559.45	1.07598
559.5	1.09253
559.55	1.08383
559.6	1.06152
559.65	1.0652
559.7	1.07133
559.75	1.06495
559.8	1.04253
559.85	1.01863
559.9	1.01875
559.95	1.00601
560	1
