520	1.34776E-6
520.05	-0.00667
520.1	-0.01387
520.15	-0.00904
520.2	-9.64158E-4
520.25	-0.00307
520.3	-0.0072
520.35	-0.00456
520.4	-0.0057
520.45	-0.00167
520.5	-0.01431
520.55	-0.01913
520.6	-0.01158
520.65	-0.02159
520.7	-0.03002
520.75	-0.02422
520.8	-0.02247
520.85	-0.02817
520.9	-0.01422
520.95	-0.01053
521	-0.01676
521.05	-0.01553
521.1	-0.02264
521.15	-0.02001
521.2	-0.01097
521.25	-0.01211
521.3	-0.01632
521.35	-0.01273
521.4	-0.00237
521.45	0.00105
521.5	0.00544
521.55	-0.00307
521.6	-0.00825
521.65	-0.00588
521.7	-0.00895
521.75	-0.00965
521.8	-0.01036
521.85	-0.0151
521.9	-0.01492
521.95	-0.00474
522	-0.00395
522.05	0.00105
522.1	0.00123
522.15	0.00132
522.2	-0.00228
522.25	-0.00395
522.3	-0.00202
522.35	-0.00272
522.4	-0.00404
522.45	-0.01343
522.5	-0.01273
522.55	-0.0179
522.6	-0.01589
522.65	-0.01106
522.7	-0.00842
522.75	0.00562
522.8	0.00808
522.85	-0.00395
522.9	-0.01387
522.95	-0.01527
523	-0.01176
523.05	-0.01474
523.1	-0.01439
523.15	-0.023
523.2	-0.01869
523.25	-0.00878
523.3	-0.0029
523.35	-0.01009
523.4	-0.02221
523.45	-0.02782
523.5	-0.02308
523.55	-0.02133
523.6	-0.02747
523.65	-0.02133
523.7	-0.0151
523.75	-0.01738
523.8	-0.01694
523.85	-0.02089
523.9	-0.00983
523.95	-0.01053
524	-0.01185
524.05	-0.01053
524.1	-0.01167
524.15	-0.00658
524.2	-1.74199E-4
524.25	-0.00281
524.3	-0.01062
524.35	-0.00851
524.4	-0.00781
524.45	-0.00377
524.5	-0.00211
524.55	-0.00825
524.6	-0.01018
524.65	-0.01009
524.7	-0.01843
524.75	-0.01404
524.8	-0.01044
524.85	-0.01088
524.9	-0.01352
524.95	-0.01246
525	-0.01369
525.05	-0.01202
525.1	-0.00167
525.15	0.00132
525.2	-0.00711
525.25	-0.01308
525.3	-0.0172
525.35	-0.00702
525.4	-0.00807
525.45	-0.01624
525.5	-0.02247
525.55	-0.01053
525.6	4.40214E-4
525.65	0.00597
525.7	-0.00184
525.75	-0.00465
525.8	-0.01984
525.85	-0.01264
525.9	-0.00597
525.95	-0.00527
526	-0.00851
526.05	0.00386
526.1	0.00562
526.15	-0.00597
526.2	-0.00763
526.25	-0.00404
526.3	-0.00386
526.35	-0.00483
526.4	-0.00869
526.45	-0.01194
526.5	-0.01474
526.55	-0.00842
526.6	-0.01422
526.65	-0.0086
526.7	-0.0086
526.75	-0.01115
526.8	-0.01194
526.85	-0.01123
526.9	-0.00825
526.95	3.52441E-4
527	0.0101
527.05	0.01413
527.1	0.00808
527.15	0.00711
527.2	0.00773
527.25	-0.00641
527.3	-0.01457
527.35	-0.01044
527.4	-0.00369
527.45	-0.00483
527.5	-0.00491
527.55	9.66853E-4
527.6	0.00755
527.65	8.9121E-5
527.7	-6.13065E-4
527.75	-0.00553
527.8	-0.005
527.85	-0.00553
527.9	-0.00456
527.95	-0.00579
528	-0.00421
528.05	-0.00579
528.1	7.03533E-4
528.15	0.00843
528.2	0.00676
528.25	0.00123
528.3	-5.25292E-4
528.35	-0.00184
528.4	-0.00483
528.45	0.00378
528.5	0.00729
528.55	0.00325
528.6	7.03533E-4
528.65	-8.64255E-5
528.7	-0.005
528.75	-0.00114
528.8	0.00474
528.85	0.00606
528.9	0.01062
528.95	0.00421
529	-0.00465
529.05	-0.0014
529.1	0.00167
529.15	0.0043
529.2	0.00667
529.25	0.00193
529.3	-0.00386
529.35	-0.00412
529.4	0.00904
529.45	0.00694
529.5	0.0065
529.55	-0.00386
529.6	-0.00474
529.65	-0.0029
529.7	-0.00298
529.75	-0.00246
529.8	-0.00693
529.85	-0.005
529.9	-0.00518
529.95	-0.01071
530	-0.00878
530.05	-0.01589
530.1	-0.01431
530.15	-0.01553
530.2	-0.01984
530.25	-0.01308
530.3	-0.00799
530.35	-0.00395
530.4	-0.00132
530.45	-0.00948
530.5	-0.00904
530.55	8.9121E-5
530.6	0.00562
530.65	0.00237
530.7	6.1576E-4
530.75	0.00202
530.8	-0.00649
530.85	-0.00948
530.9	-0.01325
530.95	-0.00983
531	0.00597
531.05	0.0022
531.1	-0.0036
531.15	0.01053
531.2	0.02282
531.25	0.02142
531.3	0.01835
531.35	0.00948
531.4	0.00474
531.45	9.66853E-4
531.5	0.00579
531.55	0.02625
531.6	0.02589
531.65	0.02493
531.7	0.02844
531.75	0.02914
531.8	0.02826
531.85	0.0208
531.9	0.02695
531.95	0.04143
532	0.0388
532.05	0.02405
532.1	0.02449
532.15	0.02704
532.2	0.02826
532.25	0.03397
532.3	0.03485
532.35	0.04319
532.4	0.03871
532.45	0.0445
532.5	0.04064
532.55	0.04152
532.6	0.04836
532.65	0.05583
532.7	0.05705
532.75	0.05381
532.8	0.06021
532.85	0.051
532.9	0.05618
532.95	0.06592
533	0.06925
533.05	0.07435
533.1	0.07083
533.15	0.0704
533.2	0.07233
533.25	0.07996
533.3	0.10138
533.35	0.11112
533.4	0.11964
533.45	0.13824
533.5	0.1572
533.55	0.16896
533.6	0.18529
533.65	0.22251
533.7	0.24401
533.75	0.26165
533.8	0.30264
533.85	0.33977
533.9	0.38225
533.95	0.43483
534	0.49443
534.05	0.53068
534.1	0.58422
534.15	0.62679
534.2	0.67603
534.25	0.73133
534.3	0.76486
534.35	0.79373
534.4	0.82911
534.45	0.85245
534.5	0.85939
534.55	0.86931
534.6	0.88089
534.65	0.89222
534.7	0.89362
534.75	0.89353
534.8	0.90161
534.85	0.90143
534.9	0.90099
534.95	0.90881
535	0.90292
535.05	0.8895
535.1	0.8801
535.15	0.87431
535.2	0.85913
535.25	0.84929
535.3	0.84008
535.35	0.82691
535.4	0.82033
535.45	0.82086
535.5	0.81173
535.55	0.80471
535.6	0.81673
535.65	0.82823
535.7	0.82919
535.75	0.83341
535.8	0.83034
535.85	0.84183
535.9	0.85509
535.95	0.8593
536	0.85518
536.05	0.86
536.1	0.86123
536.15	0.85079
536.2	0.84903
536.25	0.84965
536.3	0.84236
536.35	0.82911
536.4	0.8414
536.45	0.83929
536.5	0.83938
536.55	0.83543
536.6	0.84061
536.65	0.84947
536.7	0.83955
536.75	0.81708
536.8	0.81419
536.85	0.81252
536.9	0.81524
536.95	0.82463
537	0.81541
537.05	0.81006
537.1	0.804
537.15	0.81138
537.2	0.80892
537.25	0.80716
537.3	0.80962
537.35	0.81691
537.4	0.81857
537.45	0.81129
537.5	0.81138
537.55	0.79856
537.6	0.79777
537.65	0.80927
537.7	0.81761
537.75	0.81849
537.8	0.81875
537.85	0.81831
537.9	0.80936
537.95	0.81278
538	0.82033
538.05	0.827
538.1	0.827
538.15	0.82437
538.2	0.82639
538.25	0.83025
538.3	0.83051
538.35	0.83227
538.4	0.8284
538.45	0.82384
538.5	0.83666
538.55	0.84447
538.6	0.84245
538.65	0.84429
538.7	0.84315
538.75	0.83964
538.8	0.84657
538.85	0.84763
538.9	0.84745
538.95	0.85886
539	0.85956
539.05	0.85254
539.1	0.85649
539.15	0.86782
539.2	0.86132
539.25	0.85886
539.3	0.86904
539.35	0.87914
539.4	0.87984
539.45	0.8902
539.5	0.88598
539.55	0.8844
539.6	0.88203
539.65	0.89836
539.7	0.90547
539.75	0.90284
539.8	0.8959
539.85	0.89546
539.9	0.89072
539.95	0.88756
540	0.89836
540.05	0.91565
540.1	0.91609
540.15	0.92399
540.2	0.92697
540.25	0.93101
540.3	0.9347
540.35	0.93338
540.4	0.94111
540.45	0.94427
540.5	0.94523
540.55	0.94216
540.6	0.94479
540.65	0.94391
540.7	0.94181
540.75	0.9483
540.8	0.96217
540.85	0.96296
540.9	0.95805
540.95	0.96489
541	0.95576
541.05	0.94058
541.1	0.96498
541.15	0.97069
541.2	0.96796
541.25	0.96586
541.3	0.96603
541.35	0.96788
541.4	0.97332
541.45	0.9756
541.5	0.96717
541.55	0.9821
541.6	0.98938
541.65	0.99412
541.7	0.99061
541.75	0.98982
541.8	0.98376
541.85	0.98499
541.9	0.98552
541.95	0.99131
542	0.98763
542.05	0.98403
542.1	0.97613
542.15	0.9821
542.2	0.98578
542.25	0.9871
542.3	0.99052
542.35	0.98956
542.4	0.99105
542.45	0.99
542.5	0.98956
542.55	0.99702
542.6	1.00105
542.65	1.00272
542.7	1.00939
542.75	1.01756
542.8	1.00702
542.85	0.99324
542.9	0.9914
542.95	1.00413
543	1.00904
543.05	1.00913
543.1	1.00711
543.15	1.00492
543.2	1.00571
543.25	1.00685
543.3	0.99649
543.35	0.97209
543.4	0.97622
543.45	0.99509
543.5	1.00597
543.55	1.00527
543.6	0.99851
543.65	0.99368
543.7	0.99868
543.75	0.99798
543.8	1.00237
543.85	1.00658
543.9	0.9957
543.95	0.99561
544	1.0007
544.05	1.00307
544.1	1.00351
544.15	1.00492
544.2	0.99351
544.25	0.99008
544.3	0.98631
544.35	0.98052
544.4	0.97797
544.45	0.99
544.5	1.00237
544.55	1.0086
544.6	1.00378
544.65	0.99166
544.7	0.98815
544.75	0.98877
544.8	0.98824
544.85	0.9885
544.9	0.98183
544.95	0.98666
545	0.98552
545.05	0.97525
545.1	0.97648
545.15	0.98315
545.2	0.98648
545.25	0.98192
545.3	0.97148
545.35	0.97779
545.4	0.97867
545.45	0.97472
545.5	0.97174
545.55	0.96937
545.6	0.96902
545.65	0.97244
545.7	0.97209
545.75	0.97665
545.8	0.97867
545.85	0.97446
545.9	0.97139
545.95	0.96559
546	0.96744
546.05	0.97227
546.1	0.97709
546.15	0.97551
546.2	0.97779
546.25	0.97437
546.3	0.94988
546.35	0.94944
546.4	0.9548
546.45	0.95611
546.5	0.95576
546.55	0.9648
546.6	0.96208
546.65	0.96156
546.7	0.96972
546.75	0.9648
546.8	0.96331
546.85	0.95822
546.9	0.9591
546.95	0.96006
547	0.95524
547.05	0.95445
547.1	0.95664
547.15	0.94962
547.2	0.95023
547.25	0.94962
547.3	0.94514
547.35	0.95094
547.4	0.95146
547.45	0.94655
547.5	0.94839
547.55	0.94409
547.6	0.94014
547.65	0.9361
547.7	0.93461
547.75	0.94514
547.8	0.94883
547.85	0.93707
547.9	0.9433
547.95	0.9526
548	0.94295
548.05	0.94348
548.1	0.94751
548.15	0.94962
548.2	0.95234
548.25	0.95375
548.3	0.95989
548.35	0.96498
548.4	0.9648
548.45	0.95515
548.5	0.95752
548.55	0.95787
548.6	0.96094
548.65	0.95515
548.7	0.95383
548.75	0.94769
548.8	0.94356
548.85	0.94813
548.9	0.94909
548.95	0.95023
549	0.95489
549.05	0.96103
549.1	0.96559
549.15	0.96542
549.2	0.96322
549.25	0.94883
549.3	0.9469
549.35	0.94883
549.4	0.94857
549.45	0.94137
549.5	0.93698
549.55	0.94295
549.6	0.94523
549.65	0.95217
549.7	0.95155
549.75	0.94769
549.8	0.9447
549.85	0.95173
549.9	0.96015
549.95	0.96656
550	0.96366
550.05	0.96138
550.1	0.95603
550.15	0.94339
550.2	0.95813
550.25	0.95304
550.3	0.95296
550.35	0.95357
550.4	0.94716
550.45	0.94628
550.5	0.94804
550.55	0.94725
550.6	0.95322
550.65	0.95445
550.7	0.95778
550.75	0.96682
550.8	0.97779
550.85	0.97086
550.9	0.94988
550.95	0.94822
551	0.95067
551.05	0.9591
551.1	0.97235
551.15	0.97437
551.2	0.97323
551.25	0.96121
551.3	0.96419
551.35	0.9713
551.4	0.96595
551.45	0.95524
551.5	0.95831
551.55	0.96296
551.6	0.96235
551.65	0.95971
551.7	0.9605
551.75	0.96603
551.8	0.9706
551.85	0.97411
551.9	0.97516
551.95	0.97209
552	0.97437
552.05	0.97033
552.1	0.97753
552.15	0.97306
552.2	0.96805
552.25	0.97209
552.3	0.97139
552.35	0.96366
552.4	0.96779
552.45	0.97595
552.5	0.97771
552.55	0.97516
552.6	0.97516
552.65	0.97323
552.7	0.9684
552.75	0.98034
552.8	0.98131
552.85	0.97779
552.9	0.98087
552.95	0.98842
553	0.99781
553.05	0.99061
553.1	0.98183
553.15	0.98394
553.2	0.98297
553.25	0.98016
553.3	0.98455
553.35	0.98297
553.4	0.9828
553.45	0.98087
553.5	0.97929
553.55	0.98534
553.6	0.9821
553.65	0.98122
553.7	0.98692
553.75	0.98482
553.8	0.98482
553.85	0.98473
553.9	0.99035
553.95	0.98754
554	0.98306
554.05	0.9749
554.1	0.97674
554.15	0.97937
554.2	0.98526
554.25	0.98368
554.3	0.97823
554.35	0.97823
554.4	0.98666
554.45	0.98824
554.5	0.99035
554.55	0.98613
554.6	0.98376
554.65	0.98271
554.7	0.9799
554.75	0.98113
554.8	0.99456
554.85	0.99324
554.9	0.98956
554.95	0.98956
555	0.99201
555.05	0.98991
555.1	0.98868
555.15	0.99219
555.2	1.00114
555.25	1
555.3	0.99535
555.35	0.98938
555.4	0.9885
555.45	0.99693
555.5	1.00202
555.55	0.99772
555.6	0.9885
555.65	0.98842
555.7	0.99456
555.75	0.9921
555.8	0.99184
555.85	0.99289
555.9	0.99632
555.95	0.99026
556	0.98921
556.05	0.99851
556.1	1.00088
556.15	0.99772
556.2	0.99316
556.25	0.99693
556.3	0.99465
556.35	0.99561
556.4	1.00702
556.45	1.00474
556.5	0.99175
556.55	0.98701
556.6	0.99359
556.65	0.99596
556.7	0.98701
556.75	0.98929
556.8	0.99474
556.85	1.00035
556.9	1.00536
556.95	1.00246
557	0.9907
557.05	0.99166
557.1	0.99201
557.15	0.99351
557.2	0.99526
557.25	1.00184
557.3	1.00334
557.35	1.00184
557.4	0.99965
557.45	0.99781
557.5	0.99956
557.55	1.00887
557.6	1.00808
557.65	1.00974
557.7	1.00334
557.75	1.0029
557.8	0.99851
557.85	1.00395
557.9	1.00957
557.95	0.99526
558	0.98815
558.05	0.99149
558.1	0.99868
558.15	1.00544
558.2	1.01729
558.25	1.00544
558.3	1.00123
558.35	0.9914
558.4	0.99544
558.45	0.99983
558.5	1.00509
558.55	1.01501
558.6	1.00957
558.65	1.00939
558.7	1.01677
558.75	1.01413
558.8	1.00895
558.85	1.01422
558.9	1.00667
558.95	0.9928
559	0.99947
559.05	1.0036
559.1	1.00571
559.15	1.00378
559.2	1.00439
559.25	1.00167
559.3	1.00316
559.35	1.01018
559.4	1.00966
559.45	1.00088
559.5	0.98991
559.55	0.99588
559.6	0.99877
559.65	0.99553
559.7	0.99763
559.75	0.99377
559.8	0.99263
559.85	0.98991
559.9	1.00062
559.95	1.00088
560	1
