-2.00000000e+01 1.76565617e-07
-1.99500000e+01 1.77405107e-07
-1.99000000e+01 1.78250680e-07
-1.98500000e+01 1.79102390e-07
-1.98000000e+01 1.79960310e-07
-1.97500000e+01 1.80824503e-07
-1.97000000e+01 1.81695027e-07
-1.96500000e+01 1.82571930e-07
-1.96000000e+01 1.83455303e-07
-1.95500000e+01 1.84345180e-07
-1.95000000e+01 1.85241657e-07
-1.94500000e+01 1.86144780e-07
-1.94000000e+01 1.87054627e-07
-1.93500000e+01 1.87971243e-07
-1.93000000e+01 1.88894727e-07
-1.92500000e+01 1.89825137e-07
-1.92000000e+01 1.90762527e-07
-1.91500000e+01 1.91706993e-07
-1.91000000e+01 1.92658597e-07
-1.90500000e+01 1.93617407e-07
-1.90000000e+01 1.94583500e-07
-1.89500000e+01 1.95556953e-07
-1.89000000e+01 1.96537850e-07
-1.88500000e+01 1.97526240e-07
-1.88000000e+01 1.98522243e-07
-1.87500000e+01 1.99525903e-07
-1.87000000e+01 2.00537320e-07
-1.86500000e+01 2.01556553e-07
-1.86000000e+01 2.02583713e-07
-1.85500000e+01 2.03618870e-07
-1.85000000e+01 2.04662090e-07
-1.84500000e+01 2.05713493e-07
-1.84000000e+01 2.06773147e-07
-1.83500000e+01 2.07841143e-07
-1.83000000e+01 2.08917553e-07
-1.82500000e+01 2.10002497e-07
-1.82000000e+01 2.11096053e-07
-1.81500000e+01 2.12198300e-07
-1.81000000e+01 2.13309357e-07
-1.80500000e+01 2.14429293e-07
-1.80000000e+01 2.15558233e-07
-1.79500000e+01 2.16696263e-07
-1.79000000e+01 2.17843477e-07
-1.78500000e+01 2.18999980e-07
-1.78000000e+01 2.20165860e-07
-1.77500000e+01 2.21341250e-07
-1.77000000e+01 2.22526217e-07
-1.76500000e+01 2.23720910e-07
-1.76000000e+01 2.24925407e-07
-1.75500000e+01 2.26139830e-07
-1.75000000e+01 2.27364273e-07
-1.74500000e+01 2.28598877e-07
-1.74000000e+01 2.29843740e-07
-1.73500000e+01 2.31098960e-07
-1.73000000e+01 2.32364693e-07
-1.72500000e+01 2.33641033e-07
-1.72000000e+01 2.34928107e-07
-1.71500000e+01 2.36226027e-07
-1.71000000e+01 2.37534937e-07
-1.70500000e+01 2.38854957e-07
-1.70000000e+01 2.40186190e-07
-1.69500000e+01 2.41528810e-07
-1.69000000e+01 2.42882917e-07
-1.68500000e+01 2.44248660e-07
-1.68000000e+01 2.45626150e-07
-1.67500000e+01 2.47015563e-07
-1.67000000e+01 2.48417020e-07
-1.66500000e+01 2.49830643e-07
-1.66000000e+01 2.51256613e-07
-1.65500000e+01 2.52695057e-07
-1.65000000e+01 2.54146117e-07
-1.64500000e+01 2.55609957e-07
-1.64000000e+01 2.57086727e-07
-1.63500000e+01 2.58576590e-07
-1.63000000e+01 2.60079660e-07
-1.62500000e+01 2.61596163e-07
-1.62000000e+01 2.63126200e-07
-1.61500000e+01 2.64669997e-07
-1.61000000e+01 2.66227680e-07
-1.60500000e+01 2.67799427e-07
-1.60000000e+01 2.69385410e-07
-1.59500000e+01 2.70985813e-07
-1.59000000e+01 2.72600823e-07
-1.58500000e+01 2.74230573e-07
-1.58000000e+01 2.75875317e-07
-1.57500000e+01 2.77535197e-07
-1.57000000e+01 2.79210410e-07
-1.56500000e+01 2.80901140e-07
-1.56000000e+01 2.82607617e-07
-1.55500000e+01 2.84330020e-07
-1.55000000e+01 2.86068517e-07
-1.54500000e+01 2.87823383e-07
-1.54000000e+01 2.89594780e-07
-1.53500000e+01 2.91382930e-07
-1.53000000e+01 2.93188040e-07
-1.52500000e+01 2.95010357e-07
-1.52000000e+01 2.96850087e-07
-1.51500000e+01 2.98707437e-07
-1.51000000e+01 3.00582683e-07
-1.50500000e+01 3.02476023e-07
-1.50000000e+01 3.04387720e-07
-1.49500000e+01 3.06317977e-07
-1.49000000e+01 3.08267090e-07
-1.48500000e+01 3.10235293e-07
-1.48000000e+01 3.12222807e-07
-1.47500000e+01 3.14229947e-07
-1.47000000e+01 3.16256917e-07
-1.46500000e+01 3.18304053e-07
-1.46000000e+01 3.20371583e-07
-1.45500000e+01 3.22459800e-07
-1.45000000e+01 3.24568960e-07
-1.44500000e+01 3.26699393e-07
-1.44000000e+01 3.28851377e-07
-1.43500000e+01 3.31025170e-07
-1.43000000e+01 3.33221143e-07
-1.42500000e+01 3.35439557e-07
-1.42000000e+01 3.37680740e-07
-1.41500000e+01 3.39944997e-07
-1.41000000e+01 3.42232683e-07
-1.40500000e+01 3.44544123e-07
-1.40000000e+01 3.46879603e-07
-1.39500000e+01 3.49239550e-07
-1.39000000e+01 3.51624250e-07
-1.38500000e+01 3.54034087e-07
-1.38000000e+01 3.56469393e-07
-1.37500000e+01 3.58930583e-07
-1.37000000e+01 3.61418020e-07
-1.36500000e+01 3.63932033e-07
-1.36000000e+01 3.66473100e-07
-1.35500000e+01 3.69041557e-07
-1.35000000e+01 3.71637830e-07
-1.34500000e+01 3.74262303e-07
-1.34000000e+01 3.76915450e-07
-1.33500000e+01 3.79597683e-07
-1.33000000e+01 3.82309377e-07
-1.32500000e+01 3.85051070e-07
-1.32000000e+01 3.87823157e-07
-1.31500000e+01 3.90626103e-07
-1.31000000e+01 3.93460403e-07
-1.30500000e+01 3.96326533e-07
-1.30000000e+01 3.99224993e-07
-1.29500000e+01 4.02156217e-07
-1.29000000e+01 4.05120813e-07
-1.28500000e+01 4.08119200e-07
-1.28000000e+01 4.11152013e-07
-1.27500000e+01 4.14219727e-07
-1.27000000e+01 4.17322913e-07
-1.26500000e+01 4.20462100e-07
-1.26000000e+01 4.23637927e-07
-1.25500000e+01 4.26850957e-07
-1.25000000e+01 4.30101717e-07
-1.24500000e+01 4.33390943e-07
-1.24000000e+01 4.36719170e-07
-1.23500000e+01 4.40087070e-07
-1.23000000e+01 4.43495247e-07
-1.22500000e+01 4.46944440e-07
-1.22000000e+01 4.50435297e-07
-1.21500000e+01 4.53968443e-07
-1.21000000e+01 4.57544680e-07
-1.20500000e+01 4.61164737e-07
-1.20000000e+01 4.64829250e-07
-1.19500000e+01 4.68539050e-07
-1.19000000e+01 4.72294870e-07
-1.18500000e+01 4.76097533e-07
-1.18000000e+01 4.79947813e-07
-1.17500000e+01 4.83846563e-07
-1.17000000e+01 4.87794653e-07
-1.16500000e+01 4.91792840e-07
-1.16000000e+01 4.95842070e-07
-1.15500000e+01 4.99943220e-07
-1.15000000e+01 5.04097237e-07
-1.14500000e+01 5.08305030e-07
-1.14000000e+01 5.12567593e-07
-1.13500000e+01 5.16885900e-07
-1.13000000e+01 5.21260953e-07
-1.12500000e+01 5.25693787e-07
-1.12000000e+01 5.30185447e-07
-1.11500000e+01 5.34737013e-07
-1.11000000e+01 5.39349600e-07
-1.10500000e+01 5.44024303e-07
-1.10000000e+01 5.48762343e-07
-1.09500000e+01 5.53564877e-07
-1.09000000e+01 5.58433120e-07
-1.08500000e+01 5.63368310e-07
-1.08000000e+01 5.68371707e-07
-1.07500000e+01 5.73444690e-07
-1.07000000e+01 5.78588493e-07
-1.06500000e+01 5.83804573e-07
-1.06000000e+01 5.89094280e-07
-1.05500000e+01 5.94459157e-07
-1.05000000e+01 5.99900570e-07
-1.04500000e+01 6.05420047e-07
-1.04000000e+01 6.11019243e-07
-1.03500000e+01 6.16699620e-07
-1.03000000e+01 6.22462920e-07
-1.02500000e+01 6.28310770e-07
-1.02000000e+01 6.34244950e-07
-1.01500000e+01 6.40267163e-07
-1.01000000e+01 6.46379253e-07
-1.00500000e+01 6.52583093e-07
-1.00000000e+01 6.58880640e-07
-9.95000000e+00 6.65273810e-07
-9.90000000e+00 6.71764617e-07
-9.85000000e+00 6.78355167e-07
-9.80000000e+00 6.85047640e-07
-9.75000000e+00 6.91844147e-07
-9.70000000e+00 6.98746977e-07
-9.65000000e+00 7.05758510e-07
-9.60000000e+00 7.12881067e-07
-9.55000000e+00 7.20117103e-07
-9.50000000e+00 7.27469167e-07
-9.45000000e+00 7.34939910e-07
-9.40000000e+00 7.42531913e-07
-9.35000000e+00 7.50247973e-07
-9.30000000e+00 7.58090963e-07
-9.25000000e+00 7.66063770e-07
-9.20000000e+00 7.74169437e-07
-9.15000000e+00 7.82410990e-07
-9.10000000e+00 7.90791763e-07
-9.05000000e+00 7.99314893e-07
-9.00000000e+00 8.07983830e-07
-8.95000000e+00 8.16802120e-07
-8.90000000e+00 8.25773423e-07
-8.85000000e+00 8.34901370e-07
-8.80000000e+00 8.44189813e-07
-8.75000000e+00 8.53642740e-07
-8.70000000e+00 8.63264363e-07
-8.65000000e+00 8.73058737e-07
-8.60000000e+00 8.83030310e-07
-8.55000000e+00 8.93183613e-07
-8.50000000e+00 9.03523400e-07
-8.45000000e+00 9.14054387e-07
-8.40000000e+00 9.24781563e-07
-8.35000000e+00 9.35710240e-07
-8.30000000e+00 9.46845573e-07
-8.25000000e+00 9.58193197e-07
-8.20000000e+00 9.69758813e-07
-8.15000000e+00 9.81548437e-07
-8.10000000e+00 9.93568130e-07
-8.05000000e+00 1.00582424e-06
-8.00000000e+00 1.01832340e-06
-7.95000000e+00 1.03107261e-06
-7.90000000e+00 1.04407870e-06
-7.85000000e+00 1.05734921e-06
-7.80000000e+00 1.07089177e-06
-7.75000000e+00 1.08471423e-06
-7.70000000e+00 1.09882498e-06
-7.65000000e+00 1.11323247e-06
-7.60000000e+00 1.12794578e-06
-7.55000000e+00 1.14297397e-06
-7.50000000e+00 1.15832674e-06
-7.45000000e+00 1.17401409e-06
-7.40000000e+00 1.19004666e-06
-7.35000000e+00 1.20643512e-06
-7.30000000e+00 1.22319081e-06
-7.25000000e+00 1.24032565e-06
-7.20000000e+00 1.25785199e-06
-7.15000000e+00 1.27578248e-06
-7.10000000e+00 1.29413066e-06
-7.05000000e+00 1.31291065e-06
-7.00000000e+00 1.33213694e-06
-6.95000000e+00 1.35182481e-06
-6.90000000e+00 1.37199038e-06
-6.85000000e+00 1.39265048e-06
-6.80000000e+00 1.41382238e-06
-6.75000000e+00 1.43552460e-06
-6.70000000e+00 1.45777638e-06
-6.65000000e+00 1.48059798e-06
-6.60000000e+00 1.50401057e-06
-6.55000000e+00 1.52803625e-06
-6.50000000e+00 1.55269860e-06
-6.45000000e+00 1.57802223e-06
-6.40000000e+00 1.60403278e-06
-6.35000000e+00 1.63075750e-06
-6.30000000e+00 1.65822523e-06
-6.25000000e+00 1.68646607e-06
-6.20000000e+00 1.71551183e-06
-6.15000000e+00 1.74539630e-06
-6.10000000e+00 1.77615530e-06
-6.05000000e+00 1.80782583e-06
-6.00000000e+00 1.84044803e-06
-5.95000000e+00 1.87406400e-06
-5.90000000e+00 1.90871847e-06
-5.85000000e+00 1.94445873e-06
-5.80000000e+00 1.98133510e-06
-5.75000000e+00 2.01940113e-06
-5.70000000e+00 2.05871390e-06
-5.65000000e+00 2.09933350e-06
-5.60000000e+00 2.14132477e-06
-5.55000000e+00 2.18475680e-06
-5.50000000e+00 2.22970307e-06
-5.45000000e+00 2.27624220e-06
-5.40000000e+00 2.32445870e-06
-5.35000000e+00 2.37444317e-06
-5.30000000e+00 2.42629210e-06
-5.25000000e+00 2.48011013e-06
-5.20000000e+00 2.53600913e-06
-5.15000000e+00 2.59411030e-06
-5.10000000e+00 2.65454380e-06
-5.05000000e+00 2.71745067e-06
-5.00000000e+00 2.78298337e-06
-4.95000000e+00 2.85130690e-06
-4.90000000e+00 2.92260113e-06
-4.85000000e+00 2.99706057e-06
-4.80000000e+00 3.07489807e-06
-4.75000000e+00 3.15634507e-06
-4.70000000e+00 3.24165503e-06
-4.65000000e+00 3.33110480e-06
-4.60000000e+00 3.42499907e-06
-4.55000000e+00 3.52367183e-06
-4.50000000e+00 3.62749177e-06
-4.45000000e+00 3.73686457e-06
-4.40000000e+00 3.85223997e-06
-4.35000000e+00 3.97411700e-06
-4.30000000e+00 4.10304767e-06
-4.25000000e+00 4.23964947e-06
-4.20000000e+00 4.38460963e-06
-4.15000000e+00 4.53869837e-06
-4.10000000e+00 4.70277770e-06
-4.05000000e+00 4.87781847e-06
-4.00000000e+00 5.06491467e-06
-3.95000000e+00 5.26530243e-06
-3.90000000e+00 5.48038037e-06
-3.85000000e+00 5.71173717e-06
-3.80000000e+00 5.96118237e-06
-3.75000000e+00 6.23077773e-06
-3.70000000e+00 6.52287860e-06
-3.65000000e+00 6.84018290e-06
-3.60000000e+00 7.18578283e-06
-3.55000000e+00 7.56322087e-06
-3.50000000e+00 7.97656547e-06
-3.45000000e+00 8.43047247e-06
-3.40000000e+00 8.93026583e-06
-3.35000000e+00 9.48199960e-06
-3.30000000e+00 1.00925146e-05
-3.25000000e+00 1.07694516e-05
-3.20000000e+00 1.15212012e-05
-3.15000000e+00 1.23567258e-05
-3.10000000e+00 1.32852011e-05
-3.05000000e+00 1.43153711e-05
-3.00000000e+00 1.54544067e-05
-2.95000000e+00 1.67062253e-05
-2.90000000e+00 1.80689483e-05
-2.85000000e+00 1.95315434e-05
-2.80000000e+00 2.10697305e-05
-2.75000000e+00 2.26419556e-05
-2.70000000e+00 2.41867511e-05
-2.65000000e+00 2.56238789e-05
-2.60000000e+00 2.68614808e-05
-2.55000000e+00 2.78103036e-05
-2.50000000e+00 2.84025468e-05
-2.45000000e+00 2.86092732e-05
-2.40000000e+00 2.84489399e-05
-2.35000000e+00 2.79830513e-05
-2.30000000e+00 2.73010237e-05
-2.25000000e+00 2.65010051e-05
-2.20000000e+00 2.56738008e-05
-2.15000000e+00 2.48934319e-05
-2.10000000e+00 2.42142883e-05
-2.05000000e+00 2.36728461e-05
-2.00000000e+00 2.32914836e-05
-1.95000000e+00 2.30825925e-05
-1.90000000e+00 2.30521185e-05
-1.85000000e+00 2.32021120e-05
-1.80000000e+00 2.35322860e-05
-1.75000000e+00 2.40406663e-05
-1.70000000e+00 2.47235773e-05
-1.65000000e+00 2.55751550e-05
-1.60000000e+00 2.65867450e-05
-1.55000000e+00 2.77467227e-05
-1.50000000e+00 2.90411803e-05
-1.45000000e+00 3.04558100e-05
-1.40000000e+00 3.19785523e-05
-1.35000000e+00 3.36017877e-05
-1.30000000e+00 3.53224277e-05
-1.25000000e+00 3.71390200e-05
-1.20000000e+00 3.90467027e-05
-1.15000000e+00 4.10325133e-05
-1.10000000e+00 4.30741553e-05
-1.05000000e+00 4.51439700e-05
-1.00000000e+00 4.72172210e-05
-9.50000000e-01 4.92808280e-05
-9.00000000e-01 5.13372900e-05
-8.50000000e-01 5.34006553e-05
-8.00000000e-01 5.54855770e-05
-7.50000000e-01 5.75946990e-05
-7.00000000e-01 5.97103237e-05
-6.50000000e-01 6.17943863e-05
-6.00000000e-01 6.37963993e-05
-5.50000000e-01 6.56666047e-05
-5.00000000e-01 6.73698670e-05
-4.50000000e-01 6.88968567e-05
-4.00000000e-01 7.02685983e-05
-3.50000000e-01 7.15317747e-05
-3.00000000e-01 7.27440023e-05
-2.50000000e-01 7.39531473e-05
-2.00000000e-01 7.51782133e-05
-1.50000000e-01 7.64000563e-05
-1.00000000e-01 7.75664337e-05
-5.00000000e-02 7.86095163e-05
0.00000000e+00 7.94680030e-05
5.00000000e-02 8.01031220e-05
1.00000000e-01 8.05016640e-05
1.50000000e-01 8.06672763e-05
2.00000000e-01 8.06087550e-05
2.50000000e-01 8.03339893e-05
3.00000000e-01 7.98520977e-05
3.50000000e-01 7.91793797e-05
4.00000000e-01 7.83425797e-05
4.50000000e-01 7.73771103e-05
5.00000000e-01 7.63218393e-05
5.50000000e-01 7.52141450e-05
6.00000000e-01 7.40866963e-05
6.50000000e-01 7.29654167e-05
7.00000000e-01 7.18673293e-05
7.50000000e-01 7.07983020e-05
8.00000000e-01 6.97523680e-05
8.50000000e-01 6.87142537e-05
9.00000000e-01 6.76657773e-05
9.50000000e-01 6.65945733e-05
1.00000000e+00 6.55020717e-05
1.05000000e+00 6.44070993e-05
1.10000000e+00 6.33437370e-05
1.15000000e+00 6.23549790e-05
1.20000000e+00 6.14854397e-05
1.25000000e+00 6.07754113e-05
1.30000000e+00 6.02567907e-05
1.35000000e+00 5.99499063e-05
1.40000000e+00 5.98601747e-05
1.45000000e+00 5.99744250e-05
1.50000000e+00 6.02579587e-05
1.55000000e+00 6.06544117e-05
1.60000000e+00 6.10900537e-05
1.65000000e+00 6.14832667e-05
1.70000000e+00 6.17579153e-05
1.75000000e+00 6.18571977e-05
1.80000000e+00 6.17535087e-05
1.85000000e+00 6.14510830e-05
1.90000000e+00 6.09812680e-05
1.95000000e+00 6.03930393e-05
2.00000000e+00 5.97419610e-05
2.05000000e+00 5.90799030e-05
2.10000000e+00 5.84471477e-05
2.15000000e+00 5.78679973e-05
2.20000000e+00 5.73506063e-05
2.25000000e+00 5.68905160e-05
2.30000000e+00 5.64763123e-05
2.35000000e+00 5.60952800e-05
2.40000000e+00 5.57372560e-05
2.45000000e+00 5.53959787e-05
2.50000000e+00 5.50680880e-05
2.55000000e+00 5.47507950e-05
2.60000000e+00 5.44394660e-05
2.65000000e+00 5.41263703e-05
2.70000000e+00 5.38007743e-05
2.75000000e+00 5.34498697e-05
2.80000000e+00 5.30596640e-05
2.85000000e+00 5.26158483e-05
2.90000000e+00 5.21052973e-05
2.95000000e+00 5.15184210e-05
3.00000000e+00 5.08514410e-05
3.05000000e+00 5.01069943e-05
3.10000000e+00 4.92925250e-05
3.15000000e+00 4.84176347e-05
3.20000000e+00 4.74925380e-05
3.25000000e+00 4.65288147e-05
3.30000000e+00 4.55417393e-05
3.35000000e+00 4.45520260e-05
3.40000000e+00 4.35853350e-05
3.45000000e+00 4.26694343e-05
3.50000000e+00 4.18302993e-05
3.55000000e+00 4.10884170e-05
3.60000000e+00 4.04558860e-05
3.65000000e+00 3.99342210e-05
3.70000000e+00 3.95130393e-05
3.75000000e+00 3.91702633e-05
3.80000000e+00 3.88746640e-05
3.85000000e+00 3.85908853e-05
3.90000000e+00 3.82859363e-05
3.95000000e+00 3.79352720e-05
4.00000000e+00 3.75265920e-05
4.05000000e+00 3.70603833e-05
4.10000000e+00 3.65474943e-05
4.15000000e+00 3.60050567e-05
4.20000000e+00 3.54522703e-05
4.25000000e+00 3.49072460e-05
4.30000000e+00 3.43851357e-05
4.35000000e+00 3.38971623e-05
4.40000000e+00 3.34499263e-05
4.45000000e+00 3.30447970e-05
4.50000000e+00 3.26777023e-05
4.55000000e+00 3.23396307e-05
4.60000000e+00 3.20178773e-05
4.65000000e+00 3.16976603e-05
4.70000000e+00 3.13637967e-05
4.75000000e+00 3.10022483e-05
4.80000000e+00 3.06016027e-05
4.85000000e+00 3.01544827e-05
4.90000000e+00 2.96589040e-05
4.95000000e+00 2.91192010e-05
5.00000000e+00 2.85459660e-05
5.05000000e+00 2.79544057e-05
5.10000000e+00 2.73611737e-05
5.15000000e+00 2.67806747e-05
5.20000000e+00 2.62221800e-05
5.25000000e+00 2.56888133e-05
5.30000000e+00 2.51785383e-05
5.35000000e+00 2.46864543e-05
5.40000000e+00 2.42073580e-05
5.45000000e+00 2.37376790e-05
5.50000000e+00 2.32763877e-05
5.55000000e+00 2.28249110e-05
5.60000000e+00 2.23864307e-05
5.65000000e+00 2.19648780e-05
5.70000000e+00 2.15639033e-05
5.75000000e+00 2.11860147e-05
5.80000000e+00 2.08321023e-05
5.85000000e+00 2.05014877e-05
5.90000000e+00 2.01923190e-05
5.95000000e+00 1.99020403e-05
6.00000000e+00 1.96275953e-05
6.05000000e+00 1.93654283e-05
6.10000000e+00 1.91114357e-05
6.15000000e+00 1.88611727e-05
6.20000000e+00 1.86104133e-05
6.25000000e+00 1.83559810e-05
6.30000000e+00 1.80964750e-05
6.35000000e+00 1.78325387e-05
6.40000000e+00 1.75664453e-05
6.45000000e+00 1.73012270e-05
6.50000000e+00 1.70396907e-05
6.55000000e+00 1.67836650e-05
6.60000000e+00 1.65336190e-05
6.65000000e+00 1.62885713e-05
6.70000000e+00 1.60462413e-05
6.75000000e+00 1.58034143e-05
6.80000000e+00 1.55565460e-05
6.85000000e+00 1.53025230e-05
6.90000000e+00 1.50394130e-05
6.95000000e+00 1.47669957e-05
7.00000000e+00 1.44868630e-05
7.05000000e+00 1.42020283e-05
7.10000000e+00 1.39161617e-05
7.15000000e+00 1.36327440e-05
7.20000000e+00 1.33544573e-05
7.25000000e+00 1.30829890e-05
7.30000000e+00 1.28192193e-05
7.35000000e+00 1.25636783e-05
7.40000000e+00 1.23170640e-05
7.45000000e+00 1.20806850e-05
7.50000000e+00 1.18566660e-05
7.55000000e+00 1.16479034e-05
7.60000000e+00 1.14577801e-05
7.65000000e+00 1.12897546e-05
7.70000000e+00 1.11469058e-05
7.75000000e+00 1.10314593e-05
7.80000000e+00 1.09442502e-05
7.85000000e+00 1.08841297e-05
7.90000000e+00 1.08474626e-05
7.95000000e+00 1.08279785e-05
8.00000000e+00 1.08171957e-05
8.05000000e+00 1.08054897e-05
8.10000000e+00 1.07836268e-05
8.15000000e+00 1.07443655e-05
8.20000000e+00 1.06836698e-05
8.25000000e+00 1.06012037e-05
8.30000000e+00 1.05000642e-05
8.35000000e+00 1.03859137e-05
8.40000000e+00 1.02658050e-05
8.45000000e+00 1.01470305e-05
8.50000000e+00 1.00362099e-05
8.55000000e+00 9.93870517e-06
8.60000000e+00 9.85828360e-06
8.65000000e+00 9.79698723e-06
8.70000000e+00 9.75520493e-06
8.75000000e+00 9.73195547e-06
8.80000000e+00 9.72529093e-06
8.85000000e+00 9.73265853e-06
8.90000000e+00 9.75108117e-06
8.95000000e+00 9.77721293e-06
9.00000000e+00 9.80743200e-06
9.05000000e+00 9.83815957e-06
9.10000000e+00 9.86640910e-06
9.15000000e+00 9.89035050e-06
9.20000000e+00 9.90956573e-06
9.25000000e+00 9.92482640e-06
9.30000000e+00 9.93746963e-06
9.35000000e+00 9.94865727e-06
9.40000000e+00 9.95885670e-06
9.45000000e+00 9.96770740e-06
9.50000000e+00 9.97427143e-06
9.55000000e+00 9.97749490e-06
9.60000000e+00 9.97668743e-06
9.65000000e+00 9.97184043e-06
9.70000000e+00 9.96371537e-06
9.75000000e+00 9.95370213e-06
9.80000000e+00 9.94348750e-06
9.85000000e+00 9.93459383e-06
9.90000000e+00 9.92784650e-06
9.95000000e+00 9.92288070e-06
1.00000000e+01 9.91784513e-06
1.00500000e+01 9.90944743e-06
1.01000000e+01 9.89334540e-06
1.01500000e+01 9.86479620e-06
1.02000000e+01 9.81943000e-06
1.02500000e+01 9.75400383e-06
1.03000000e+01 9.66704017e-06
1.03500000e+01 9.55923237e-06
1.04000000e+01 9.43350630e-06
1.04500000e+01 9.29474287e-06
1.05000000e+01 9.14923157e-06
1.05500000e+01 9.00393483e-06
1.06000000e+01 8.86561357e-06
1.06500000e+01 8.73990260e-06
1.07000000e+01 8.63052777e-06
1.07500000e+01 8.53892383e-06
1.08000000e+01 8.46442680e-06
1.08500000e+01 8.40494647e-06
1.09000000e+01 8.35785733e-06
1.09500000e+01 8.32075497e-06
1.10000000e+01 8.29180850e-06
1.10500000e+01 8.26963177e-06
1.11000000e+01 8.25278143e-06
1.11500000e+01 8.23916243e-06
1.12000000e+01 8.22564157e-06
1.12500000e+01 8.20806113e-06
1.13000000e+01 8.18158633e-06
1.13500000e+01 8.14119917e-06
1.14000000e+01 8.08215693e-06
1.14500000e+01 8.00040160e-06
1.15000000e+01 7.89295543e-06
1.15500000e+01 7.75832257e-06
1.16000000e+01 7.59681020e-06
1.16500000e+01 7.41065860e-06
1.17000000e+01 7.20390000e-06
1.17500000e+01 6.98192400e-06
1.18000000e+01 6.75083713e-06
1.18500000e+01 6.51675850e-06
1.19000000e+01 6.28518790e-06
1.19500000e+01 6.06054113e-06
1.20000000e+01 5.84585360e-06
1.20500000e+01 5.64264277e-06
1.21000000e+01 5.45092147e-06
1.21500000e+01 5.26937410e-06
1.22000000e+01 5.09568733e-06
1.22500000e+01 4.92700877e-06
1.23000000e+01 4.76044423e-06
1.23500000e+01 4.59351827e-06
1.24000000e+01 4.42451020e-06
1.24500000e+01 4.25265793e-06
1.25000000e+01 4.07819927e-06
1.25500000e+01 3.90223500e-06
1.26000000e+01 3.72641197e-06
1.26500000e+01 3.55250660e-06
1.27000000e+01 3.38206653e-06
1.27500000e+01 3.21624337e-06
1.28000000e+01 3.05585227e-06
1.28500000e+01 2.90154683e-06
1.29000000e+01 2.75397200e-06
1.29500000e+01 2.61379773e-06
1.30000000e+01 2.48164297e-06
1.30500000e+01 2.35796253e-06
1.31000000e+01 2.24296707e-06
1.31500000e+01 2.13660190e-06
1.32000000e+01 2.03858250e-06
1.32500000e+01 1.94845390e-06
1.33000000e+01 1.86565730e-06
1.33500000e+01 1.78958580e-06
1.34000000e+01 1.71962740e-06
1.34500000e+01 1.65519240e-06
1.35000000e+01 1.59572970e-06
1.35500000e+01 1.54073553e-06
1.36000000e+01 1.48975467e-06
1.36500000e+01 1.44238037e-06
1.37000000e+01 1.39825073e-06
1.37500000e+01 1.35704533e-06
1.38000000e+01 1.31848047e-06
1.38500000e+01 1.28230557e-06
1.39000000e+01 1.24829920e-06
1.39500000e+01 1.21626473e-06
1.40000000e+01 1.18602810e-06
1.40500000e+01 1.15743482e-06
1.41000000e+01 1.13034695e-06
1.41500000e+01 1.10464154e-06
1.42000000e+01 1.08020860e-06
1.42500000e+01 1.05694947e-06
1.43000000e+01 1.03477576e-06
1.43500000e+01 1.01360740e-06
1.44000000e+01 9.93372383e-07
1.44500000e+01 9.74005410e-07
1.45000000e+01 9.55447257e-07
1.45500000e+01 9.37644043e-07
1.46000000e+01 9.20546717e-07
1.46500000e+01 9.04110650e-07
1.47000000e+01 8.88294753e-07
1.47500000e+01 8.73061417e-07
1.48000000e+01 8.58376303e-07
1.48500000e+01 8.44207620e-07
1.49000000e+01 8.30526107e-07
1.49500000e+01 8.17304750e-07
1.50000000e+01 8.04518593e-07
1.50500000e+01 7.92144587e-07
1.51000000e+01 7.80161293e-07
1.51500000e+01 7.68548713e-07
1.52000000e+01 7.57288433e-07
1.52500000e+01 7.46363043e-07
1.53000000e+01 7.35756493e-07
1.53500000e+01 7.25453797e-07
1.54000000e+01 7.15440870e-07
1.54500000e+01 7.05704573e-07
1.55000000e+01 6.96232480e-07
1.55500000e+01 6.87013117e-07
1.56000000e+01 6.78035490e-07
1.56500000e+01 6.69289463e-07
1.57000000e+01 6.60765257e-07
1.57500000e+01 6.52453900e-07
1.58000000e+01 6.44346893e-07
1.58500000e+01 6.36436003e-07
1.59000000e+01 6.28713690e-07
1.59500000e+01 6.21172693e-07
1.60000000e+01 6.13806150e-07
1.60500000e+01 6.06607597e-07
1.61000000e+01 5.99570773e-07
1.61500000e+01 5.92690080e-07
1.62000000e+01 5.85959733e-07
1.62500000e+01 5.79374610e-07
1.63000000e+01 5.72929657e-07
1.63500000e+01 5.66620100e-07
1.64000000e+01 5.60441397e-07
1.64500000e+01 5.54389157e-07
1.65000000e+01 5.48459380e-07
1.65500000e+01 5.42647987e-07
1.66000000e+01 5.36951297e-07
1.66500000e+01 5.31365710e-07
1.67000000e+01 5.25887757e-07
1.67500000e+01 5.20514160e-07
1.68000000e+01 5.15241717e-07
1.68500000e+01 5.10067503e-07
1.69000000e+01 5.04988553e-07
1.69500000e+01 5.00002143e-07
1.70000000e+01 4.95105570e-07
1.70500000e+01 4.90296287e-07
1.71000000e+01 4.85571867e-07
1.71500000e+01 4.80929943e-07
1.72000000e+01 4.76368280e-07
1.72500000e+01 4.71884647e-07
1.73000000e+01 4.67477003e-07
1.73500000e+01 4.63143270e-07
1.74000000e+01 4.58881547e-07
1.74500000e+01 4.54689957e-07
1.75000000e+01 4.50566743e-07
1.75500000e+01 4.46510093e-07
1.76000000e+01 4.42518357e-07
1.76500000e+01 4.38589963e-07
1.77000000e+01 4.34723280e-07
1.77500000e+01 4.30916840e-07
1.78000000e+01 4.27169183e-07
1.78500000e+01 4.23478940e-07
1.79000000e+01 4.19844687e-07
1.79500000e+01 4.16265140e-07
1.80000000e+01 4.12739057e-07
1.80500000e+01 4.09265150e-07
1.81000000e+01 4.05842250e-07
1.81500000e+01 4.02469223e-07
1.82000000e+01 3.99144973e-07
1.82500000e+01 3.95868357e-07
1.83000000e+01 3.92638357e-07
1.83500000e+01 3.89453980e-07
1.84000000e+01 3.86314207e-07
1.84500000e+01 3.83218087e-07
1.85000000e+01 3.80164733e-07
1.85500000e+01 3.77153183e-07
1.86000000e+01 3.74182600e-07
1.86500000e+01 3.71252133e-07
1.87000000e+01 3.68360977e-07
1.87500000e+01 3.65508290e-07
1.88000000e+01 3.62693343e-07
1.88500000e+01 3.59915327e-07
1.89000000e+01 3.57173537e-07
1.89500000e+01 3.54467260e-07
1.90000000e+01 3.51795817e-07
1.90500000e+01 3.49158490e-07
1.91000000e+01 3.46554650e-07
1.91500000e+01 3.43983670e-07
1.92000000e+01 3.41444887e-07
1.92500000e+01 3.38937713e-07
1.93000000e+01 3.36461563e-07
1.93500000e+01 3.34015873e-07
1.94000000e+01 3.31600050e-07
1.94500000e+01 3.29213567e-07
1.95000000e+01 3.26855900e-07
1.95500000e+01 3.24526503e-07
1.96000000e+01 3.22224883e-07
1.96500000e+01 3.19950547e-07
1.97000000e+01 3.17703033e-07
1.97500000e+01 3.15481823e-07
1.98000000e+01 3.13286493e-07
1.98500000e+01 3.11116607e-07
1.99000000e+01 3.08971687e-07
1.99500000e+01 3.06851323e-07
2.00000000e+01 3.04755110e-07
2.00500000e+01 3.02682647e-07
2.01000000e+01 3.00633507e-07
2.01500000e+01 2.98607317e-07
2.02000000e+01 2.96603710e-07
2.02500000e+01 2.94622287e-07
2.03000000e+01 2.92662720e-07
2.03500000e+01 2.90724613e-07
2.04000000e+01 2.88807640e-07
2.04500000e+01 2.86911470e-07
2.05000000e+01 2.85035757e-07
2.05500000e+01 2.83180203e-07
2.06000000e+01 2.81344453e-07
2.06500000e+01 2.79528237e-07
2.07000000e+01 2.77731207e-07
2.07500000e+01 2.75953083e-07
2.08000000e+01 2.74193583e-07
2.08500000e+01 2.72452437e-07
2.09000000e+01 2.70729323e-07
2.09500000e+01 2.69023990e-07
2.10000000e+01 2.67336193e-07
2.10500000e+01 2.65665627e-07
2.11000000e+01 2.64012057e-07
2.11500000e+01 2.62375227e-07
2.12000000e+01 2.60754910e-07
2.12500000e+01 2.59150833e-07
2.13000000e+01 2.57562773e-07
2.13500000e+01 2.55990513e-07
2.14000000e+01 2.54433793e-07
2.14500000e+01 2.52892410e-07
2.15000000e+01 2.51366143e-07
2.15500000e+01 2.49854793e-07
2.16000000e+01 2.48358113e-07
2.16500000e+01 2.46875920e-07
2.17000000e+01 2.45408030e-07
2.17500000e+01 2.43954197e-07
2.18000000e+01 2.42514257e-07
2.18500000e+01 2.41088023e-07
2.19000000e+01 2.39675287e-07
2.19500000e+01 2.38275873e-07
2.20000000e+01 2.36889600e-07
2.20500000e+01 2.35516307e-07
2.21000000e+01 2.34155793e-07
2.21500000e+01 2.32807913e-07
2.22000000e+01 2.31472470e-07
2.22500000e+01 2.30149313e-07
2.23000000e+01 2.28838280e-07
2.23500000e+01 2.27539223e-07
2.24000000e+01 2.26251960e-07
2.24500000e+01 2.24976360e-07
2.25000000e+01 2.23712267e-07
2.25500000e+01 2.22459520e-07
2.26000000e+01 2.21217983e-07
2.26500000e+01 2.19987510e-07
2.27000000e+01 2.18767977e-07
2.27500000e+01 2.17559217e-07
2.28000000e+01 2.16361100e-07
2.28500000e+01 2.15173520e-07
2.29000000e+01 2.13996307e-07
2.29500000e+01 2.12829357e-07
2.30000000e+01 2.11672527e-07
2.30500000e+01 2.10525710e-07
2.31000000e+01 2.09388770e-07
2.31500000e+01 2.08261577e-07
2.32000000e+01 2.07144043e-07
2.32500000e+01 2.06036017e-07
2.33000000e+01 2.04937400e-07
2.33500000e+01 2.03848077e-07
2.34000000e+01 2.02767950e-07
2.34500000e+01 2.01696880e-07
2.35000000e+01 2.00634773e-07
2.35500000e+01 1.99581537e-07
2.36000000e+01 1.98537043e-07
2.36500000e+01 1.97501213e-07
2.37000000e+01 1.96473917e-07
2.37500000e+01 1.95455073e-07
2.38000000e+01 1.94444577e-07
2.38500000e+01 1.93442347e-07
2.39000000e+01 1.92448267e-07
2.39500000e+01 1.91462250e-07
2.40000000e+01 1.90484217e-07
2.40500000e+01 1.89514053e-07
2.41000000e+01 1.88551687e-07
2.41500000e+01 1.87597020e-07
2.42000000e+01 1.86649980e-07
2.42500000e+01 1.85710463e-07
2.43000000e+01 1.84778393e-07
2.43500000e+01 1.83853697e-07
2.44000000e+01 1.82936270e-07
2.44500000e+01 1.82026047e-07
2.45000000e+01 1.81122947e-07
2.45500000e+01 1.80226897e-07
2.46000000e+01 1.79337803e-07
2.46500000e+01 1.78455600e-07
2.47000000e+01 1.77580227e-07
2.47500000e+01 1.76711580e-07
2.48000000e+01 1.75849603e-07
2.48500000e+01 1.74994227e-07
2.49000000e+01 1.74145380e-07
2.49500000e+01 1.73302980e-07
2.50000000e+01 1.72466967e-07
2.50500000e+01 1.71637287e-07
2.51000000e+01 1.70813850e-07
2.51500000e+01 1.69996597e-07
2.52000000e+01 1.69185473e-07
2.52500000e+01 1.68380397e-07
2.53000000e+01 1.67581320e-07
2.53500000e+01 1.66788173e-07
2.54000000e+01 1.66000903e-07
2.54500000e+01 1.65219433e-07
2.55000000e+01 1.64443720e-07
2.55500000e+01 1.63673693e-07
2.56000000e+01 1.62909297e-07
2.56500000e+01 1.62150477e-07
2.57000000e+01 1.61397180e-07
2.57500000e+01 1.60649340e-07
2.58000000e+01 1.59906907e-07
2.58500000e+01 1.59169830e-07
2.59000000e+01 1.58438043e-07
2.59500000e+01 1.57711510e-07
2.60000000e+01 1.56990167e-07
2.60500000e+01 1.56273967e-07
2.61000000e+01 1.55562853e-07
2.61500000e+01 1.54856783e-07
2.62000000e+01 1.54155703e-07
2.62500000e+01 1.53459563e-07
2.63000000e+01 1.52768320e-07
2.63500000e+01 1.52081913e-07
2.64000000e+01 1.51400313e-07
2.64500000e+01 1.50723457e-07
2.65000000e+01 1.50051307e-07
2.65500000e+01 1.49383833e-07
2.66000000e+01 1.48720957e-07
2.66500000e+01 1.48062653e-07
2.67000000e+01 1.47408873e-07
2.67500000e+01 1.46759590e-07
2.68000000e+01 1.46114740e-07
2.68500000e+01 1.45474287e-07
2.69000000e+01 1.44838200e-07
2.69500000e+01 1.44206420e-07
2.70000000e+01 1.43578927e-07
2.70500000e+01 1.42955660e-07
2.71000000e+01 1.42336587e-07
2.71500000e+01 1.41721677e-07
2.72000000e+01 1.41110883e-07
2.72500000e+01 1.40504170e-07
2.73000000e+01 1.39901497e-07
2.73500000e+01 1.39302837e-07
2.74000000e+01 1.38708137e-07
2.74500000e+01 1.38117373e-07
2.75000000e+01 1.37530500e-07
2.75500000e+01 1.36947493e-07
2.76000000e+01 1.36368313e-07
2.76500000e+01 1.35792917e-07
2.77000000e+01 1.35221287e-07
2.77500000e+01 1.34653373e-07
2.78000000e+01 1.34089143e-07
2.78500000e+01 1.33528573e-07
2.79000000e+01 1.32971637e-07
2.79500000e+01 1.32418280e-07
2.80000000e+01 1.31868483e-07
2.80500000e+01 1.31322223e-07
2.81000000e+01 1.30779453e-07
2.81500000e+01 1.30240147e-07
2.82000000e+01 1.29704277e-07
2.82500000e+01 1.29171813e-07
2.83000000e+01 1.28642720e-07
2.83500000e+01 1.28116973e-07
2.84000000e+01 1.27594550e-07
2.84500000e+01 1.27075410e-07
2.85000000e+01 1.26559530e-07
2.85500000e+01 1.26046880e-07
2.86000000e+01 1.25537433e-07
2.86500000e+01 1.25031160e-07
2.87000000e+01 1.24528033e-07
2.87500000e+01 1.24028037e-07
2.88000000e+01 1.23531133e-07
2.88500000e+01 1.23037297e-07
2.89000000e+01 1.22546500e-07
2.89500000e+01 1.22058710e-07
2.90000000e+01 1.21573933e-07
2.90500000e+01 1.21092110e-07
2.91000000e+01 1.20613227e-07
2.91500000e+01 1.20137263e-07
2.92000000e+01 1.19664190e-07
2.92500000e+01 1.19193993e-07
2.93000000e+01 1.18726623e-07
2.93500000e+01 1.18262083e-07
2.94000000e+01 1.17800340e-07
2.94500000e+01 1.17341360e-07
2.95000000e+01 1.16885160e-07
2.95500000e+01 1.16431663e-07
2.96000000e+01 1.15980877e-07
2.96500000e+01 1.15532773e-07
2.97000000e+01 1.15087337e-07
2.97500000e+01 1.14644543e-07
2.98000000e+01 1.14204360e-07
2.98500000e+01 1.13766777e-07
2.99000000e+01 1.13331767e-07
2.99500000e+01 1.12899330e-07
3.00000000e+01 1.12469413e-07
3.00500000e+01 1.12042007e-07
3.01000000e+01 1.11617100e-07
3.01500000e+01 1.11194673e-07
3.02000000e+01 1.10774707e-07
3.02500000e+01 1.10357163e-07
3.03000000e+01 1.09942035e-07
3.03500000e+01 1.09529306e-07
3.04000000e+01 1.09118963e-07
3.04500000e+01 1.08710978e-07
3.05000000e+01 1.08305322e-07
3.05500000e+01 1.07901993e-07
3.06000000e+01 1.07500972e-07
3.06500000e+01 1.07102250e-07
3.07000000e+01 1.06705779e-07
3.07500000e+01 1.06311557e-07
3.08000000e+01 1.05919567e-07
3.08500000e+01 1.05529809e-07
3.09000000e+01 1.05142246e-07
3.09500000e+01 1.04756855e-07
3.10000000e+01 1.04373627e-07
3.10500000e+01 1.03992556e-07
3.11000000e+01 1.03613629e-07
3.11500000e+01 1.03236798e-07
3.12000000e+01 1.02862067e-07
3.12500000e+01 1.02489421e-07
3.13000000e+01 1.02118851e-07
3.13500000e+01 1.01750338e-07
3.14000000e+01 1.01383851e-07
3.14500000e+01 1.01019380e-07
3.15000000e+01 1.00656924e-07
3.15500000e+01 1.00296461e-07
3.16000000e+01 9.99379733e-08
3.16500000e+01 9.95814387e-08
3.17000000e+01 9.92268517e-08
3.17500000e+01 9.88742017e-08
3.18000000e+01 9.85234830e-08
3.18500000e+01 9.81746480e-08
3.19000000e+01 9.78277047e-08
3.19500000e+01 9.74826353e-08
3.20000000e+01 9.71394423e-08
3.20500000e+01 9.67980903e-08
3.21000000e+01 9.64585683e-08
3.21500000e+01 9.61208627e-08
3.22000000e+01 9.57849747e-08
3.22500000e+01 9.54508787e-08
3.23000000e+01 9.51185697e-08
3.23500000e+01 9.47880177e-08
3.24000000e+01 9.44592240e-08
3.24500000e+01 9.41321770e-08
3.25000000e+01 9.38068697e-08
3.25500000e+01 9.34832660e-08
3.26000000e+01 9.31613680e-08
3.26500000e+01 9.28411700e-08
3.27000000e+01 9.25226537e-08
3.27500000e+01 9.22058067e-08
3.28000000e+01 9.18906107e-08
3.28500000e+01 9.15770590e-08
3.29000000e+01 9.12651487e-08
3.29500000e+01 9.09548670e-08
3.30000000e+01 9.06461830e-08
3.30500000e+01 9.03390983e-08
3.31000000e+01 9.00336023e-08
3.31500000e+01 8.97296957e-08
3.32000000e+01 8.94273487e-08
3.32500000e+01 8.91265503e-08
3.33000000e+01 8.88272960e-08
3.33500000e+01 8.85295810e-08
3.34000000e+01 8.82333890e-08
3.34500000e+01 8.79387090e-08
3.35000000e+01 8.76455243e-08
3.35500000e+01 8.73538307e-08
3.36000000e+01 8.70636237e-08
3.36500000e+01 8.67748940e-08
3.37000000e+01 8.64876127e-08
3.37500000e+01 8.62017813e-08
3.38000000e+01 8.59173907e-08
3.38500000e+01 8.56344427e-08
3.39000000e+01 8.53529100e-08
3.39500000e+01 8.50727820e-08
3.40000000e+01 8.47940557e-08
3.40500000e+01 8.45167270e-08
3.41000000e+01 8.42407820e-08
3.41500000e+01 8.39662093e-08
3.42000000e+01 8.36929950e-08
3.42500000e+01 8.34211360e-08
3.43000000e+01 8.31506277e-08
3.43500000e+01 8.28814620e-08
3.44000000e+01 8.26136127e-08
3.44500000e+01 8.23470820e-08
3.45000000e+01 8.20818667e-08
3.45500000e+01 8.18179533e-08
3.46000000e+01 8.15553323e-08
3.46500000e+01 8.12939893e-08
3.47000000e+01 8.10339220e-08
3.47500000e+01 8.07751270e-08
3.48000000e+01 8.05175967e-08
3.48500000e+01 8.02613057e-08
3.49000000e+01 8.00062567e-08
3.49500000e+01 7.97524417e-08
3.50000000e+01 7.94998627e-08
3.50500000e+01 7.92484970e-08
3.51000000e+01 7.89983353e-08
3.51500000e+01 7.87493760e-08
3.52000000e+01 7.85016157e-08
3.52500000e+01 7.82550427e-08
3.53000000e+01 7.80096477e-08
3.53500000e+01 7.77654183e-08
3.54000000e+01 7.75223530e-08
3.54500000e+01 7.72804480e-08
3.55000000e+01 7.70396977e-08
3.55500000e+01 7.68000780e-08
3.56000000e+01 7.65615920e-08
3.56500000e+01 7.63242323e-08
3.57000000e+01 7.60880020e-08
3.57500000e+01 7.58528793e-08
3.58000000e+01 7.56188567e-08
3.58500000e+01 7.53859320e-08
3.59000000e+01 7.51541027e-08
3.59500000e+01 7.49233587e-08
3.60000000e+01 7.46936913e-08
3.60500000e+01 7.44650897e-08
3.61000000e+01 7.42375520e-08
3.61500000e+01 7.40110753e-08
3.62000000e+01 7.37856553e-08
3.62500000e+01 7.35612683e-08
3.63000000e+01 7.33379193e-08
3.63500000e+01 7.31156050e-08
3.64000000e+01 7.28943157e-08
3.64500000e+01 7.26740443e-08
3.65000000e+01 7.24547800e-08
3.65500000e+01 7.22365207e-08
3.66000000e+01 7.20192650e-08
3.66500000e+01 7.18030067e-08
3.67000000e+01 7.15877263e-08
3.67500000e+01 7.13734263e-08
3.68000000e+01 7.11601017e-08
3.68500000e+01 7.09477540e-08
3.69000000e+01 7.07363647e-08
3.69500000e+01 7.05259277e-08
3.70000000e+01 7.03164413e-08
3.70500000e+01 7.01079047e-08
3.71000000e+01 6.99003077e-08
3.71500000e+01 6.96936443e-08
3.72000000e+01 6.94879040e-08
3.72500000e+01 6.92830863e-08
3.73000000e+01 6.90791897e-08
3.73500000e+01 6.88762093e-08
3.74000000e+01 6.86741250e-08
3.74500000e+01 6.84729413e-08
3.75000000e+01 6.82726520e-08
3.75500000e+01 6.80732610e-08
3.76000000e+01 6.78747497e-08
3.76500000e+01 6.76771130e-08
3.77000000e+01 6.74803503e-08
3.77500000e+01 6.72844590e-08
3.78000000e+01 6.70894363e-08
3.78500000e+01 6.68952627e-08
3.79000000e+01 6.67019417e-08
3.79500000e+01 6.65094690e-08
3.80000000e+01 6.63178427e-08
3.80500000e+01 6.61270590e-08
3.81000000e+01 6.59370997e-08
3.81500000e+01 6.57479680e-08
3.82000000e+01 6.55596637e-08
3.82500000e+01 6.53721780e-08
3.83000000e+01 6.51855057e-08
3.83500000e+01 6.49996377e-08
3.84000000e+01 6.48145737e-08
3.84500000e+01 6.46303130e-08
3.85000000e+01 6.67414073e-08
3.85500000e+01 6.65512040e-08
3.86000000e+01 7.09208027e-08
3.86500000e+01 7.07173153e-08
3.87000000e+01 7.27417627e-08
3.87500000e+01 7.47341883e-08
3.88000000e+01 7.68062670e-08
3.88500000e+01 7.87534690e-08
3.89000000e+01 7.85256157e-08
3.89500000e+01 8.04359707e-08
3.90000000e+01 8.45924307e-08
3.90500000e+01 8.43464287e-08
3.91000000e+01 8.61834887e-08
3.91500000e+01 8.59329080e-08
3.92000000e+01 8.77351897e-08
3.92500000e+01 9.17672147e-08
3.93000000e+01 9.14995277e-08
3.93500000e+01 9.32322253e-08
3.94000000e+01 9.29604570e-08
3.94500000e+01 9.46603237e-08
3.95000000e+01 9.85739190e-08
3.95500000e+01 9.82860297e-08
3.96000000e+01 9.99197983e-08
3.96500000e+01 9.96282953e-08
3.97000000e+01 1.03462075e-07
3.97500000e+01 1.03159994e-07
3.98000000e+01 1.04725181e-07
3.98500000e+01 1.06265153e-07
3.99000000e+01 1.05955245e-07
3.99500000e+01 1.09680187e-07
4.00000000e+01 1.09360227e-07
4.00500000e+01 1.10835131e-07
4.01000000e+01 1.10512284e-07
4.01500000e+01 1.11959086e-07
4.02000000e+01 1.15580317e-07
4.02500000e+01 1.15243733e-07
4.03000000e+01 1.16632960e-07
4.03500000e+01 1.16293883e-07
4.04000000e+01 1.17656547e-07
4.04500000e+01 1.19497177e-07
4.05000000e+01 1.20826893e-07
4.05500000e+01 1.20476367e-07
4.06000000e+01 1.21780613e-07
4.06500000e+01 1.23063420e-07
4.07000000e+01 1.24873777e-07
4.07500000e+01 1.26125157e-07
4.08000000e+01 1.25760303e-07
4.08500000e+01 1.26987607e-07
4.09000000e+01 1.26620940e-07
4.09500000e+01 1.27824627e-07
4.10000000e+01 1.29601130e-07
4.10500000e+01 1.30774947e-07
4.11000000e+01 1.30398387e-07
4.11500000e+01 1.31549527e-07
4.12000000e+01 1.31171473e-07
4.12500000e+01 1.34430600e-07
4.13000000e+01 1.34044663e-07
4.13500000e+01 1.35145130e-07
4.14000000e+01 1.36227067e-07
4.14500000e+01 1.35837023e-07
4.15000000e+01 1.36897950e-07
4.15500000e+01 1.38616357e-07
4.16000000e+01 1.39650120e-07
4.16500000e+01 1.39251540e-07
4.17000000e+01 1.40265130e-07
4.17500000e+01 1.39865617e-07
4.18000000e+01 1.40859373e-07
4.18500000e+01 1.42548507e-07
4.19000000e+01 1.43516433e-07
4.19500000e+01 1.43109027e-07
4.20000000e+01 1.44057920e-07
4.20500000e+01 1.43649827e-07
4.21000000e+01 1.44580047e-07
4.21500000e+01 1.46241327e-07
4.22000000e+01 1.47146947e-07
4.22500000e+01 1.46731547e-07
4.23000000e+01 1.47619207e-07
4.23500000e+01 1.47203353e-07
4.24000000e+01 1.48073430e-07
4.24500000e+01 1.49708217e-07
4.25000000e+01 1.50554820e-07
4.25500000e+01 1.50132203e-07
4.26000000e+01 1.50961910e-07
4.26500000e+01 1.50539063e-07
4.27000000e+01 1.51352187e-07
4.27500000e+01 1.50929153e-07
4.28000000e+01 1.53752477e-07
4.28500000e+01 1.53323380e-07
4.29000000e+01 1.54098200e-07
4.29500000e+01 1.53669060e-07
4.30000000e+01 1.54428223e-07
4.30500000e+01 1.53999100e-07
4.31000000e+01 1.56751583e-07
4.31500000e+01 1.56316693e-07
4.32000000e+01 1.57039497e-07
4.32500000e+01 1.56604730e-07
4.33000000e+01 1.57312787e-07
4.33500000e+01 1.56878223e-07
4.34000000e+01 1.57571793e-07
4.34500000e+01 1.59123053e-07
4.35000000e+01 1.59796567e-07
4.35500000e+01 1.59356817e-07
4.36000000e+01 1.60016433e-07
4.36500000e+01 1.59577017e-07
4.37000000e+01 1.59139337e-07
4.37500000e+01 1.59783940e-07
4.38000000e+01 1.61309893e-07
4.38500000e+01 1.61935417e-07
4.39000000e+01 1.61492963e-07
4.39500000e+01 1.62105403e-07
4.40000000e+01 1.61663457e-07
4.40500000e+01 1.62263063e-07
4.41000000e+01 1.61821640e-07
4.41500000e+01 1.64350053e-07
4.42000000e+01 1.63903700e-07
4.42500000e+01 1.64472747e-07
4.43000000e+01 1.64027050e-07
4.43500000e+01 1.64583963e-07
4.44000000e+01 1.64138910e-07
4.44500000e+01 1.63695617e-07
4.45000000e+01 1.66159990e-07
4.45500000e+01 1.65711980e-07
4.46000000e+01 1.66238860e-07
4.46500000e+01 1.65791620e-07
4.47000000e+01 1.66307107e-07
4.47500000e+01 1.65860673e-07
4.48000000e+01 1.66364957e-07
4.48500000e+01 1.65919310e-07
4.49000000e+01 1.68307210e-07
4.49500000e+01 1.67857153e-07
4.50000000e+01 1.67408820e-07
4.50500000e+01 1.67885170e-07
4.51000000e+01 1.67437737e-07
4.51500000e+01 1.67903563e-07
4.52000000e+01 1.67457057e-07
4.52500000e+01 1.69787430e-07
4.53000000e+01 1.69336673e-07
4.53500000e+01 1.69776787e-07
4.54000000e+01 1.69327060e-07
4.54500000e+01 1.69757263e-07
4.55000000e+01 1.69308540e-07
4.55500000e+01 1.68861513e-07
4.56000000e+01 1.69281307e-07
4.56500000e+01 1.70685993e-07
4.57000000e+01 1.71091100e-07
4.57500000e+01 1.70641137e-07
4.58000000e+01 1.71036900e-07
4.58500000e+01 1.70588050e-07
4.59000000e+01 1.70140900e-07
4.59500000e+01 1.70526933e-07
4.60000000e+01 1.70080877e-07
4.60500000e+01 1.72285097e-07
4.61000000e+01 1.71835263e-07
4.61500000e+01 1.72198483e-07
4.62000000e+01 1.71749813e-07
4.62500000e+01 1.71302840e-07
4.63000000e+01 1.71656963e-07
4.63500000e+01 1.71211200e-07
4.64000000e+01 1.71556867e-07
4.64500000e+01 1.71112277e-07
4.65000000e+01 1.73249230e-07
4.65500000e+01 1.72801067e-07
4.66000000e+01 1.72354573e-07
4.66500000e+01 1.72678523e-07
4.67000000e+01 1.72233273e-07
4.67500000e+01 1.72549283e-07
4.68000000e+01 1.72105327e-07
4.68500000e+01 1.72413540e-07
4.69000000e+01 1.73748583e-07
4.69500000e+01 1.73302840e-07
4.70000000e+01 1.73598243e-07
4.70500000e+01 1.73153847e-07
4.71000000e+01 1.73441783e-07
4.71500000e+01 1.72998680e-07
4.72000000e+01 1.73279273e-07
4.72500000e+01 1.72837543e-07
4.73000000e+01 1.72397413e-07
4.73500000e+01 1.74422433e-07
4.74000000e+01 1.73979057e-07
4.74500000e+01 1.74240470e-07
4.75000000e+01 1.73798477e-07
4.75500000e+01 1.73358107e-07
4.76000000e+01 1.73612397e-07
4.76500000e+01 1.73173403e-07
4.77000000e+01 1.73420927e-07
4.77500000e+01 1.72983350e-07
4.78000000e+01 1.74274360e-07
4.78500000e+01 1.74510483e-07
4.79000000e+01 1.74071417e-07
4.79500000e+01 1.74301060e-07
4.80000000e+01 1.73863437e-07
4.80500000e+01 1.73427370e-07
4.81000000e+01 1.73650517e-07
4.81500000e+01 1.73215900e-07
4.82000000e+01 1.73432820e-07
4.82500000e+01 1.74702537e-07
4.83000000e+01 1.74266537e-07
4.83500000e+01 1.74472763e-07
4.84000000e+01 1.74038237e-07
4.84500000e+01 1.74238510e-07
4.85000000e+01 1.73805453e-07
4.85500000e+01 1.73373937e-07
4.86000000e+01 1.73568273e-07
4.86500000e+01 1.73138243e-07
4.87000000e+01 1.73326840e-07
4.87500000e+01 1.74573603e-07
4.88000000e+01 1.74142283e-07
4.88500000e+01 1.74320873e-07
4.89000000e+01 1.73891093e-07
4.89500000e+01 1.74064163e-07
4.90000000e+01 1.73635883e-07
4.90500000e+01 1.73209100e-07
4.91000000e+01 1.73376777e-07
4.91500000e+01 1.72951510e-07
4.92000000e+01 1.73113900e-07
4.92500000e+01 1.74338850e-07
4.93000000e+01 1.73912430e-07
4.93500000e+01 1.74065430e-07
4.94000000e+01 1.73640533e-07
4.94500000e+01 1.73217120e-07
4.95000000e+01 1.73365083e-07
4.95500000e+01 1.72943193e-07
4.96000000e+01 1.73086213e-07
4.96500000e+01 1.72665853e-07
4.97000000e+01 1.72246940e-07
4.97500000e+01 1.74008237e-07
4.98000000e+01 1.73586830e-07
4.98500000e+01 1.73716127e-07
4.99000000e+01 1.73296267e-07
4.99500000e+01 1.72877853e-07
5.00000000e+01 1.73002577e-07
5.00500000e+01 1.72585733e-07
5.01000000e+01 1.72170303e-07
5.01500000e+01 1.72290550e-07
5.02000000e+01 1.71876657e-07
5.02500000e+01 1.73590813e-07
5.03000000e+01 1.73174537e-07
5.03500000e+01 1.72759680e-07
5.04000000e+01 1.72867170e-07
5.04500000e+01 1.72453880e-07
5.05000000e+01 1.72042003e-07
5.05500000e+01 1.72145343e-07
5.06000000e+01 1.71735020e-07
5.06500000e+01 1.71326080e-07
5.07000000e+01 1.71425363e-07
5.07500000e+01 1.71018003e-07
5.08000000e+01 1.72683853e-07
5.08500000e+01 1.72274193e-07
5.09000000e+01 1.71865910e-07
5.09500000e+01 1.71953313e-07
5.10000000e+01 1.71546603e-07
5.10500000e+01 1.71141273e-07
5.11000000e+01 1.71224900e-07
5.11500000e+01 1.70821113e-07
5.12000000e+01 1.70900897e-07
5.12500000e+01 1.70498653e-07
5.13000000e+01 1.70097777e-07
5.13500000e+01 1.71717990e-07
5.14000000e+01 1.71314957e-07
5.14500000e+01 1.70913263e-07
5.15000000e+01 1.70982133e-07
5.15500000e+01 1.70581993e-07
5.16000000e+01 1.70183207e-07
5.16500000e+01 1.70248673e-07
5.17000000e+01 1.69851440e-07
5.17500000e+01 1.69455520e-07
5.18000000e+01 1.69517637e-07
5.18500000e+01 1.69123270e-07
5.19000000e+01 1.70700330e-07
5.19500000e+01 1.70303883e-07
5.20000000e+01 1.69908750e-07
5.20500000e+01 1.69960537e-07
5.21000000e+01 1.69566970e-07
5.21500000e+01 1.69174710e-07
5.22000000e+01 1.69223407e-07
5.22500000e+01 1.68832683e-07
5.23000000e+01 1.68443253e-07
5.23500000e+01 1.68488940e-07
5.24000000e+01 1.68101047e-07
5.24500000e+01 1.67714423e-07
5.25000000e+01 1.69247377e-07
5.25500000e+01 1.68858783e-07
5.26000000e+01 1.68471460e-07
5.26500000e+01 1.68507783e-07
5.27000000e+01 1.68121993e-07
5.27500000e+01 1.67737477e-07
5.28000000e+01 1.67771023e-07
5.28500000e+01 1.67388033e-07
5.29000000e+01 1.67418570e-07
5.29500000e+01 1.67037107e-07
5.30000000e+01 1.66656887e-07
5.30500000e+01 1.66684770e-07
5.31000000e+01 1.67769183e-07
5.31500000e+01 1.67388320e-07
5.32000000e+01 1.67410137e-07
5.32500000e+01 1.67030803e-07
5.33000000e+01 1.66652707e-07
5.33500000e+01 1.66672017e-07
5.34000000e+01 1.66295423e-07
5.34500000e+01 1.65920050e-07
5.35000000e+01 1.65936920e-07
5.35500000e+01 1.65563060e-07
5.36000000e+01 1.65190393e-07
5.36500000e+01 1.65204867e-07
5.37000000e+01 1.66270777e-07
5.37500000e+01 1.65897520e-07
5.38000000e+01 1.65906293e-07
5.38500000e+01 1.65534540e-07
5.39000000e+01 1.65163967e-07
5.39500000e+01 1.65170503e-07
5.40000000e+01 1.64801443e-07
5.40500000e+01 1.64433557e-07
5.41000000e+01 1.64437867e-07
5.41500000e+01 1.64071473e-07
5.42000000e+01 1.63706250e-07
5.42500000e+01 1.63708437e-07
5.43000000e+01 1.63344680e-07
5.43500000e+01 1.64390907e-07
5.44000000e+01 1.64387733e-07
5.44500000e+01 1.64023433e-07
5.45000000e+01 1.63660273e-07
5.45500000e+01 1.63655063e-07
5.46000000e+01 1.63293397e-07
5.46500000e+01 1.62932857e-07
5.47000000e+01 1.62925677e-07
5.47500000e+01 1.62566617e-07
5.48000000e+01 1.62208680e-07
5.48500000e+01 1.62199573e-07
5.49000000e+01 1.61843110e-07
5.49500000e+01 1.61487760e-07
5.50000000e+01 1.62515237e-07
5.50500000e+01 1.62501433e-07
5.51000000e+01 1.62145553e-07
5.51500000e+01 1.61790793e-07
5.52000000e+01 1.61775170e-07
5.52500000e+01 1.61421847e-07
5.53000000e+01 1.61069640e-07
5.53500000e+01 1.61052253e-07
5.54000000e+01 1.60701490e-07
5.54500000e+01 1.60351803e-07
5.55000000e+01 1.60332683e-07
5.55500000e+01 1.59984440e-07
5.56000000e+01 1.59637287e-07
5.56500000e+01 1.60972170e-07
5.57000000e+01 1.60623410e-07
5.57500000e+01 1.60275730e-07
5.58000000e+01 1.60250277e-07
5.58500000e+01 1.59904030e-07
5.59000000e+01 1.59558857e-07
5.59500000e+01 1.59531813e-07
5.60000000e+01 1.59188060e-07
5.60500000e+01 1.58845367e-07
5.61000000e+01 1.58503717e-07
5.61500000e+01 1.58475503e-07
5.62000000e+01 1.58135253e-07
5.62500000e+01 1.57796060e-07
5.63000000e+01 1.57766333e-07
5.63500000e+01 1.58756333e-07
5.64000000e+01 1.58416657e-07
5.64500000e+01 1.58382523e-07
5.65000000e+01 1.58044253e-07
5.65500000e+01 1.57707007e-07
5.66000000e+01 1.57671483e-07
5.66500000e+01 1.57335630e-07
5.67000000e+01 1.57000800e-07
5.67500000e+01 1.56666980e-07
5.68000000e+01 1.56630440e-07
5.68500000e+01 1.56297993e-07
5.69000000e+01 1.55966557e-07
5.69500000e+01 1.55928690e-07
5.70000000e+01 1.55598610e-07
5.70500000e+01 1.56570653e-07
5.71000000e+01 1.56528653e-07
5.71500000e+01 1.56198133e-07
5.72000000e+01 1.55868600e-07
5.72500000e+01 1.55540060e-07
5.73000000e+01 1.55497160e-07
5.73500000e+01 1.55169987e-07
5.74000000e+01 1.54843790e-07
5.74500000e+01 1.54799680e-07
5.75000000e+01 1.54474817e-07
5.75500000e+01 1.54150957e-07
5.76000000e+01 1.54105673e-07
5.76500000e+01 1.53783127e-07
5.77000000e+01 1.53461553e-07
5.77500000e+01 1.54416460e-07
5.78000000e+01 1.54367627e-07
5.78500000e+01 1.54045617e-07
5.79000000e+01 1.53724553e-07
5.79500000e+01 1.53674617e-07
5.80000000e+01 1.53354900e-07
5.80500000e+01 1.53036123e-07
5.81000000e+01 1.52985113e-07
5.81500000e+01 1.52667657e-07
5.82000000e+01 1.52351143e-07
5.82500000e+01 1.52035540e-07
5.83000000e+01 1.51983870e-07
5.83500000e+01 1.51669587e-07
5.84000000e+01 1.51356217e-07
5.84500000e+01 1.51303540e-07
5.85000000e+01 1.52239810e-07
5.85500000e+01 1.51926030e-07
5.86000000e+01 1.51613160e-07
5.86500000e+01 1.51557220e-07
5.87000000e+01 1.51245647e-07
5.87500000e+01 1.50934990e-07
5.88000000e+01 1.50878093e-07
5.88500000e+01 1.50568720e-07
5.89000000e+01 1.50260257e-07
5.89500000e+01 1.49952703e-07
5.90000000e+01 1.49895263e-07
5.90500000e+01 1.49588967e-07
5.91000000e+01 1.49283557e-07
5.91500000e+01 1.49225233e-07
5.92000000e+01 1.48921083e-07
5.92500000e+01 1.48617817e-07
5.93000000e+01 1.49535233e-07
5.93500000e+01 1.49473837e-07
5.94000000e+01 1.49170193e-07
5.94500000e+01 1.48867403e-07
5.95000000e+01 1.48805183e-07
5.95500000e+01 1.48503647e-07
5.96000000e+01 1.48202977e-07
5.96500000e+01 1.47903183e-07
5.97000000e+01 1.47840530e-07
5.97500000e+01 1.47541970e-07
5.98000000e+01 1.47244257e-07
5.98500000e+01 1.47180840e-07
5.99000000e+01 1.46884367e-07
5.99500000e+01 1.46588733e-07
6.00000000e+01 1.46293950e-07
6.00500000e+01 1.46230150e-07
6.01000000e+01 1.47129103e-07
6.01500000e+01 1.46833923e-07
6.02000000e+01 1.46766903e-07
6.02500000e+01 1.46472950e-07
6.03000000e+01 1.46179847e-07
6.03500000e+01 1.45887567e-07
6.04000000e+01 1.45820230e-07
6.04500000e+01 1.45529140e-07
6.05000000e+01 1.45238890e-07
6.05500000e+01 1.44949463e-07
6.06000000e+01 1.44881810e-07
6.06500000e+01 1.44593570e-07
6.07000000e+01 1.44306140e-07
6.07500000e+01 1.44237843e-07
6.08000000e+01 1.43951610e-07
6.08500000e+01 1.43666177e-07
6.09000000e+01 1.44548053e-07
6.09500000e+01 1.44477093e-07
6.10000000e+01 1.44191280e-07
6.10500000e+01 1.43906270e-07
6.11000000e+01 1.43622057e-07
6.11500000e+01 1.43550863e-07
6.12000000e+01 1.43267820e-07
6.12500000e+01 1.42985590e-07
6.13000000e+01 1.42913807e-07
6.13500000e+01 1.42632717e-07
6.14000000e+01 1.42352410e-07
6.14500000e+01 1.42072907e-07
6.15000000e+01 1.42000923e-07
6.15500000e+01 1.41722540e-07
6.16000000e+01 1.41444947e-07
6.16500000e+01 1.41168117e-07
6.17000000e+01 1.41095963e-07
6.17500000e+01 1.41959607e-07
6.18000000e+01 1.41682413e-07
6.18500000e+01 1.41405980e-07
6.19000000e+01 1.41331363e-07
6.19500000e+01 1.41056070e-07
6.20000000e+01 1.40781527e-07
6.20500000e+01 1.40507750e-07
6.21000000e+01 1.40432993e-07
6.21500000e+01 1.40160347e-07
6.22000000e+01 1.39888457e-07
6.22500000e+01 1.39813210e-07
6.23000000e+01 1.39542410e-07
6.23500000e+01 1.39272373e-07
6.24000000e+01 1.39003067e-07
6.24500000e+01 1.38927710e-07
6.25000000e+01 1.38659503e-07
6.25500000e+01 1.38392030e-07
6.26000000e+01 1.38125300e-07
6.26500000e+01 1.39161073e-07
6.27000000e+01 1.38893240e-07
6.27500000e+01 1.38626140e-07
6.28000000e+01 1.38359783e-07
6.28500000e+01 1.38282043e-07
6.29000000e+01 1.38016757e-07
6.29500000e+01 1.37752193e-07
6.30000000e+01 1.37488353e-07
6.30500000e+01 1.37410570e-07
6.31000000e+01 1.37147823e-07
6.31500000e+01 1.36885767e-07
6.32000000e+01 1.36624423e-07
6.32500000e+01 1.36546593e-07
6.33000000e+01 1.36286320e-07
6.33500000e+01 1.36026747e-07
6.34000000e+01 1.35767870e-07
6.34500000e+01 1.35690000e-07
6.35000000e+01 1.36518747e-07
6.35500000e+01 1.36259517e-07
6.36000000e+01 1.36001003e-07
6.36500000e+01 1.35920990e-07
6.37000000e+01 1.35663503e-07
6.37500000e+01 1.35406723e-07
6.38000000e+01 1.35150620e-07
6.38500000e+01 1.35070617e-07
6.39000000e+01 1.34815557e-07
6.39500000e+01 1.34561173e-07
6.40000000e+01 1.34307487e-07
6.40500000e+01 1.34227510e-07
6.41000000e+01 1.33974837e-07
6.41500000e+01 1.33722843e-07
6.42000000e+01 1.33471530e-07
6.42500000e+01 1.33391557e-07
6.43000000e+01 1.33141253e-07
6.43500000e+01 1.32891613e-07
6.44000000e+01 1.32642643e-07
6.44500000e+01 1.33621643e-07
6.45000000e+01 1.33371670e-07
6.45500000e+01 1.33122343e-07
6.46000000e+01 1.32873680e-07
6.46500000e+01 1.32791757e-07
6.47000000e+01 1.32544097e-07
6.47500000e+01 1.32297083e-07
6.48000000e+01 1.32050737e-07
6.48500000e+01 1.31968867e-07
6.49000000e+01 1.31723510e-07
6.49500000e+01 1.31478817e-07
6.50000000e+01 1.31234747e-07
6.50500000e+01 1.31152957e-07
6.51000000e+01 1.30909880e-07
6.51500000e+01 1.30667430e-07
6.52000000e+01 1.30425623e-07
6.52500000e+01 1.30343917e-07
6.53000000e+01 1.30103080e-07
6.53500000e+01 1.29862867e-07
6.54000000e+01 1.30655990e-07
6.54500000e+01 1.30572423e-07
6.55000000e+01 1.30331863e-07
6.55500000e+01 1.30091937e-07
6.56000000e+01 1.29852643e-07
6.56500000e+01 1.29769180e-07
6.57000000e+01 1.29530837e-07
6.57500000e+01 1.29293120e-07
6.58000000e+01 1.29056020e-07
6.58500000e+01 1.28972680e-07
6.59000000e+01 1.28736540e-07
6.59500000e+01 1.28501003e-07
6.60000000e+01 1.28266073e-07
6.60500000e+01 1.28031763e-07
6.61000000e+01 1.27948877e-07
6.61500000e+01 1.27715490e-07
6.62000000e+01 1.27482720e-07
6.62500000e+01 1.27250540e-07
6.63000000e+01 1.27167780e-07
6.63500000e+01 1.26936543e-07
6.64000000e+01 1.27711703e-07
6.64500000e+01 1.27479790e-07
6.65000000e+01 1.27395283e-07
6.65500000e+01 1.27164283e-07
6.66000000e+01 1.26933887e-07
6.66500000e+01 1.26704070e-07
6.67000000e+01 1.26619723e-07
6.67500000e+01 1.26390830e-07
6.68000000e+01 1.26162540e-07
6.68500000e+01 1.25934810e-07
6.69000000e+01 1.25707677e-07
6.69500000e+01 1.25623813e-07
6.70000000e+01 1.25397573e-07
6.70500000e+01 1.25171917e-07
6.71000000e+01 1.24946827e-07
6.71500000e+01 1.24863130e-07
6.72000000e+01 1.24638937e-07
6.72500000e+01 1.24415323e-07
6.73000000e+01 1.24192277e-07
6.73500000e+01 1.24108743e-07
6.74000000e+01 1.24866853e-07
6.74500000e+01 1.24643463e-07
6.75000000e+01 1.24420640e-07
6.75500000e+01 1.24198377e-07
6.76000000e+01 1.24113537e-07
6.76500000e+01 1.23892147e-07
6.77000000e+01 1.23671333e-07
6.77500000e+01 1.23451070e-07
6.78000000e+01 1.23366427e-07
6.78500000e+01 1.23147033e-07
6.79000000e+01 1.22928193e-07
6.79500000e+01 1.22709903e-07
6.80000000e+01 1.22625450e-07
6.80500000e+01 1.22408017e-07
6.81000000e+01 1.22191130e-07
6.81500000e+01 1.21974800e-07
6.82000000e+01 1.21759017e-07
6.82500000e+01 1.21675073e-07
6.83000000e+01 1.21460123e-07
6.83500000e+01 1.21245717e-07
6.84000000e+01 1.21031847e-07
6.84500000e+01 1.21902380e-07
6.85000000e+01 1.21687623e-07
6.85500000e+01 1.21473417e-07
6.86000000e+01 1.21259737e-07
6.86500000e+01 1.21046607e-07
6.87000000e+01 1.20961653e-07
6.87500000e+01 1.20749343e-07
6.88000000e+01 1.20537563e-07
6.88500000e+01 1.20326317e-07
6.89000000e+01 1.20241590e-07
6.89500000e+01 1.20031163e-07
6.90000000e+01 1.19821257e-07
6.90500000e+01 1.19611873e-07
6.91000000e+01 1.19403013e-07
6.91500000e+01 1.19318820e-07
6.92000000e+01 1.19110767e-07
6.92500000e+01 1.18903233e-07
6.93000000e+01 1.18696217e-07
6.93500000e+01 1.18612233e-07
6.94000000e+01 1.18406017e-07
6.94500000e+01 1.18200303e-07
6.95000000e+01 1.17995107e-07
6.95500000e+01 1.18718373e-07
6.96000000e+01 1.18633267e-07
6.96500000e+01 1.18427727e-07
6.97000000e+01 1.18222693e-07
6.97500000e+01 1.18018173e-07
6.98000000e+01 1.17814147e-07
6.98500000e+01 1.17729567e-07
6.99000000e+01 1.17526333e-07
6.99500000e+01 1.17323587e-07
7.00000000e+01 1.17121357e-07
7.00500000e+01 1.17037033e-07
7.01000000e+01 1.16835573e-07
7.01500000e+01 1.16634603e-07
7.02000000e+01 1.16434133e-07
7.02500000e+01 1.16234147e-07
7.03000000e+01 1.16150347e-07
7.03500000e+01 1.15951131e-07
7.04000000e+01 1.15752402e-07
7.04500000e+01 1.15554151e-07
7.05000000e+01 1.15356403e-07
7.05500000e+01 1.15273128e-07
7.06000000e+01 1.15076126e-07
7.06500000e+01 1.15782586e-07
7.07000000e+01 1.15584975e-07
7.07500000e+01 1.15500366e-07
7.08000000e+01 1.15303508e-07
7.08500000e+01 1.15107122e-07
7.09000000e+01 1.14911213e-07
7.09500000e+01 1.14715780e-07
7.10000000e+01 1.14631735e-07
7.10500000e+01 1.14437044e-07
7.11000000e+01 1.14242829e-07
7.11500000e+01 1.14049081e-07
7.12000000e+01 1.13855802e-07
7.12500000e+01 1.13772277e-07
7.13000000e+01 1.13579741e-07
7.13500000e+01 1.13387657e-07
7.14000000e+01 1.13196046e-07
7.14500000e+01 1.13004892e-07
7.15000000e+01 1.12921911e-07
7.15500000e+01 1.12731482e-07
7.16000000e+01 1.12541513e-07
7.16500000e+01 1.12351995e-07
7.17000000e+01 1.12269276e-07
7.17500000e+01 1.12080475e-07
7.18000000e+01 1.12769927e-07
7.18500000e+01 1.12580535e-07
7.19000000e+01 1.12391588e-07
7.19500000e+01 1.12307890e-07
7.20000000e+01 1.12119664e-07
7.20500000e+01 1.11931881e-07
7.21000000e+01 1.11744553e-07
7.21500000e+01 1.11557657e-07
7.22000000e+01 1.11474510e-07
7.22500000e+01 1.11288327e-07
7.23000000e+01 1.11102586e-07
7.23500000e+01 1.10917300e-07
7.24000000e+01 1.10732437e-07
7.24500000e+01 1.10649833e-07
7.25000000e+01 1.10465675e-07
7.25500000e+01 1.10281952e-07
7.26000000e+01 1.10098659e-07
7.26500000e+01 1.09915800e-07
7.27000000e+01 1.09833734e-07
7.27500000e+01 1.09651562e-07
7.28000000e+01 1.09469836e-07
7.28500000e+01 1.09288521e-07
7.29000000e+01 1.09107637e-07
7.29500000e+01 1.09026106e-07
7.30000000e+01 1.09698391e-07
7.30500000e+01 1.09517173e-07
7.31000000e+01 1.09336377e-07
7.31500000e+01 1.09156013e-07
7.32000000e+01 1.09073568e-07
7.32500000e+01 1.08893888e-07
7.33000000e+01 1.08714616e-07
7.33500000e+01 1.08535766e-07
7.34000000e+01 1.08357337e-07
7.34500000e+01 1.08275439e-07
7.35000000e+01 1.08097680e-07
7.35500000e+01 1.07920322e-07
7.36000000e+01 1.07743389e-07
7.36500000e+01 1.07566861e-07
7.37000000e+01 1.07485505e-07
7.37500000e+01 1.07309653e-07
7.38000000e+01 1.07134197e-07
7.38500000e+01 1.06959151e-07
7.39000000e+01 1.06784509e-07
7.39500000e+01 1.06703682e-07
7.40000000e+01 1.06529692e-07
7.40500000e+01 1.06356103e-07
7.41000000e+01 1.06182923e-07
7.41500000e+01 1.06010136e-07
7.42000000e+01 1.06758401e-07
7.42500000e+01 1.06584878e-07
7.43000000e+01 1.06411765e-07
7.43500000e+01 1.06239055e-07
7.44000000e+01 1.06066735e-07
7.44500000e+01 1.05985598e-07
7.45000000e+01 1.05813921e-07
7.45500000e+01 1.05642641e-07
7.46000000e+01 1.05471745e-07
7.46500000e+01 1.05301263e-07
7.47000000e+01 1.05220660e-07
7.47500000e+01 1.05050802e-07
7.48000000e+01 1.04881327e-07
7.48500000e+01 1.04712242e-07
7.49000000e+01 1.04543546e-07
7.49500000e+01 1.04463474e-07
7.50000000e+01 1.04295402e-07
7.50500000e+01 1.04127713e-07
7.51000000e+01 1.03960412e-07
7.51500000e+01 1.03793491e-07
7.52000000e+01 1.03713953e-07
7.52500000e+01 1.03547639e-07
7.53000000e+01 1.03381717e-07
7.53500000e+01 1.03216158e-07
7.54000000e+01 1.03050986e-07
7.54500000e+01 1.02971969e-07
7.55000000e+01 1.03610651e-07
7.55500000e+01 1.03445147e-07
7.56000000e+01 1.03280028e-07
7.56500000e+01 1.03115270e-07
7.57000000e+01 1.02950890e-07
7.57500000e+01 1.02871324e-07
7.58000000e+01 1.02707549e-07
7.58500000e+01 1.02544142e-07
7.59000000e+01 1.02381100e-07
7.59500000e+01 1.02218434e-07
7.60000000e+01 1.02139392e-07
7.60500000e+01 1.01977335e-07
7.61000000e+01 1.01815624e-07
7.61500000e+01 1.01654280e-07
7.62000000e+01 1.01493309e-07
7.62500000e+01 1.01414789e-07
7.63000000e+01 1.01254399e-07
7.63500000e+01 1.01094364e-07
7.64000000e+01 1.00934692e-07
7.64500000e+01 1.00775379e-07
7.65000000e+01 1.00616433e-07
7.65500000e+01 1.00538663e-07
7.66000000e+01 1.00380284e-07
7.66500000e+01 1.00222261e-07
7.67000000e+01 1.00064596e-07
7.67500000e+01 9.99072710e-08
7.68000000e+01 1.00609385e-07
7.68500000e+01 1.00451392e-07
7.69000000e+01 1.00293749e-07
7.69500000e+01 1.00136461e-07
7.70000000e+01 9.99795237e-08
7.70500000e+01 9.99015327e-08
7.71000000e+01 9.97451630e-08
7.71500000e+01 9.95891433e-08
7.72000000e+01 9.94334640e-08
7.72500000e+01 9.92781373e-08
7.73000000e+01 9.91231470e-08
7.73500000e+01 9.90458963e-08
7.74000000e+01 9.88914707e-08
7.74500000e+01 9.87373967e-08
7.75000000e+01 9.85836563e-08
7.75500000e+01 9.84302473e-08
7.76000000e+01 9.83535143e-08
7.76500000e+01 9.82006630e-08
7.77000000e+01 9.80481503e-08
7.77500000e+01 9.78959767e-08
7.78000000e+01 9.77441347e-08
7.78500000e+01 9.76679057e-08
7.79000000e+01 9.75166257e-08
7.79500000e+01 9.73656617e-08
7.80000000e+01 9.72150350e-08
7.80500000e+01 9.70647450e-08
7.81000000e+01 9.69147757e-08
7.81500000e+01 9.75948770e-08
7.82000000e+01 9.74442593e-08
7.82500000e+01 9.72939673e-08
7.83000000e+01 9.71440097e-08
7.83500000e+01 9.69943870e-08
7.84000000e+01 9.69181823e-08
7.84500000e+01 9.67690887e-08
7.85000000e+01 9.66203203e-08
7.85500000e+01 9.64718770e-08
7.86000000e+01 9.63237590e-08
7.86500000e+01 9.61759590e-08
7.87000000e+01 9.61004743e-08
7.87500000e+01 9.59532027e-08
7.88000000e+01 9.58062647e-08
7.88500000e+01 9.56596370e-08
7.89000000e+01 9.55133263e-08
7.89500000e+01 9.53673290e-08
7.90000000e+01 9.52925523e-08
7.90500000e+01 9.51470850e-08
7.91000000e+01 9.50019263e-08
7.91500000e+01 9.48570823e-08
7.92000000e+01 9.47125527e-08
7.92500000e+01 9.46382687e-08
7.93000000e+01 9.44942640e-08
7.93500000e+01 9.43505560e-08
7.94000000e+01 9.42071640e-08
7.94500000e+01 9.40640813e-08
7.95000000e+01 9.39213060e-08
7.95500000e+01 9.45797817e-08
7.96000000e+01 9.44363773e-08
7.96500000e+01 9.42932840e-08
7.97000000e+01 9.41505017e-08
7.97500000e+01 9.40080317e-08
7.98000000e+01 9.39337960e-08
7.98500000e+01 9.37918127e-08
7.99000000e+01 9.36501567e-08
7.99500000e+01 9.35087937e-08
8.00000000e+01 9.33677253e-08
