-2.00000000e+01 1.66970140e-07 1.50888390e-07
-1.99500000e+01 1.67559240e-07 1.51367150e-07
-1.99000000e+01 1.68151830e-07 1.51848417e-07
-1.98500000e+01 1.68747950e-07 1.52332223e-07
-1.98000000e+01 1.69347613e-07 1.52818570e-07
-1.97500000e+01 1.69950870e-07 1.53307490e-07
-1.97000000e+01 1.70557747e-07 1.53799003e-07
-1.96500000e+01 1.71168267e-07 1.54293137e-07
-1.96000000e+01 1.71782460e-07 1.54789877e-07
-1.95500000e+01 1.72400367e-07 1.55289287e-07
-1.95000000e+01 1.73022013e-07 1.55791373e-07
-1.94500000e+01 1.73647447e-07 1.56296127e-07
-1.94000000e+01 1.74276687e-07 1.56803610e-07
-1.93500000e+01 1.74909753e-07 1.57313803e-07
-1.93000000e+01 1.75546700e-07 1.57826757e-07
-1.92500000e+01 1.76187570e-07 1.58342490e-07
-1.92000000e+01 1.76832383e-07 1.58861020e-07
-1.91500000e+01 1.77481153e-07 1.59382367e-07
-1.91000000e+01 1.78133943e-07 1.59906547e-07
-1.90500000e+01 1.78790787e-07 1.60433597e-07
-1.90000000e+01 1.79451723e-07 1.60963520e-07
-1.89500000e+01 1.80116780e-07 1.61496357e-07
-1.89000000e+01 1.80785990e-07 1.62032107e-07
-1.88500000e+01 1.81459373e-07 1.62570817e-07
-1.88000000e+01 1.82137023e-07 1.63112510e-07
-1.87500000e+01 1.82818940e-07 1.63657193e-07
-1.87000000e+01 1.83505163e-07 1.64204910e-07
-1.86500000e+01 1.84195713e-07 1.64755653e-07
-1.86000000e+01 1.84890663e-07 1.65309487e-07
-1.85500000e+01 1.85590057e-07 1.65866400e-07
-1.85000000e+01 1.86293920e-07 1.66426447e-07
-1.84500000e+01 1.87002283e-07 1.66989617e-07
-1.84000000e+01 1.87715187e-07 1.67555973e-07
-1.83500000e+01 1.88432693e-07 1.68125523e-07
-1.83000000e+01 1.89154847e-07 1.68698293e-07
-1.82500000e+01 1.89881683e-07 1.69274317e-07
-1.82000000e+01 1.90613210e-07 1.69853600e-07
-1.81500000e+01 1.91349510e-07 1.70436200e-07
-1.81000000e+01 1.92090640e-07 1.71022127e-07
-1.80500000e+01 1.92836633e-07 1.71611393e-07
-1.80000000e+01 1.93587513e-07 1.72204060e-07
-1.79500000e+01 1.94343330e-07 1.72800113e-07
-1.79000000e+01 1.95104147e-07 1.73399613e-07
-1.78500000e+01 1.95870017e-07 1.74002583e-07
-1.78000000e+01 1.96640987e-07 1.74609057e-07
-1.77500000e+01 1.97417077e-07 1.75219037e-07
-1.77000000e+01 1.98198343e-07 1.75832590e-07
-1.76500000e+01 1.98984860e-07 1.76449727e-07
-1.76000000e+01 1.99776673e-07 1.77070460e-07
-1.75500000e+01 2.00573830e-07 1.77694853e-07
-1.75000000e+01 2.01376353e-07 1.78322900e-07
-1.74500000e+01 2.02184317e-07 1.78954667e-07
-1.74000000e+01 2.02997797e-07 1.79590170e-07
-1.73500000e+01 2.03816833e-07 1.80229443e-07
-1.73000000e+01 2.04641457e-07 1.80872513e-07
-1.72500000e+01 2.05471730e-07 1.81519417e-07
-1.72000000e+01 2.06307727e-07 1.82170197e-07
-1.71500000e+01 2.07149503e-07 1.82824860e-07
-1.71000000e+01 2.07997117e-07 1.83483467e-07
-1.70500000e+01 2.08850583e-07 1.84146027e-07
-1.70000000e+01 2.09710003e-07 1.84812597e-07
-1.69500000e+01 2.10575447e-07 1.85483210e-07
-1.69000000e+01 2.11446953e-07 1.86157890e-07
-1.68500000e+01 2.12324587e-07 1.86836677e-07
-1.68000000e+01 2.13208383e-07 1.87519590e-07
-1.67500000e+01 2.14098433e-07 1.88206700e-07
-1.67000000e+01 2.14994817e-07 1.88898013e-07
-1.66500000e+01 2.15897577e-07 1.89593590e-07
-1.66000000e+01 2.16806770e-07 1.90293440e-07
-1.65500000e+01 2.17722460e-07 1.90997630e-07
-1.65000000e+01 2.18644737e-07 1.91706197e-07
-1.64500000e+01 2.19573667e-07 1.92419157e-07
-1.64000000e+01 2.20509313e-07 1.93136570e-07
-1.63500000e+01 2.21451717e-07 1.93858447e-07
-1.63000000e+01 2.22400973e-07 1.94584877e-07
-1.62500000e+01 2.23357173e-07 1.95315870e-07
-1.62000000e+01 2.24320377e-07 1.96051453e-07
-1.61500000e+01 2.25290637e-07 1.96791693e-07
-1.61000000e+01 2.26268027e-07 1.97536610e-07
-1.60500000e+01 2.27252647e-07 1.98286283e-07
-1.60000000e+01 2.28244580e-07 1.99040727e-07
-1.59500000e+01 2.29243893e-07 1.99799990e-07
-1.59000000e+01 2.30250640e-07 2.00564107e-07
-1.58500000e+01 2.31264907e-07 2.01333157e-07
-1.58000000e+01 2.32286800e-07 2.02107163e-07
-1.57500000e+01 2.33316410e-07 2.02886150e-07
-1.57000000e+01 2.34353797e-07 2.03670203e-07
-1.56500000e+01 2.35399017e-07 2.04459330e-07
-1.56000000e+01 2.36452190e-07 2.05253627e-07
-1.55500000e+01 2.37513420e-07 2.06053103e-07
-1.55000000e+01 2.38582787e-07 2.06857823e-07
-1.54500000e+01 2.39660350e-07 2.07667820e-07
-1.54000000e+01 2.40746200e-07 2.08483177e-07
-1.53500000e+01 2.41840463e-07 2.09303927e-07
-1.53000000e+01 2.42943230e-07 2.10130110e-07
-1.52500000e+01 2.44054580e-07 2.10961790e-07
-1.52000000e+01 2.45174583e-07 2.11798997e-07
-1.51500000e+01 2.46303367e-07 2.12641833e-07
-1.51000000e+01 2.47441050e-07 2.13490330e-07
-1.50500000e+01 2.48587717e-07 2.14344513e-07
-1.50000000e+01 2.49743450e-07 2.15204473e-07
-1.49500000e+01 2.50908360e-07 2.16070237e-07
-1.49000000e+01 2.52082547e-07 2.16941900e-07
-1.48500000e+01 2.53266150e-07 2.17819490e-07
-1.48000000e+01 2.54459263e-07 2.18703080e-07
-1.47500000e+01 2.55661973e-07 2.19592700e-07
-1.47000000e+01 2.56874383e-07 2.20488460e-07
-1.46500000e+01 2.58096650e-07 2.21390400e-07
-1.46000000e+01 2.59328877e-07 2.22298557e-07
-1.45500000e+01 2.60571173e-07 2.23213020e-07
-1.45000000e+01 2.61823623e-07 2.24133823e-07
-1.44500000e+01 2.63086383e-07 2.25061080e-07
-1.44000000e+01 2.64359593e-07 2.25994827e-07
-1.43500000e+01 2.65643360e-07 2.26935107e-07
-1.43000000e+01 2.66937787e-07 2.27882023e-07
-1.42500000e+01 2.68242993e-07 2.28835603e-07
-1.42000000e+01 2.69559157e-07 2.29795983e-07
-1.41500000e+01 2.70886397e-07 2.30763160e-07
-1.41000000e+01 2.72224843e-07 2.31737247e-07
-1.40500000e+01 2.73574607e-07 2.32718280e-07
-1.40000000e+01 2.74935810e-07 2.33706380e-07
-1.39500000e+01 2.76308663e-07 2.34701597e-07
-1.39000000e+01 2.77693290e-07 2.35703980e-07
-1.38500000e+01 2.79089810e-07 2.36713643e-07
-1.38000000e+01 2.80498340e-07 2.37730617e-07
-1.37500000e+01 2.81919073e-07 2.38755043e-07
-1.37000000e+01 2.83352180e-07 2.39786947e-07
-1.36500000e+01 2.84797797e-07 2.40826423e-07
-1.36000000e+01 2.86256057e-07 2.41873543e-07
-1.35500000e+01 2.87727107e-07 2.42928420e-07
-1.35000000e+01 2.89211163e-07 2.43991130e-07
-1.34500000e+01 2.90708380e-07 2.45061717e-07
-1.34000000e+01 2.92218917e-07 2.46140303e-07
-1.33500000e+01 2.93742890e-07 2.47226937e-07
-1.33000000e+01 2.95280527e-07 2.48321770e-07
-1.32500000e+01 2.96832027e-07 2.49424850e-07
-1.32000000e+01 2.98397543e-07 2.50536257e-07
-1.31500000e+01 2.99977237e-07 2.51656110e-07
-1.31000000e+01 3.01571287e-07 2.52784460e-07
-1.30500000e+01 3.03179917e-07 2.53921463e-07
-1.30000000e+01 3.04803320e-07 2.55067173e-07
-1.29500000e+01 3.06441690e-07 2.56221693e-07
-1.29000000e+01 3.08095183e-07 2.57385110e-07
-1.28500000e+01 3.09764000e-07 2.58557563e-07
-1.28000000e+01 3.11448400e-07 2.59739133e-07
-1.27500000e+01 3.13148587e-07 2.60929903e-07
-1.27000000e+01 3.14864750e-07 2.62129997e-07
-1.26500000e+01 3.16597060e-07 2.63339493e-07
-1.26000000e+01 3.18345790e-07 2.64558560e-07
-1.25500000e+01 3.20111187e-07 2.65787253e-07
-1.25000000e+01 3.21893460e-07 2.67025700e-07
-1.24500000e+01 3.23692803e-07 2.68274013e-07
-1.24000000e+01 3.25509450e-07 2.69532303e-07
-1.23500000e+01 3.27343693e-07 2.70800713e-07
-1.23000000e+01 3.29195777e-07 2.72079317e-07
-1.22500000e+01 3.31065923e-07 2.73368263e-07
-1.22000000e+01 3.32954367e-07 2.74667630e-07
-1.21500000e+01 3.34861337e-07 2.75977627e-07
-1.21000000e+01 3.36787203e-07 2.77298330e-07
-1.20500000e+01 3.38732197e-07 2.78629833e-07
-1.20000000e+01 3.40696560e-07 2.79972317e-07
-1.19500000e+01 3.42680527e-07 2.81325857e-07
-1.19000000e+01 3.44684443e-07 2.82690673e-07
-1.18500000e+01 3.46708613e-07 2.84066833e-07
-1.18000000e+01 3.48753323e-07 2.85454487e-07
-1.17500000e+01 3.50818827e-07 2.86853763e-07
-1.17000000e+01 3.52905417e-07 2.88264860e-07
-1.16500000e+01 3.55013477e-07 2.89687887e-07
-1.16000000e+01 3.57143300e-07 2.91122967e-07
-1.15500000e+01 3.59295217e-07 2.92570273e-07
-1.15000000e+01 3.61469470e-07 2.94029930e-07
-1.14500000e+01 3.63666473e-07 2.95502160e-07
-1.14000000e+01 3.65886590e-07 2.96987080e-07
-1.13500000e+01 3.68130153e-07 2.98484817e-07
-1.13000000e+01 3.70397470e-07 2.99995580e-07
-1.12500000e+01 3.72688903e-07 3.01519480e-07
-1.12000000e+01 3.75004873e-07 3.03056777e-07
-1.11500000e+01 3.77345760e-07 3.04607557e-07
-1.11000000e+01 3.79711933e-07 3.06172030e-07
-1.10500000e+01 3.82103760e-07 3.07750337e-07
-1.10000000e+01 3.84521607e-07 3.09342723e-07
-1.09500000e+01 3.86965960e-07 3.10949343e-07
-1.09000000e+01 3.89437253e-07 3.12570343e-07
-1.08500000e+01 3.91935867e-07 3.14205963e-07
-1.08000000e+01 3.94462170e-07 3.15856333e-07
-1.07500000e+01 3.97016673e-07 3.17521743e-07
-1.07000000e+01 3.99599873e-07 3.19202323e-07
-1.06500000e+01 4.02212200e-07 3.20898280e-07
-1.06000000e+01 4.04854080e-07 3.22609840e-07
-1.05500000e+01 4.07525977e-07 3.24337200e-07
-1.05000000e+01 4.10228480e-07 3.26080610e-07
-1.04500000e+01 4.12962060e-07 3.27840237e-07
-1.04000000e+01 4.15727223e-07 3.29616320e-07
-1.03500000e+01 4.18524413e-07 3.31409050e-07
-1.03000000e+01 4.21354233e-07 3.33218757e-07
-1.02500000e+01 4.24217283e-07 3.35045610e-07
-1.02000000e+01 4.27114090e-07 3.36889813e-07
-1.01500000e+01 4.30045203e-07 3.38751670e-07
-1.01000000e+01 4.33011133e-07 3.40631353e-07
-1.00500000e+01 4.36012550e-07 3.42529230e-07
-1.00000000e+01 4.39050127e-07 3.44445467e-07
-9.95000000e+00 4.42124450e-07 3.46380343e-07
-9.90000000e+00 4.45236097e-07 3.48334107e-07
-9.85000000e+00 4.48385687e-07 3.50307097e-07
-9.80000000e+00 4.51574020e-07 3.52299563e-07
-9.75000000e+00 4.54801737e-07 3.54311740e-07
-9.70000000e+00 4.58069523e-07 3.56343957e-07
-9.65000000e+00 4.61378010e-07 3.58396447e-07
-9.60000000e+00 4.64728000e-07 3.60469630e-07
-9.55000000e+00 4.68120300e-07 3.62563740e-07
-9.50000000e+00 4.71555637e-07 3.64679043e-07
-9.45000000e+00 4.75034743e-07 3.66815930e-07
-9.40000000e+00 4.78558380e-07 3.68974643e-07
-9.35000000e+00 4.82127513e-07 3.71155633e-07
-9.30000000e+00 4.85742930e-07 3.73359130e-07
-9.25000000e+00 4.89405487e-07 3.75585517e-07
-9.20000000e+00 4.93116020e-07 3.77835110e-07
-9.15000000e+00 4.96875400e-07 3.80108350e-07
-9.10000000e+00 5.00684657e-07 3.82405557e-07
-9.05000000e+00 5.04544767e-07 3.84727047e-07
-9.00000000e+00 5.08456630e-07 3.87073280e-07
-8.95000000e+00 5.12421157e-07 3.89444550e-07
-8.90000000e+00 5.16439460e-07 3.91841390e-07
-8.85000000e+00 5.20512647e-07 3.94264107e-07
-8.80000000e+00 5.24641767e-07 3.96713117e-07
-8.75000000e+00 5.28827837e-07 3.99188837e-07
-8.70000000e+00 5.33071947e-07 4.01691777e-07
-8.65000000e+00 5.37375427e-07 4.04222333e-07
-8.60000000e+00 5.41739403e-07 4.06780907e-07
-8.55000000e+00 5.46165093e-07 4.09367993e-07
-8.50000000e+00 5.50653630e-07 4.11984017e-07
-8.45000000e+00 5.55206387e-07 4.14629587e-07
-8.40000000e+00 5.59824763e-07 4.17305110e-07
-8.35000000e+00 5.64510077e-07 4.20011037e-07
-8.30000000e+00 5.69263640e-07 4.22747960e-07
-8.25000000e+00 5.74086897e-07 4.25516317e-07
-8.20000000e+00 5.78981277e-07 4.28316787e-07
-8.15000000e+00 5.83948460e-07 4.31149797e-07
-8.10000000e+00 5.88989920e-07 4.34015933e-07
-8.05000000e+00 5.94107150e-07 4.36915753e-07
-8.00000000e+00 5.99301740e-07 4.39849940e-07
-7.95000000e+00 6.04575587e-07 4.42819033e-07
-7.90000000e+00 6.09930343e-07 4.45823607e-07
-7.85000000e+00 6.15367783e-07 4.48864330e-07
-7.80000000e+00 6.20889593e-07 4.51941793e-07
-7.75000000e+00 6.26497760e-07 4.55056797e-07
-7.70000000e+00 6.32194327e-07 4.58209933e-07
-7.65000000e+00 6.37981237e-07 4.61401823e-07
-7.60000000e+00 6.43860443e-07 4.64633277e-07
-7.55000000e+00 6.49833987e-07 4.67904930e-07
-7.50000000e+00 6.55904293e-07 4.71217680e-07
-7.45000000e+00 6.62073507e-07 4.74572147e-07
-7.40000000e+00 6.68343937e-07 4.77969160e-07
-7.35000000e+00 6.74717883e-07 4.81409490e-07
-7.30000000e+00 6.81197670e-07 4.84894067e-07
-7.25000000e+00 6.87786180e-07 4.88423670e-07
-7.20000000e+00 6.94485893e-07 4.91999093e-07
-7.15000000e+00 7.01299433e-07 4.95621330e-07
-7.10000000e+00 7.08229433e-07 4.99291170e-07
-7.05000000e+00 7.15278897e-07 5.03009733e-07
-7.00000000e+00 7.22450867e-07 5.06777837e-07
-6.95000000e+00 7.29748347e-07 5.10596467e-07
-6.90000000e+00 7.37174363e-07 5.14466650e-07
-6.85000000e+00 7.44732060e-07 5.18389520e-07
-6.80000000e+00 7.52425100e-07 5.22366093e-07
-6.75000000e+00 7.60256837e-07 5.26397380e-07
-6.70000000e+00 7.68230840e-07 5.30484563e-07
-6.65000000e+00 7.76350613e-07 5.34628747e-07
-6.60000000e+00 7.84620120e-07 5.38831297e-07
-6.55000000e+00 7.93043440e-07 5.43093317e-07
-6.50000000e+00 8.01624633e-07 5.47415983e-07
-6.45000000e+00 8.10367780e-07 5.51800723e-07
-6.40000000e+00 8.19277160e-07 5.56248720e-07
-6.35000000e+00 8.28357573e-07 5.60761567e-07
-6.30000000e+00 8.37613690e-07 5.65340477e-07
-6.25000000e+00 8.47050343e-07 5.69986963e-07
-6.20000000e+00 8.56672420e-07 5.74702483e-07
-6.15000000e+00 8.66484973e-07 5.79488707e-07
-6.10000000e+00 8.76493880e-07 5.84347140e-07
-6.05000000e+00 8.86704567e-07 5.89279337e-07
-6.00000000e+00 8.97122867e-07 5.94287053e-07
-5.95000000e+00 9.07754510e-07 5.99371927e-07
-5.90000000e+00 9.18605993e-07 6.04535977e-07
-5.85000000e+00 9.29683937e-07 6.09780850e-07
-5.80000000e+00 9.40995037e-07 6.15108440e-07
-5.75000000e+00 9.52546147e-07 6.20520800e-07
-5.70000000e+00 9.64344330e-07 6.26019923e-07
-5.65000000e+00 9.76397703e-07 6.31607967e-07
-5.60000000e+00 9.88713957e-07 6.37286940e-07
-5.55000000e+00 1.00130120e-06 6.43059140e-07
-5.50000000e+00 1.01416790e-06 6.48926803e-07
-5.45000000e+00 1.02732257e-06 6.54892547e-07
-5.40000000e+00 1.04077516e-06 6.60958657e-07
-5.35000000e+00 1.05453508e-06 6.67127577e-07
-5.30000000e+00 1.06861218e-06 6.73402110e-07
-5.25000000e+00 1.08301662e-06 6.79784793e-07
-5.20000000e+00 1.09775960e-06 6.86278733e-07
-5.15000000e+00 1.11285259e-06 6.92886610e-07
-5.10000000e+00 1.12830747e-06 6.99611423e-07
-5.05000000e+00 1.14413632e-06 7.06456373e-07
-5.00000000e+00 1.16035176e-06 7.13424827e-07
-4.95000000e+00 1.17696803e-06 7.20520050e-07
-4.90000000e+00 1.19399896e-06 7.27745390e-07
-4.85000000e+00 1.21145930e-06 7.35104547e-07
-4.80000000e+00 1.22936413e-06 7.42601203e-07
-4.75000000e+00 1.24772975e-06 7.50239520e-07
-4.70000000e+00 1.26657345e-06 7.58023330e-07
-4.65000000e+00 1.28591284e-06 7.65956697e-07
-4.60000000e+00 1.30576620e-06 7.74044197e-07
-4.55000000e+00 1.32615273e-06 7.82290133e-07
-4.50000000e+00 1.34709350e-06 7.90699580e-07
-4.45000000e+00 1.36860980e-06 7.99277063e-07
-4.40000000e+00 1.39072417e-06 8.08027863e-07
-4.35000000e+00 1.41345997e-06 8.16957153e-07
-4.30000000e+00 1.43684177e-06 8.26070750e-07
-4.25000000e+00 1.46089637e-06 8.35374217e-07
-4.20000000e+00 1.48565147e-06 8.44873437e-07
-4.15000000e+00 1.51113567e-06 8.54574873e-07
-4.10000000e+00 1.53737910e-06 8.64484850e-07
-4.05000000e+00 1.56441420e-06 8.74610527e-07
-4.00000000e+00 1.59227547e-06 8.84958743e-07
-3.95000000e+00 1.62099860e-06 8.95536883e-07
-3.90000000e+00 1.65062110e-06 9.06352857e-07
-3.85000000e+00 1.68118243e-06 9.17414957e-07
-3.80000000e+00 1.71272623e-06 9.28731577e-07
-3.75000000e+00 1.74529673e-06 9.40311430e-07
-3.70000000e+00 1.77894163e-06 9.52163973e-07
-3.65000000e+00 1.81371037e-06 9.64298923e-07
-3.60000000e+00 1.84965663e-06 9.76726890e-07
-3.55000000e+00 1.88683760e-06 9.89458373e-07
-3.50000000e+00 1.92531327e-06 1.00250445e-06
-3.45000000e+00 1.96514737e-06 1.01587738e-06
-3.40000000e+00 2.00640713e-06 1.02958924e-06
-3.35000000e+00 2.04916523e-06 1.04365372e-06
-3.30000000e+00 2.09350000e-06 1.05808421e-06
-3.25000000e+00 2.13949317e-06 1.07289511e-06
-3.20000000e+00 2.18723203e-06 1.08810209e-06
-3.15000000e+00 2.23680943e-06 1.10372141e-06
-3.10000000e+00 2.28832793e-06 1.11977003e-06
-3.05000000e+00 2.34189410e-06 1.13626572e-06
-3.00000000e+00 2.39762313e-06 1.15322768e-06
-2.95000000e+00 2.45563750e-06 1.17067598e-06
-2.90000000e+00 2.51607000e-06 1.18863243e-06
-2.85000000e+00 2.57906407e-06 1.20711929e-06
-2.80000000e+00 2.64477287e-06 1.22616013e-06
-2.75000000e+00 2.71336087e-06 1.24578103e-06
-2.70000000e+00 2.78500460e-06 1.26600853e-06
-2.65000000e+00 2.85989930e-06 1.28687193e-06
-2.60000000e+00 2.93825137e-06 1.30840110e-06
-2.55000000e+00 3.02028607e-06 1.33062890e-06
-2.50000000e+00 3.10624663e-06 1.35359007e-06
-2.45000000e+00 3.19639553e-06 1.37732193e-06
-2.40000000e+00 3.29102317e-06 1.40186380e-06
-2.35000000e+00 3.39044220e-06 1.42725760e-06
-2.30000000e+00 3.49499260e-06 1.45354930e-06
-2.25000000e+00 3.60504470e-06 1.48078680e-06
-2.20000000e+00 3.72100510e-06 1.50902317e-06
-2.15000000e+00 3.84332083e-06 1.53831373e-06
-2.10000000e+00 3.97247923e-06 1.56871830e-06
-2.05000000e+00 4.10901533e-06 1.60030253e-06
-2.00000000e+00 4.25351513e-06 1.63313663e-06
-1.95000000e+00 4.40663397e-06 1.66729577e-06
-1.90000000e+00 4.56908680e-06 1.70286120e-06
-1.85000000e+00 4.74166780e-06 1.73992187e-06
-1.80000000e+00 4.92525330e-06 1.77857363e-06
-1.75000000e+00 5.12081957e-06 1.81892160e-06
-1.70000000e+00 5.32945600e-06 1.86107847e-06
-1.65000000e+00 5.55237373e-06 1.90516743e-06
-1.60000000e+00 5.79092513e-06 1.95132440e-06
-1.55000000e+00 6.04662373e-06 1.99969607e-06
-1.50000000e+00 6.32116810e-06 2.05044540e-06
-1.45000000e+00 6.61647950e-06 2.10374840e-06
-1.40000000e+00 6.93471100e-06 2.15980047e-06
-1.35000000e+00 7.27829803e-06 2.21881680e-06
-1.30000000e+00 7.64999103e-06 2.28103513e-06
-1.25000000e+00 8.05293717e-06 2.34671710e-06
-1.20000000e+00 8.49069277e-06 2.41615297e-06
-1.15000000e+00 8.96732370e-06 2.48966640e-06
-1.10000000e+00 9.48746283e-06 2.56761653e-06
-1.05000000e+00 1.00564195e-05 2.65040610e-06
-1.00000000e+00 1.06802906e-05 2.73848270e-06
-9.50000000e-01 1.13660646e-05 2.83234807e-06
-9.00000000e-01 1.21217715e-05 2.93256957e-06
-8.50000000e-01 1.29566161e-05 3.03978290e-06
-8.00000000e-01 1.38812215e-05 3.15470857e-06
-7.50000000e-01 1.49077206e-05 3.27815697e-06
-7.00000000e-01 1.60499913e-05 3.41105247e-06
-6.50000000e-01 1.73237783e-05 3.55444427e-06
-6.00000000e-01 1.87467707e-05 3.70952787e-06
-5.50000000e-01 2.03386833e-05 3.87766473e-06
-5.00000000e-01 2.21208837e-05 4.06041047e-06
-4.50000000e-01 2.41158450e-05 4.25955097e-06
-4.00000000e-01 2.63459213e-05 4.47712027e-06
-3.50000000e-01 2.88313977e-05 4.71545327e-06
-3.00000000e-01 3.15871860e-05 4.97720807e-06
-2.50000000e-01 3.46179613e-05 5.26540707e-06
-2.00000000e-01 3.79115247e-05 5.58348323e-06
-1.50000000e-01 4.14304490e-05 5.93527717e-06
-1.00000000e-01 4.51037297e-05 6.32503110e-06
-5.00000000e-02 4.88199817e-05 6.75734253e-06
0.00000000e+00 5.24276670e-05 7.23704577e-06
5.00000000e-02 5.57460673e-05 7.76895127e-06
1.00000000e-01 5.85899540e-05 8.35746190e-06
1.50000000e-01 6.08035907e-05 9.00592433e-06
2.00000000e-01 6.22927757e-05 9.71576233e-06
2.50000000e-01 6.30408953e-05 1.04853691e-05
3.00000000e-01 6.31007363e-05 1.13087958e-05
3.50000000e-01 6.25666383e-05 1.21747251e-05
4.00000000e-01 6.15411247e-05 1.30660072e-05
4.50000000e-01 6.01111367e-05 1.39605188e-05
5.00000000e-01 5.83400330e-05 1.48335191e-05
5.50000000e-01 5.62732717e-05 1.56611347e-05
6.00000000e-01 5.39508077e-05 1.64237400e-05
6.50000000e-01 5.14195913e-05 1.71074647e-05
7.00000000e-01 4.87410720e-05 1.77026517e-05
7.50000000e-01 4.59913383e-05 1.81998357e-05
8.00000000e-01 4.32544363e-05 1.85856114e-05
8.50000000e-01 4.06120317e-05 1.88413054e-05
9.00000000e-01 3.81341043e-05 1.89464541e-05
9.50000000e-01 3.58733333e-05 1.88862794e-05
1.00000000e+00 3.38642053e-05 1.86597746e-05
1.05000000e+00 3.21249713e-05 1.82843512e-05
1.10000000e+00 3.06616367e-05 1.77943756e-05
1.15000000e+00 2.94718867e-05 1.72346193e-05
1.20000000e+00 2.85485270e-05 1.66517929e-05
1.25000000e+00 2.78817633e-05 1.60875883e-05
1.30000000e+00 2.74602983e-05 1.55748578e-05
1.35000000e+00 2.72715250e-05 1.51370269e-05
1.40000000e+00 2.73006260e-05 1.47895343e-05
1.45000000e+00 2.75292460e-05 1.45420745e-05
1.50000000e+00 2.79336837e-05 1.44006716e-05
1.55000000e+00 2.84836947e-05 1.43691882e-05
1.60000000e+00 2.91421237e-05 1.44503034e-05
1.65000000e+00 2.98663893e-05 1.46459492e-05
1.70000000e+00 3.06116867e-05 1.49574420e-05
1.75000000e+00 3.13353483e-05 1.53853197e-05
1.80000000e+00 3.20016210e-05 1.59290294e-05
1.85000000e+00 3.25851317e-05 1.65865127e-05
1.90000000e+00 3.30721170e-05 1.73537823e-05
1.95000000e+00 3.34584347e-05 1.82246410e-05
2.00000000e+00 3.37452333e-05 1.91907920e-05
2.05000000e+00 3.39344010e-05 2.02424887e-05
2.10000000e+00 3.40268357e-05 2.13697287e-05
2.15000000e+00 3.40248630e-05 2.25634523e-05
2.20000000e+00 3.39373187e-05 2.38158150e-05
2.25000000e+00 3.37837113e-05 2.51184583e-05
2.30000000e+00 3.35940180e-05 2.64585550e-05
2.35000000e+00 3.34030793e-05 2.78135923e-05
2.40000000e+00 3.32417507e-05 2.91472337e-05
2.45000000e+00 3.31281347e-05 3.04087957e-05
2.50000000e+00 3.30621170e-05 3.15385337e-05
2.55000000e+00 3.30252510e-05 3.24785827e-05
2.60000000e+00 3.29864023e-05 3.31867727e-05
2.65000000e+00 3.29124430e-05 3.36478450e-05
2.70000000e+00 3.27808057e-05 3.38763497e-05
2.75000000e+00 3.25896593e-05 3.39096943e-05
2.80000000e+00 3.23614067e-05 3.37947020e-05
2.85000000e+00 3.21382047e-05 3.35743867e-05
2.90000000e+00 3.19717647e-05 3.32802980e-05
2.95000000e+00 3.19114400e-05 3.29315193e-05
3.00000000e+00 3.19940803e-05 3.25375880e-05
3.05000000e+00 3.22368367e-05 3.21012107e-05
3.10000000e+00 3.26329743e-05 3.16186127e-05
3.15000000e+00 3.31502250e-05 3.10786363e-05
3.20000000e+00 3.37319137e-05 3.04638113e-05
3.25000000e+00 3.43024440e-05 2.97556150e-05
3.30000000e+00 3.47781807e-05 2.89429573e-05
3.35000000e+00 3.50835017e-05 2.80303587e-05
3.40000000e+00 3.51683697e-05 2.70412120e-05
3.45000000e+00 3.50208653e-05 2.60146540e-05
3.50000000e+00 3.46694817e-05 2.49975243e-05
3.55000000e+00 3.41737290e-05 2.40354973e-05
3.60000000e+00 3.36077353e-05 2.31662880e-05
3.65000000e+00 3.30433043e-05 2.24163830e-05
3.70000000e+00 3.25376257e-05 2.18008787e-05
3.75000000e+00 3.21272917e-05 2.13252813e-05
3.80000000e+00 3.18272303e-05 2.09882020e-05
3.85000000e+00 3.16322100e-05 2.07838640e-05
3.90000000e+00 3.15192783e-05 2.07039900e-05
3.95000000e+00 3.14506880e-05 2.07384697e-05
4.00000000e+00 3.13780330e-05 2.08749910e-05
4.05000000e+00 3.12486580e-05 2.10980750e-05
4.10000000e+00 3.10141850e-05 2.13885817e-05
4.15000000e+00 3.06392987e-05 2.17243183e-05
4.20000000e+00 3.01079567e-05 2.20823410e-05
4.25000000e+00 2.94244037e-05 2.24421317e-05
4.30000000e+00 2.86084987e-05 2.27888243e-05
4.35000000e+00 2.76880890e-05 2.31149877e-05
4.40000000e+00 2.66917453e-05 2.34201160e-05
4.45000000e+00 2.56448927e-05 2.37080110e-05
4.50000000e+00 2.45695690e-05 2.39830023e-05
4.55000000e+00 2.34862973e-05 2.42466797e-05
4.60000000e+00 2.24159827e-05 2.44959783e-05
4.65000000e+00 2.13801890e-05 2.47232737e-05
4.70000000e+00 2.03998190e-05 2.49178437e-05
4.75000000e+00 1.94929983e-05 2.50679850e-05
4.80000000e+00 1.86733690e-05 2.51630117e-05
4.85000000e+00 1.79491930e-05 2.51942400e-05
4.90000000e+00 1.73233707e-05 2.51553777e-05
4.95000000e+00 1.67941167e-05 2.50422060e-05
5.00000000e+00 1.63559553e-05 2.48528980e-05
5.05000000e+00 1.60009407e-05 2.45892023e-05
5.10000000e+00 1.57199017e-05 2.42581963e-05
5.15000000e+00 1.55036240e-05 2.38737137e-05
5.20000000e+00 1.53438730e-05 2.34560900e-05
5.25000000e+00 1.52339850e-05 2.30299183e-05
5.30000000e+00 1.51690723e-05 2.26203763e-05
5.35000000e+00 1.51455767e-05 2.22495237e-05
5.40000000e+00 1.51604523e-05 2.19335410e-05
5.45000000e+00 1.52101673e-05 2.16814827e-05
5.50000000e+00 1.52899027e-05 2.14954747e-05
5.55000000e+00 1.53931723e-05 2.13719660e-05
5.60000000e+00 1.55120657e-05 2.13037157e-05
5.65000000e+00 1.56382290e-05 2.12818747e-05
5.70000000e+00 1.57643483e-05 2.12980100e-05
5.75000000e+00 1.58858220e-05 2.13456977e-05
5.80000000e+00 1.60019927e-05 2.14216290e-05
5.85000000e+00 1.61163853e-05 2.15262147e-05
5.90000000e+00 1.62357977e-05 2.16638400e-05
5.95000000e+00 1.63682313e-05 2.18426147e-05
6.00000000e+00 1.65204337e-05 2.20734420e-05
6.05000000e+00 1.66954567e-05 2.23682983e-05
6.10000000e+00 1.68910740e-05 2.27376593e-05
6.15000000e+00 1.70992990e-05 2.31876767e-05
6.20000000e+00 1.73072290e-05 2.37175570e-05
6.25000000e+00 1.74992037e-05 2.43178143e-05
6.30000000e+00 1.76598113e-05 2.49697573e-05
6.35000000e+00 1.77771700e-05 2.56464807e-05
6.40000000e+00 1.78453787e-05 2.63154713e-05
6.45000000e+00 1.78654833e-05 2.69424840e-05
6.50000000e+00 1.78444847e-05 2.74959420e-05
6.55000000e+00 1.77929370e-05 2.79508723e-05
6.60000000e+00 1.77219273e-05 2.82913803e-05
6.65000000e+00 1.76404853e-05 2.85113017e-05
6.70000000e+00 1.75540100e-05 2.86132170e-05
6.75000000e+00 1.74639423e-05 2.86065733e-05
6.80000000e+00 1.73686057e-05 2.85057893e-05
6.85000000e+00 1.72647517e-05 2.83287763e-05
6.90000000e+00 1.71494650e-05 2.80955890e-05
6.95000000e+00 1.70217927e-05 2.78270830e-05
7.00000000e+00 1.68838547e-05 2.75432250e-05
7.05000000e+00 1.67411177e-05 2.72618067e-05
7.10000000e+00 1.66018817e-05 2.69975680e-05
7.15000000e+00 1.64762063e-05 2.67620917e-05
7.20000000e+00 1.63745637e-05 2.65641350e-05
7.25000000e+00 1.63066577e-05 2.64102407e-05
7.30000000e+00 1.62804897e-05 2.63057560e-05
7.35000000e+00 1.63018423e-05 2.62560017e-05
7.40000000e+00 1.63740250e-05 2.62677077e-05
7.45000000e+00 1.64978353e-05 2.63500350e-05
7.50000000e+00 1.66716983e-05 2.65149820e-05
7.55000000e+00 1.68918757e-05 2.67768757e-05
7.60000000e+00 1.71528733e-05 2.71511313e-05
7.65000000e+00 1.74480380e-05 2.76527703e-05
7.70000000e+00 1.77703013e-05 2.82947900e-05
7.75000000e+00 1.81130840e-05 2.90869173e-05
7.80000000e+00 1.84710263e-05 3.00345870e-05
7.85000000e+00 1.88403503e-05 3.11381393e-05
7.90000000e+00 1.92186823e-05 3.23922273e-05
7.95000000e+00 1.96044570e-05 3.37852117e-05
8.00000000e+00 1.99960960e-05 3.52988493e-05
8.05000000e+00 2.03912923e-05 3.69083207e-05
8.10000000e+00 2.07867060e-05 3.85829747e-05
8.15000000e+00 2.11780417e-05 4.02877893e-05
8.20000000e+00 2.15604810e-05 4.19859810e-05
8.25000000e+00 2.19290620e-05 4.36421190e-05
8.30000000e+00 2.22787263e-05 4.52253687e-05
8.35000000e+00 2.26038910e-05 4.67122287e-05
8.40000000e+00 2.28976077e-05 4.80874883e-05
8.45000000e+00 2.31508643e-05 4.93437770e-05
8.50000000e+00 2.33524657e-05 5.04794570e-05
8.55000000e+00 2.34900187e-05 5.14955193e-05
8.60000000e+00 2.35519067e-05 5.23924363e-05
8.65000000e+00 2.35299140e-05 5.31676477e-05
8.70000000e+00 2.34217610e-05 5.38142350e-05
8.75000000e+00 2.32326083e-05 5.43212153e-05
8.80000000e+00 2.29753120e-05 5.46755050e-05
8.85000000e+00 2.26692703e-05 5.48652263e-05
8.90000000e+00 2.23384373e-05 5.48840203e-05
8.95000000e+00 2.20089920e-05 5.47354493e-05
9.00000000e+00 2.17070673e-05 5.44363383e-05
9.05000000e+00 2.14569633e-05 5.40181927e-05
9.10000000e+00 2.12796943e-05 5.35257823e-05
9.15000000e+00 2.11919633e-05 5.30133570e-05
9.20000000e+00 2.12052677e-05 5.25391253e-05
9.25000000e+00 2.13251290e-05 5.21592213e-05
9.30000000e+00 2.15501417e-05 5.19222857e-05
9.35000000e+00 2.18709780e-05 5.18649667e-05
9.40000000e+00 2.22693043e-05 5.20086870e-05
9.45000000e+00 2.27169473e-05 5.23570260e-05
9.50000000e+00 2.31760313e-05 5.28936137e-05
9.55000000e+00 2.36007353e-05 5.35809150e-05
9.60000000e+00 2.39417713e-05 5.43603357e-05
9.65000000e+00 2.41533600e-05 5.51549907e-05
9.70000000e+00 2.42018870e-05 5.58761380e-05
9.75000000e+00 2.40734200e-05 5.64332450e-05
9.80000000e+00 2.37772900e-05 5.67465043e-05
9.85000000e+00 2.33440037e-05 5.67581023e-05
9.90000000e+00 2.28182237e-05 5.64390180e-05
9.95000000e+00 2.22497233e-05 5.57893337e-05
1.00000000e+01 2.16851527e-05 5.48331397e-05
1.00500000e+01 2.11625800e-05 5.36105803e-05
1.01000000e+01 2.07091080e-05 5.21704923e-05
1.01500000e+01 2.03407667e-05 5.05648530e-05
1.02000000e+01 2.00637690e-05 4.88450777e-05
1.02500000e+01 1.98761550e-05 4.70598457e-05
1.03000000e+01 1.97694493e-05 4.52531773e-05
1.03500000e+01 1.97300497e-05 4.34629810e-05
1.04000000e+01 1.97404390e-05 4.17199173e-05
1.04500000e+01 1.97803010e-05 4.00468570e-05
1.05000000e+01 1.98278790e-05 3.84591810e-05
1.05500000e+01 1.98617937e-05 3.69656763e-05
1.06000000e+01 1.98634673e-05 3.55698870e-05
1.06500000e+01 1.98198227e-05 3.42716723e-05
1.07000000e+01 1.97255520e-05 3.30688013e-05
1.07500000e+01 1.95840850e-05 3.19582230e-05
1.08000000e+01 1.94067233e-05 3.09370223e-05
1.08500000e+01 1.92101003e-05 3.00029937e-05
1.09000000e+01 1.90128313e-05 2.91547920e-05
1.09500000e+01 1.88323413e-05 2.83918820e-05
1.10000000e+01 1.86825877e-05 2.77142357e-05
1.10500000e+01 1.85728917e-05 2.71219360e-05
1.11000000e+01 1.85077243e-05 2.66147153e-05
1.11500000e+01 1.84871057e-05 2.61914940e-05
1.12000000e+01 1.85073020e-05 2.58498467e-05
1.12500000e+01 1.85616900e-05 2.55856433e-05
1.13000000e+01 1.86416210e-05 2.53926107e-05
1.13500000e+01 1.87373553e-05 2.52621877e-05
1.14000000e+01 1.88390673e-05 2.51834473e-05
1.14500000e+01 1.89378507e-05 2.51434037e-05
1.15000000e+01 1.90267057e-05 2.51275160e-05
1.15500000e+01 1.91012627e-05 2.51204710e-05
1.16000000e+01 1.91601873e-05 2.51070450e-05
1.16500000e+01 1.92051077e-05 2.50729133e-05
1.17000000e+01 1.92401287e-05 2.50054403e-05
1.17500000e+01 1.92710733e-05 2.48942153e-05
1.18000000e+01 1.93045980e-05 2.47317957e-05
1.18500000e+01 1.93474340e-05 2.45142780e-05
1.19000000e+01 1.94057807e-05 2.42420557e-05
1.19500000e+01 1.94850000e-05 2.39201857e-05
1.20000000e+01 1.95895240e-05 2.35583080e-05
1.20500000e+01 1.97229220e-05 2.31699137e-05
1.21000000e+01 1.98880850e-05 2.27709357e-05
1.21500000e+01 2.00873790e-05 2.23781820e-05
1.22000000e+01 2.03227743e-05 2.20076460e-05
1.22500000e+01 2.05958437e-05 2.16733663e-05
1.23000000e+01 2.09076613e-05 2.13865857e-05
1.23500000e+01 2.12585457e-05 2.11555203e-05
1.24000000e+01 2.16477357e-05 2.09854100e-05
1.24500000e+01 2.20729613e-05 2.08787973e-05
1.25000000e+01 2.25299767e-05 2.08359767e-05
1.25500000e+01 2.30121423e-05 2.08553383e-05
1.26000000e+01 2.35100607e-05 2.09338327e-05
1.26500000e+01 2.40113683e-05 2.10672340e-05
1.27000000e+01 2.45007770e-05 2.12504600e-05
1.27500000e+01 2.49604720e-05 2.14777680e-05
1.28000000e+01 2.53708837e-05 2.17428820e-05
1.28500000e+01 2.57119667e-05 2.20391253e-05
1.29000000e+01 2.59648613e-05 2.23593763e-05
1.29500000e+01 2.61138320e-05 2.26960897e-05
1.30000000e+01 2.61481603e-05 2.30411710e-05
1.30500000e+01 2.60636633e-05 2.33859480e-05
1.31000000e+01 2.58634703e-05 2.37211787e-05
1.31500000e+01 2.55577823e-05 2.40371987e-05
1.32000000e+01 2.51627550e-05 2.43243620e-05
1.32500000e+01 2.46986110e-05 2.45736067e-05
1.33000000e+01 2.41875210e-05 2.47773207e-05
1.33500000e+01 2.36515937e-05 2.49300873e-05
1.34000000e+01 2.31112727e-05 2.50293537e-05
1.34500000e+01 2.25842900e-05 2.50756423e-05
1.35000000e+01 2.20850843e-05 2.50723073e-05
1.35500000e+01 2.16246663e-05 2.50248917e-05
1.36000000e+01 2.12106957e-05 2.49402087e-05
1.36500000e+01 2.08477423e-05 2.48254907e-05
1.37000000e+01 2.05376163e-05 2.46876493e-05
1.37500000e+01 2.02797180e-05 2.45329523e-05
1.38000000e+01 2.00714390e-05 2.43669073e-05
1.38500000e+01 1.99085397e-05 2.41944047e-05
1.39000000e+01 1.97855950e-05 2.40198670e-05
1.39500000e+01 1.96964190e-05 2.38473273e-05
1.40000000e+01 1.96345017e-05 2.36803573e-05
1.40500000e+01 1.95934057e-05 2.35217510e-05
1.41000000e+01 1.95671120e-05 2.33731447e-05
1.41500000e+01 1.95502620e-05 2.32345343e-05
1.42000000e+01 1.95383047e-05 2.31038900e-05
1.42500000e+01 1.95275767e-05 2.29769840e-05
1.43000000e+01 1.95153037e-05 2.28474947e-05
1.43500000e+01 1.94995820e-05 2.27075633e-05
1.44000000e+01 1.94793687e-05 2.25486993e-05
1.44500000e+01 1.94544727e-05 2.23630920e-05
1.45000000e+01 1.94255483e-05 2.21449867e-05
1.45500000e+01 1.93940790e-05 2.18919453e-05
1.46000000e+01 1.93623017e-05 2.16056360e-05
1.46500000e+01 1.93330830e-05 2.12919380e-05
1.47000000e+01 1.93097217e-05 2.09603787e-05
1.47500000e+01 1.92957470e-05 2.06230090e-05
1.48000000e+01 1.92946947e-05 2.02930690e-05
1.48500000e+01 1.93099323e-05 1.99836653e-05
1.49000000e+01 1.93445530e-05 1.97067057e-05
1.49500000e+01 1.94012810e-05 1.94721790e-05
1.50000000e+01 1.94824397e-05 1.92877337e-05
1.50500000e+01 1.95898917e-05 1.91584890e-05
1.51000000e+01 1.97249653e-05 1.90869930e-05
1.51500000e+01 1.98883363e-05 1.90732453e-05
1.52000000e+01 2.00798473e-05 1.91147137e-05
1.52500000e+01 2.02983600e-05 1.92063700e-05
1.53000000e+01 2.05415280e-05 1.93407423e-05
1.53500000e+01 2.08056950e-05 1.95080763e-05
1.54000000e+01 2.10858253e-05 1.96966257e-05
1.54500000e+01 2.13755707e-05 1.98932223e-05
1.55000000e+01 2.16675323e-05 2.00840893e-05
1.55500000e+01 2.19536397e-05 2.02559127e-05
1.56000000e+01 2.22257827e-05 2.03970297e-05
1.56500000e+01 2.24764647e-05 2.04984960e-05
1.57000000e+01 2.26995850e-05 2.05548507e-05
1.57500000e+01 2.28911070e-05 2.05643157e-05
1.58000000e+01 2.30495240e-05 2.05285347e-05
1.58500000e+01 2.31761417e-05 2.04518417e-05
1.59000000e+01 2.32749260e-05 2.03404617e-05
1.59500000e+01 2.33521893e-05 2.02017260e-05
1.60000000e+01 2.34159167e-05 2.00435143e-05
1.60500000e+01 2.34750727e-05 1.98738613e-05
1.61000000e+01 2.35388247e-05 1.97006827e-05
1.61500000e+01 2.36158177e-05 1.95315363e-05
1.62000000e+01 2.37136423e-05 1.93733487e-05
1.62500000e+01 2.38383313e-05 1.92321670e-05
1.63000000e+01 2.39941270e-05 1.91129263e-05
1.63500000e+01 2.41832447e-05 1.90192840e-05
1.64000000e+01 2.44058550e-05 1.89535437e-05
1.64500000e+01 2.46600987e-05 1.89166753e-05
1.65000000e+01 2.49422270e-05 1.89083843e-05
1.65500000e+01 2.52468967e-05 1.89272650e-05
1.66000000e+01 2.55675273e-05 1.89709637e-05
1.66500000e+01 2.58969327e-05 1.90364063e-05
1.67000000e+01 2.62279507e-05 1.91199970e-05
1.67500000e+01 2.65542950e-05 1.92178490e-05
1.68000000e+01 2.68713210e-05 1.93260040e-05
1.68500000e+01 2.71766980e-05 1.94406123e-05
1.69000000e+01 2.74708840e-05 1.95581103e-05
1.69500000e+01 2.77571597e-05 1.96753467e-05
1.70000000e+01 2.80414087e-05 1.97897163e-05
1.70500000e+01 2.83314013e-05 1.98992490e-05
1.71000000e+01 2.86358947e-05 2.00027313e-05
1.71500000e+01 2.89634343e-05 2.00997800e-05
1.72000000e+01 2.93211033e-05 2.01909073e-05
1.72500000e+01 2.97132617e-05 2.02774937e-05
1.73000000e+01 3.01402813e-05 2.03616857e-05
1.73500000e+01 3.05975533e-05 2.04461690e-05
1.74000000e+01 3.10746793e-05 2.05338470e-05
1.74500000e+01 3.15552770e-05 2.06274800e-05
1.75000000e+01 3.20173753e-05 2.07293050e-05
1.75500000e+01 3.24348447e-05 2.08407410e-05
1.76000000e+01 3.27797557e-05 2.09621560e-05
1.76500000e+01 3.30255503e-05 2.10927777e-05
1.77000000e+01 3.31505923e-05 2.12307307e-05
1.77500000e+01 3.31412427e-05 2.13731733e-05
1.78000000e+01 3.29938970e-05 2.15165647e-05
1.78500000e+01 3.27152470e-05 2.16569943e-05
1.79000000e+01 3.23210253e-05 2.17905837e-05
1.79500000e+01 3.18333367e-05 2.19138987e-05
1.80000000e+01 3.12775427e-05 2.20242893e-05
1.80500000e+01 3.06792130e-05 2.21201950e-05
1.81000000e+01 3.00617033e-05 2.22012563e-05
1.81500000e+01 2.94446443e-05 2.22682890e-05
1.82000000e+01 2.88431273e-05 2.23231340e-05
1.82500000e+01 2.82677147e-05 2.23683940e-05
1.83000000e+01 2.77247330e-05 2.24072073e-05
1.83500000e+01 2.72169700e-05 2.24430510e-05
1.84000000e+01 2.67443933e-05 2.24796923e-05
1.84500000e+01 2.63049550e-05 2.25212033e-05
1.85000000e+01 2.58953797e-05 2.25720283e-05
1.85500000e+01 2.55118537e-05 2.26370040e-05
1.86000000e+01 2.51506977e-05 2.27212297e-05
1.86500000e+01 2.48088140e-05 2.28298323e-05
1.87000000e+01 2.44840693e-05 2.29675403e-05
1.87500000e+01 2.41754273e-05 2.31382687e-05
1.88000000e+01 2.38829283e-05 2.33446753e-05
1.88500000e+01 2.36075400e-05 2.35878480e-05
1.89000000e+01 2.33508593e-05 2.38671483e-05
1.89500000e+01 2.31148373e-05 2.41801983e-05
1.90000000e+01 2.29013943e-05 2.45230840e-05
1.90500000e+01 2.27121580e-05 2.48905917e-05
1.91000000e+01 2.25481270e-05 2.52766093e-05
1.91500000e+01 2.24094157e-05 2.56745010e-05
1.92000000e+01 2.22950053e-05 2.60774953e-05
1.92500000e+01 2.22025100e-05 2.64790753e-05
1.93000000e+01 2.21280537e-05 2.68733097e-05
1.93500000e+01 2.20661897e-05 2.72552323e-05
1.94000000e+01 2.20100567e-05 2.76211153e-05
1.94500000e+01 2.19516900e-05 2.79687557e-05
1.95000000e+01 2.18826277e-05 2.82976033e-05
1.95500000e+01 2.17946963e-05 2.86087340e-05
1.96000000e+01 2.16809390e-05 2.89046477e-05
1.96500000e+01 2.15364850e-05 2.91888517e-05
1.97000000e+01 2.13591900e-05 2.94653993e-05
1.97500000e+01 2.11499073e-05 2.97383427e-05
1.98000000e+01 2.09122660e-05 3.00113060e-05
1.98500000e+01 2.06521180e-05 3.02872153e-05
1.99000000e+01 2.03766823e-05 3.05680903e-05
1.99500000e+01 2.00937023e-05 3.08550120e-05
2.00000000e+01 1.98106983e-05 3.11480137e-05
2.00500000e+01 1.95344707e-05 3.14459390e-05
2.01000000e+01 1.92708477e-05 3.17461187e-05
2.01500000e+01 1.90246440e-05 3.20439183e-05
2.02000000e+01 1.87997587e-05 3.23323117e-05
2.02500000e+01 1.85993083e-05 3.26015183e-05
2.03000000e+01 1.84257680e-05 3.28391170e-05
2.03500000e+01 1.82810420e-05 3.30306423e-05
2.04000000e+01 1.81664710e-05 3.31609073e-05
2.04500000e+01 1.80827783e-05 3.32157703e-05
2.05000000e+01 1.80299640e-05 3.31841950e-05
2.05500000e+01 1.80071780e-05 3.30599853e-05
2.06000000e+01 1.80125987e-05 3.28427923e-05
2.06500000e+01 1.80433643e-05 3.25381803e-05
2.07000000e+01 1.80955550e-05 3.21566197e-05
2.07500000e+01 1.81642987e-05 3.17118937e-05
2.08000000e+01 1.82440060e-05 3.12191510e-05
2.08500000e+01 1.83287583e-05 3.06932203e-05
2.09000000e+01 1.84128217e-05 3.01472480e-05
2.09500000e+01 1.84912160e-05 2.95918893e-05
2.10000000e+01 1.85602757e-05 2.90350340e-05
2.10500000e+01 1.86180323e-05 2.84818830e-05
2.11000000e+01 1.86643570e-05 2.79354080e-05
2.11500000e+01 1.87008170e-05 2.73969710e-05
2.12000000e+01 1.87302580e-05 2.68671333e-05
2.12500000e+01 1.87562440e-05 2.63464040e-05
2.13000000e+01 1.87824243e-05 2.58359393e-05
2.13500000e+01 1.88119710e-05 2.53380250e-05
2.14000000e+01 1.88471523e-05 2.48563217e-05
2.14500000e+01 1.88890590e-05 2.43958327e-05
2.15000000e+01 1.89374850e-05 2.39626687e-05
2.15500000e+01 1.89909577e-05 2.35636890e-05
2.16000000e+01 1.90468770e-05 2.32060643e-05
2.16500000e+01 1.91017417e-05 2.28968900e-05
2.17000000e+01 1.91514357e-05 2.26428410e-05
2.17500000e+01 1.91915880e-05 2.24498930e-05
2.18000000e+01 1.92179137e-05 2.23230880e-05
2.18500000e+01 1.92265737e-05 2.22663403e-05
2.19000000e+01 1.92144897e-05 2.22822073e-05
2.19500000e+01 1.91795693e-05 2.23716543e-05
2.20000000e+01 1.91208713e-05 2.25337407e-05
2.20500000e+01 1.90386137e-05 2.27652667e-05
2.21000000e+01 1.89341583e-05 2.30603703e-05
2.21500000e+01 1.88098507e-05 2.34100947e-05
2.22000000e+01 1.86688573e-05 2.38020673e-05
2.22500000e+01 1.85149620e-05 2.42202920e-05
2.23000000e+01 1.83523130e-05 2.46453260e-05
2.23500000e+01 1.81852287e-05 2.50549520e-05
2.24000000e+01 1.80179497e-05 2.54254903e-05
2.24500000e+01 1.78544530e-05 2.57338290e-05
2.25000000e+01 1.76982753e-05 2.59598963e-05
2.25500000e+01 1.75524153e-05 2.60891953e-05
2.26000000e+01 1.74192733e-05 2.61147033e-05
2.26500000e+01 1.73006530e-05 2.60375637e-05
2.27000000e+01 1.71978347e-05 2.58663557e-05
2.27500000e+01 1.71116560e-05 2.56150077e-05
2.28000000e+01 1.70426460e-05 2.53001463e-05
2.28500000e+01 1.69911017e-05 2.49384153e-05
2.29000000e+01 1.69572047e-05 2.45444897e-05
2.29500000e+01 1.69410470e-05 2.41300117e-05
2.30000000e+01 1.69426580e-05 2.37033493e-05
2.30500000e+01 1.69619743e-05 2.32700803e-05
2.31000000e+01 1.69987947e-05 2.28336590e-05
2.31500000e+01 1.70527157e-05 2.23962243e-05
2.32000000e+01 1.71230753e-05 2.19591480e-05
2.32500000e+01 1.72088963e-05 2.15233853e-05
2.33000000e+01 1.73088687e-05 2.10896253e-05
2.33500000e+01 1.74213433e-05 2.06583133e-05
2.34000000e+01 1.75443647e-05 2.02297203e-05
2.34500000e+01 1.76757323e-05 1.98040663e-05
2.35000000e+01 1.78130827e-05 1.93817543e-05
2.35500000e+01 1.79540043e-05 1.89636333e-05
2.36000000e+01 1.80961490e-05 1.85512447e-05
2.36500000e+01 1.82373850e-05 1.81469470e-05
2.37000000e+01 1.83759220e-05 1.77538900e-05
2.37500000e+01 1.85104450e-05 1.73758697e-05
2.38000000e+01 1.86402173e-05 1.70170573e-05
2.38500000e+01 1.87651423e-05 1.66817183e-05
2.39000000e+01 1.88857760e-05 1.63739170e-05
2.39500000e+01 1.90032543e-05 1.60972847e-05
2.40000000e+01 1.91191763e-05 1.58548290e-05
2.40500000e+01 1.92354047e-05 1.56487927e-05
2.41000000e+01 1.93538247e-05 1.54805510e-05
2.41500000e+01 1.94760797e-05 1.53505183e-05
2.42000000e+01 1.96033133e-05 1.52580703e-05
2.42500000e+01 1.97359220e-05 1.52014847e-05
2.43000000e+01 1.98733737e-05 1.51778890e-05
2.43500000e+01 2.00140843e-05 1.51832640e-05
2.44000000e+01 2.01554000e-05 1.52125037e-05
2.44500000e+01 2.02936667e-05 1.52595533e-05
2.45000000e+01 2.04244313e-05 1.53176707e-05
2.45500000e+01 2.05427517e-05 1.53797680e-05
2.46000000e+01 2.06436000e-05 1.54388430e-05
2.46500000e+01 2.07223200e-05 1.54884370e-05
2.47000000e+01 2.07750927e-05 1.55230803e-05
2.47500000e+01 2.07993340e-05 1.55386780e-05
2.48000000e+01 2.07939700e-05 1.55327753e-05
2.48500000e+01 2.07595600e-05 1.55047167e-05
2.49000000e+01 2.06982543e-05 1.54556430e-05
2.49500000e+01 2.06136107e-05 1.53883667e-05
2.50000000e+01 2.05102937e-05 1.53070940e-05
2.50500000e+01 2.03937370e-05 1.52170580e-05
2.51000000e+01 2.02697833e-05 1.51240857e-05
2.51500000e+01 2.01443467e-05 1.50341530e-05
2.52000000e+01 2.00231000e-05 1.49529963e-05
2.52500000e+01 1.99112270e-05 1.48857930e-05
2.53000000e+01 1.98131923e-05 1.48369447e-05
2.53500000e+01 1.97325573e-05 1.48099507e-05
2.54000000e+01 1.96718280e-05 1.48073513e-05
2.54500000e+01 1.96323303e-05 1.48307327e-05
2.55000000e+01 1.96141153e-05 1.48807533e-05
2.55500000e+01 1.96158990e-05 1.49572043e-05
2.56000000e+01 1.96350510e-05 1.50590717e-05
2.56500000e+01 1.96676593e-05 1.51846153e-05
2.57000000e+01 1.97086613e-05 1.53314623e-05
2.57500000e+01 1.97520957e-05 1.54967193e-05
2.58000000e+01 1.97914607e-05 1.56771093e-05
2.58500000e+01 1.98201863e-05 1.58691430e-05
2.59000000e+01 1.98321833e-05 1.60693003e-05
2.59500000e+01 1.98224077e-05 1.62742473e-05
2.60000000e+01 1.97873833e-05 1.64810370e-05
2.60500000e+01 1.97255763e-05 1.66873160e-05
2.61000000e+01 1.96375563e-05 1.68914783e-05
2.61500000e+01 1.95259337e-05 1.70927737e-05
2.62000000e+01 1.93950690e-05 1.72913510e-05
2.62500000e+01 1.92506120e-05 1.74882073e-05
2.63000000e+01 1.90989683e-05 1.76850720e-05
2.63500000e+01 1.89467563e-05 1.78842010e-05
2.64000000e+01 1.88003457e-05 1.80881367e-05
2.64500000e+01 1.86654950e-05 1.82994233e-05
2.65000000e+01 1.85471133e-05 1.85203400e-05
2.65500000e+01 1.84491437e-05 1.87526527e-05
2.66000000e+01 1.83745280e-05 1.89974417e-05
2.66500000e+01 1.83252497e-05 1.92550050e-05
2.67000000e+01 1.83024090e-05 1.95248530e-05
2.67500000e+01 1.83063217e-05 1.98058033e-05
2.68000000e+01 1.83366230e-05 2.00961637e-05
2.68500000e+01 1.83923537e-05 2.03939680e-05
2.69000000e+01 1.84720300e-05 2.06972513e-05
2.69500000e+01 1.85736927e-05 2.10043013e-05
2.70000000e+01 1.86949383e-05 2.13138503e-05
2.70500000e+01 1.88329383e-05 2.16252050e-05
2.71000000e+01 1.89844610e-05 2.19382473e-05
2.71500000e+01 1.91459387e-05 2.22533720e-05
2.72000000e+01 1.93135580e-05 2.25713390e-05
2.72500000e+01 1.94834330e-05 2.28931083e-05
2.73000000e+01 1.96518430e-05 2.32196703e-05
2.73500000e+01 1.98155140e-05 2.35519163e-05
2.74000000e+01 1.99862063e-05 2.38381813e-05
2.74500000e+01 2.01392810e-05 2.41000453e-05
2.75000000e+01 2.02802423e-05 2.43357267e-05
2.75500000e+01 2.04116327e-05 2.45438183e-05
2.76000000e+01 2.05341903e-05 2.47233263e-05
2.76500000e+01 2.06411830e-05 2.47214997e-05
2.77000000e+01 2.07506100e-05 2.49822020e-05
2.77500000e+01 2.08435177e-05 2.50721470e-05
2.78000000e+01 2.09257043e-05 2.51346363e-05
2.78500000e+01 2.09970867e-05 2.51712210e-05
2.79000000e+01 2.10578530e-05 2.51837400e-05
2.79500000e+01 2.11502947e-05 2.53691337e-05
2.80000000e+01 2.11951100e-05 2.53409930e-05
2.80500000e+01 2.12302263e-05 2.52934337e-05
2.81000000e+01 2.11964187e-05 2.49997567e-05
2.81500000e+01 2.12122610e-05 2.49210723e-05
2.82000000e+01 2.12753853e-05 2.50188623e-05
2.82500000e+01 2.12796310e-05 2.49138273e-05
2.83000000e+01 2.12785117e-05 2.47997220e-05
2.83500000e+01 2.12727270e-05 2.46780760e-05
2.84000000e+01 2.13189267e-05 2.47258303e-05
2.84500000e+01 2.13048840e-05 2.45864777e-05
2.85000000e+01 2.12876710e-05 2.44431010e-05
2.85500000e+01 2.11991700e-05 2.40974353e-05
2.86000000e+01 2.12300637e-05 2.41043350e-05
2.86500000e+01 2.12054493e-05 2.39545893e-05
2.87000000e+01 2.11791640e-05 2.38043373e-05
2.87500000e+01 2.11514520e-05 2.36541510e-05
2.88000000e+01 2.11720970e-05 2.36325873e-05
2.88500000e+01 2.11408627e-05 2.34774017e-05
2.89000000e+01 2.11087710e-05 2.33237857e-05
2.89500000e+01 2.10759683e-05 2.31720590e-05
2.90000000e+01 2.10885630e-05 2.31299843e-05
2.90500000e+01 2.09911543e-05 2.28356203e-05
2.91000000e+01 2.09568310e-05 2.26919167e-05
2.91500000e+01 2.09645020e-05 2.26410927e-05
2.92000000e+01 2.09285383e-05 2.24978143e-05
2.92500000e+01 2.08924970e-05 2.23577453e-05
2.93000000e+01 2.08564377e-05 2.22209427e-05
2.93500000e+01 2.08590697e-05 2.21606620e-05
2.94000000e+01 2.08220027e-05 2.20260110e-05
2.94500000e+01 2.07850957e-05 2.18949237e-05
2.95000000e+01 2.07846663e-05 2.18298230e-05
2.95500000e+01 2.06938993e-05 2.16136203e-05
2.96000000e+01 2.06576827e-05 2.14941703e-05
2.96500000e+01 2.06550220e-05 2.14293083e-05
2.97000000e+01 2.06184263e-05 2.13133373e-05
2.97500000e+01 2.05821767e-05 2.12008663e-05
2.98000000e+01 2.05774673e-05 2.11346890e-05
2.98500000e+01 2.05410513e-05 2.10261200e-05
2.99000000e+01 2.05050440e-05 2.09209963e-05
2.99500000e+01 2.04986417e-05 2.08547597e-05
3.00000000e+01 2.04626363e-05 2.07537940e-05
3.00500000e+01 2.03819923e-05 2.06058333e-05
3.01000000e+01 2.03746187e-05 2.05432227e-05
3.01500000e+01 2.03400440e-05 2.04528387e-05
3.02000000e+01 2.03059237e-05 2.03654523e-05
3.02500000e+01 2.02974500e-05 2.03044133e-05
3.03000000e+01 2.02635547e-05 2.02210553e-05
3.03500000e+01 2.02301380e-05 2.01405207e-05
3.04000000e+01 2.02207953e-05 2.00816437e-05
3.04500000e+01 2.01876970e-05 2.00050733e-05
3.05000000e+01 2.01550927e-05 1.99311300e-05
3.05500000e+01 2.01450903e-05 1.98748470e-05
3.06000000e+01 2.00748283e-05 1.97798350e-05
3.06500000e+01 2.00437683e-05 1.97137517e-05
3.07000000e+01 2.00337283e-05 1.96621317e-05
3.07500000e+01 2.00031027e-05 1.95995003e-05
3.08000000e+01 1.99927650e-05 1.95494717e-05
3.08500000e+01 1.99626177e-05 1.94902013e-05
3.09000000e+01 1.99329620e-05 1.94329197e-05
3.09500000e+01 1.99224243e-05 1.93858500e-05
3.10000000e+01 1.98932877e-05 1.93317053e-05
3.10500000e+01 1.98646350e-05 1.92793477e-05
3.11000000e+01 1.98540340e-05 1.92352603e-05
3.11500000e+01 1.97931437e-05 1.91739103e-05
3.12000000e+01 1.97828647e-05 1.91326793e-05
3.12500000e+01 1.97557330e-05 1.90865610e-05
3.13000000e+01 1.97290420e-05 1.90418657e-05
3.13500000e+01 1.97188533e-05 1.90033687e-05
3.14000000e+01 1.96926923e-05 1.89610593e-05
3.14500000e+01 1.96825520e-05 1.89241863e-05
3.15000000e+01 1.96569220e-05 1.88841247e-05
3.15500000e+01 1.96316967e-05 1.88452217e-05
3.16000000e+01 1.96217613e-05 1.88108960e-05
3.16500000e+01 1.95970470e-05 1.87740073e-05
3.17000000e+01 1.95576400e-05 1.87347430e-05
3.17500000e+01 1.95336503e-05 1.86998697e-05
3.18000000e+01 1.95100017e-05 1.86658953e-05
3.18500000e+01 1.95006533e-05 1.86358180e-05
3.19000000e+01 1.94774390e-05 1.86034483e-05
3.19500000e+01 1.94682137e-05 1.85746583e-05
3.20000000e+01 1.94454130e-05 1.85437760e-05
3.20500000e+01 1.94363170e-05 1.85162147e-05
3.21000000e+01 1.94139080e-05 1.84867067e-05
3.21500000e+01 1.93917690e-05 1.84578453e-05
3.22000000e+01 1.93828980e-05 1.84320707e-05
3.22500000e+01 1.93611047e-05 1.84044143e-05
3.23000000e+01 1.93242963e-05 1.83743043e-05
3.23500000e+01 1.93029053e-05 1.83476677e-05
3.24000000e+01 1.92943607e-05 1.83241253e-05
3.24500000e+01 1.92732443e-05 1.82984807e-05
3.25000000e+01 1.92523227e-05 1.82732887e-05
3.25500000e+01 1.92439173e-05 1.82511047e-05
3.26000000e+01 1.92232273e-05 1.82267797e-05
3.26500000e+01 1.92148867e-05 1.82054050e-05
3.27000000e+01 1.91944017e-05 1.81818743e-05
3.27500000e+01 1.91861130e-05 1.81612540e-05
3.28000000e+01 1.91658073e-05 1.81384490e-05
3.28500000e+01 1.91456373e-05 1.81159643e-05
3.29000000e+01 1.91096273e-05 1.80901460e-05
3.29500000e+01 1.90896197e-05 1.80681657e-05
3.30000000e+01 1.90814160e-05 1.80492530e-05
3.30500000e+01 1.90615180e-05 1.80278493e-05
3.31000000e+01 1.90533007e-05 1.80095017e-05
3.31500000e+01 1.90334903e-05 1.79886263e-05
3.32000000e+01 1.90252433e-05 1.79708027e-05
3.32500000e+01 1.90054983e-05 1.79504120e-05
3.33000000e+01 1.89972063e-05 1.79330740e-05
3.33500000e+01 1.89775060e-05 1.79131280e-05
3.34000000e+01 1.89578697e-05 1.78933800e-05
3.34500000e+01 1.89494763e-05 1.78767030e-05
3.35000000e+01 1.89298543e-05 1.78573490e-05
3.35500000e+01 1.88934130e-05 1.78336790e-05
3.36000000e+01 1.88738050e-05 1.78145900e-05
3.36500000e+01 1.88652090e-05 1.77986817e-05
3.37000000e+01 1.88455810e-05 1.77799360e-05
3.37500000e+01 1.88368637e-05 1.77643683e-05
3.38000000e+01 1.88172007e-05 1.77459433e-05
3.38500000e+01 1.88083467e-05 1.77306933e-05
3.39000000e+01 1.87886340e-05 1.77125690e-05
3.39500000e+01 1.87796287e-05 1.76976157e-05
3.40000000e+01 1.87598520e-05 1.76797750e-05
3.40500000e+01 1.87506820e-05 1.76651000e-05
3.41000000e+01 1.87308297e-05 1.76475283e-05
3.41500000e+01 1.87214807e-05 1.76331150e-05
3.42000000e+01 1.86734937e-05 1.76075710e-05
3.42500000e+01 1.86536103e-05 1.75903303e-05
3.43000000e+01 1.86439733e-05 1.75762957e-05
3.43500000e+01 1.86239967e-05 1.75593047e-05
3.44000000e+01 1.86141560e-05 1.75455033e-05
3.44500000e+01 1.85940797e-05 1.75287547e-05
3.45000000e+01 1.85840260e-05 1.75151770e-05
3.45500000e+01 1.85638437e-05 1.74986657e-05
3.46000000e+01 1.85535680e-05 1.74853053e-05
3.46500000e+01 1.85332760e-05 1.74690263e-05
3.47000000e+01 1.85227723e-05 1.74558780e-05
3.47500000e+01 1.85023680e-05 1.74398297e-05
3.48000000e+01 1.84916300e-05 1.74268890e-05
3.48500000e+01 1.84711117e-05 1.74110697e-05
3.49000000e+01 1.84325893e-05 1.73897203e-05
3.49500000e+01 1.84120677e-05 1.73741070e-05
3.50000000e+01 1.84009020e-05 1.73616030e-05
3.50500000e+01 1.83802773e-05 1.73462197e-05
3.51000000e+01 1.83688767e-05 1.73339203e-05
3.51500000e+01 1.83481513e-05 1.73187683e-05
3.52000000e+01 1.83365147e-05 1.73066743e-05
3.52500000e+01 1.83156927e-05 1.72917530e-05
3.53000000e+01 1.83038220e-05 1.72798653e-05
3.53500000e+01 1.82829090e-05 1.72651763e-05
3.54000000e+01 1.82708063e-05 1.72534967e-05
3.54500000e+01 1.82498090e-05 1.72390407e-05
3.55000000e+01 1.82374783e-05 1.72275713e-05
3.55500000e+01 1.82164037e-05 1.72133493e-05
3.56000000e+01 1.81776230e-05 1.71932540e-05
3.56500000e+01 1.81566407e-05 1.71792387e-05
3.57000000e+01 1.81439803e-05 1.71682160e-05
3.57500000e+01 1.81229440e-05 1.71544320e-05
3.58000000e+01 1.81100810e-05 1.71436227e-05
3.58500000e+01 1.80889983e-05 1.71300690e-05
3.59000000e+01 1.80759403e-05 1.71194747e-05
3.59500000e+01 1.80548220e-05 1.71061497e-05
3.60000000e+01 1.80415773e-05 1.70957713e-05
3.60500000e+01 1.80282220e-05 1.70855007e-05
3.61000000e+01 1.80070103e-05 1.70725107e-05
3.61500000e+01 1.79934810e-05 1.70624577e-05
3.62000000e+01 1.79722590e-05 1.70496897e-05
3.62500000e+01 1.79585663e-05 1.70398530e-05
3.63000000e+01 1.79130593e-05 1.70179400e-05
3.63500000e+01 1.78993613e-05 1.70083040e-05
3.64000000e+01 1.78783357e-05 1.69959007e-05
3.64500000e+01 1.78644987e-05 1.69864710e-05
3.65000000e+01 1.78434943e-05 1.69742667e-05
3.65500000e+01 1.78295290e-05 1.69650393e-05
3.66000000e+01 1.78085560e-05 1.69530263e-05
3.66500000e+01 1.77944733e-05 1.69439967e-05
3.67000000e+01 1.77735403e-05 1.69321663e-05
3.67500000e+01 1.77593500e-05 1.69233287e-05
3.68000000e+01 1.77384673e-05 1.69116713e-05
3.68500000e+01 1.77241800e-05 1.69030183e-05
3.69000000e+01 1.77033557e-05 1.68915227e-05
3.69500000e+01 1.76889820e-05 1.68830463e-05
3.70000000e+01 1.76745457e-05 1.68746640e-05
3.70500000e+01 1.76318450e-05 1.68528663e-05
3.71000000e+01 1.76175013e-05 1.68445793e-05
3.71500000e+01 1.75969927e-05 1.68333327e-05
3.72000000e+01 1.75825883e-05 1.68251913e-05
3.72500000e+01 1.75621653e-05 1.68140567e-05
3.73000000e+01 1.75477100e-05 1.68060487e-05
3.73500000e+01 1.75273793e-05 1.67950117e-05
3.74000000e+01 1.75128820e-05 1.67871243e-05
3.74500000e+01 1.74926503e-05 1.67761693e-05
3.75000000e+01 1.74781193e-05 1.67683880e-05
3.75500000e+01 1.74635537e-05 1.67606670e-05
3.76000000e+01 1.74434373e-05 1.67498103e-05
3.76500000e+01 1.74288510e-05 1.67421733e-05
3.77000000e+01 1.74088497e-05 1.67313587e-05
3.77500000e+01 1.73942510e-05 1.67237900e-05
3.78000000e+01 1.73743693e-05 1.67130000e-05
3.78500000e+01 1.73402863e-05 1.66931577e-05
3.79000000e+01 1.73206917e-05 1.66822630e-05
3.79500000e+01 1.73062490e-05 1.66746763e-05
3.80000000e+01 1.72867797e-05 1.66637747e-05
3.80500000e+01 1.72723457e-05 1.66562030e-05
3.81000000e+01 1.72578983e-05 1.66486457e-05
3.81500000e+01 1.72385873e-05 1.66377043e-05
3.82000000e+01 1.72241587e-05 1.66301360e-05
3.82500000e+01 1.72049840e-05 1.66191470e-05
3.83000000e+01 1.71905800e-05 1.66115503e-05
3.83500000e+01 1.71715447e-05 1.66004980e-05
3.84000000e+01 1.71571717e-05 1.65928557e-05
3.84500000e+01 1.71382793e-05 1.65817253e-05
3.85000000e+01 1.71239427e-05 1.65740203e-05
3.85500000e+01 1.71096080e-05 1.65662897e-05
3.86000000e+01 1.70909010e-05 1.65550137e-05
3.86500000e+01 1.70593070e-05 1.65331397e-05
3.87000000e+01 1.70408880e-05 1.65216843e-05
3.87500000e+01 1.70267903e-05 1.65136790e-05
3.88000000e+01 1.70085207e-05 1.65021083e-05
3.88500000e+01 1.69944753e-05 1.64939900e-05
3.89000000e+01 1.69804413e-05 1.64858187e-05
3.89500000e+01 1.69623693e-05 1.64740497e-05
3.90000000e+01 1.69483953e-05 1.64657443e-05
3.90500000e+01 1.69304790e-05 1.64538367e-05
3.91000000e+01 1.69165687e-05 1.64453853e-05
3.91500000e+01 1.68988093e-05 1.64333320e-05
3.92000000e+01 1.68849677e-05 1.64247243e-05
3.92500000e+01 1.68711460e-05 1.64160393e-05
3.93000000e+01 1.68535977e-05 1.64037467e-05
3.93500000e+01 1.68398510e-05 1.63948903e-05
3.94000000e+01 1.68224650e-05 1.63824400e-05
3.94500000e+01 1.68087967e-05 1.63734053e-05
3.95000000e+01 1.67762263e-05 1.63459820e-05
3.95500000e+01 1.67627647e-05 1.63367553e-05
3.96000000e+01 1.67493300e-05 1.63274407e-05
3.96500000e+01 1.67324390e-05 1.63146160e-05
3.97000000e+01 1.67190903e-05 1.63051210e-05
3.97500000e+01 1.67023627e-05 1.62921510e-05
3.98000000e+01 1.66891033e-05 1.62824740e-05
3.98500000e+01 1.66758763e-05 1.62727030e-05
3.99000000e+01 1.66593740e-05 1.62595053e-05
3.99500000e+01 1.66462410e-05 1.62495513e-05
4.00000000e+01 1.66299067e-05 1.62362210e-05
4.00500000e+01 1.66168717e-05 1.62260870e-05
4.01000000e+01 1.66007057e-05 1.62126317e-05
4.01500000e+01 1.65877710e-05 1.62023223e-05
4.02000000e+01 1.65748750e-05 1.61919187e-05
4.02500000e+01 1.65589427e-05 1.61782707e-05
4.03000000e+01 1.65461517e-05 1.61676990e-05
4.03500000e+01 1.65303907e-05 1.61539510e-05
4.04000000e+01 1.65040400e-05 1.61293293e-05
4.04500000e+01 1.64915023e-05 1.61186063e-05
4.05000000e+01 1.64760613e-05 1.61048330e-05
4.05500000e+01 1.64636327e-05 1.60939730e-05
4.06000000e+01 1.64483617e-05 1.60801390e-05
4.06500000e+01 1.64360440e-05 1.60691533e-05
4.07000000e+01 1.64237727e-05 1.60580967e-05
4.07500000e+01 1.64087387e-05 1.60441737e-05
4.08000000e+01 1.63965820e-05 1.60330090e-05
4.08500000e+01 1.63817180e-05 1.60190627e-05
4.09000000e+01 1.63696780e-05 1.60078033e-05
4.09500000e+01 1.63576880e-05 1.59964873e-05
4.10000000e+01 1.63430620e-05 1.59825090e-05
4.10500000e+01 1.63311913e-05 1.59711207e-05
4.11000000e+01 1.63167353e-05 1.59571597e-05
4.11500000e+01 1.63049860e-05 1.59457137e-05
4.12000000e+01 1.62932883e-05 1.59342300e-05
4.12500000e+01 1.62790710e-05 1.59203000e-05
4.13000000e+01 1.62550410e-05 1.58972670e-05
4.13500000e+01 1.62410483e-05 1.58835593e-05
4.14000000e+01 1.62296707e-05 1.58721873e-05
4.14500000e+01 1.62183457e-05 1.58607997e-05
4.15000000e+01 1.62045853e-05 1.58471893e-05
4.15500000e+01 1.61933827e-05 1.58358147e-05
4.16000000e+01 1.61797853e-05 1.58223060e-05
4.16500000e+01 1.61687043e-05 1.58109600e-05
4.17000000e+01 1.61576777e-05 1.57996193e-05
4.17500000e+01 1.61443093e-05 1.57862690e-05
4.18000000e+01 1.61334050e-05 1.57749823e-05
4.18500000e+01 1.61201960e-05 1.57617733e-05
4.19000000e+01 1.61094137e-05 1.57505577e-05
4.19500000e+01 1.60986867e-05 1.57393680e-05
4.20000000e+01 1.60857010e-05 1.57263757e-05
4.20500000e+01 1.60750957e-05 1.57152817e-05
4.21000000e+01 1.60622650e-05 1.57024663e-05
4.21500000e+01 1.60517807e-05 1.56914840e-05
4.22000000e+01 1.60413510e-05 1.56805470e-05
4.22500000e+01 1.60170500e-05 1.56593317e-05
4.23000000e+01 1.60067887e-05 1.56486837e-05
4.23500000e+01 1.59965803e-05 1.56380917e-05
4.24000000e+01 1.59842080e-05 1.56259763e-05
4.24500000e+01 1.59741153e-05 1.56155360e-05
4.25000000e+01 1.59618867e-05 1.56036407e-05
4.25500000e+01 1.59519087e-05 1.55933653e-05
4.26000000e+01 1.59419833e-05 1.55831630e-05
4.26500000e+01 1.59299563e-05 1.55716003e-05
4.27000000e+01 1.59201430e-05 1.55615810e-05
4.27500000e+01 1.59103813e-05 1.55516460e-05
4.28000000e+01 1.58985503e-05 1.55404367e-05
4.28500000e+01 1.58888990e-05 1.55307007e-05
4.29000000e+01 1.58772027e-05 1.55197460e-05
4.29500000e+01 1.58676597e-05 1.55102197e-05
4.30000000e+01 1.58581673e-05 1.55007903e-05
4.30500000e+01 1.58466580e-05 1.54902180e-05
4.31000000e+01 1.58372710e-05 1.54810127e-05
4.31500000e+01 1.58279327e-05 1.54719113e-05
4.32000000e+01 1.58166060e-05 1.54617340e-05
4.32500000e+01 1.57960897e-05 1.54463133e-05
4.33000000e+01 1.57849020e-05 1.54364717e-05
4.33500000e+01 1.57757980e-05 1.54279373e-05
4.34000000e+01 1.57667400e-05 1.54195150e-05
4.34500000e+01 1.57557237e-05 1.54100723e-05
4.35000000e+01 1.57467637e-05 1.54018923e-05
4.35500000e+01 1.57378483e-05 1.53938290e-05
4.36000000e+01 1.57270000e-05 1.53847913e-05
4.36500000e+01 1.57181803e-05 1.53769777e-05
4.37000000e+01 1.57074467e-05 1.53682163e-05
4.37500000e+01 1.56987197e-05 1.53606567e-05
4.38000000e+01 1.56900367e-05 1.53532190e-05
4.38500000e+01 1.56794627e-05 1.53448673e-05
4.39000000e+01 1.56708707e-05 1.53376870e-05
4.39500000e+01 1.56623217e-05 1.53306323e-05
4.40000000e+01 1.56519047e-05 1.53226907e-05
4.40500000e+01 1.56434447e-05 1.53158963e-05
4.41000000e+01 1.56350267e-05 1.53092293e-05
4.41500000e+01 1.56247630e-05 1.53016963e-05
4.42000000e+01 1.56164320e-05 1.52952910e-05
4.42500000e+01 1.55951790e-05 1.52820817e-05
4.43000000e+01 1.55869583e-05 1.52759600e-05
4.43500000e+01 1.55787790e-05 1.52699647e-05
4.44000000e+01 1.55687823e-05 1.52630850e-05
4.44500000e+01 1.55606880e-05 1.52573443e-05
4.45000000e+01 1.55526343e-05 1.52517300e-05
4.45500000e+01 1.55427853e-05 1.52452373e-05
4.46000000e+01 1.55348157e-05 1.52398773e-05
4.46500000e+01 1.55268863e-05 1.52346433e-05
4.47000000e+01 1.55171847e-05 1.52285320e-05
4.47500000e+01 1.55093400e-05 1.52235500e-05
4.48000000e+01 1.55015350e-05 1.52186947e-05
4.48500000e+01 1.54919807e-05 1.52129567e-05
4.49000000e+01 1.54842603e-05 1.52083500e-05
4.49500000e+01 1.54765807e-05 1.52038693e-05
4.50000000e+01 1.54671737e-05 1.51984980e-05
4.50500000e+01 1.54595793e-05 1.51942637e-05
4.51000000e+01 1.54502770e-05 1.51891317e-05
4.51500000e+01 1.54427683e-05 1.51851410e-05
4.52000000e+01 1.54353020e-05 1.51812720e-05
4.52500000e+01 1.54261500e-05 1.51764923e-05
4.53000000e+01 1.54187713e-05 1.51728643e-05
4.53500000e+01 1.54005887e-05 1.51626680e-05
4.54000000e+01 1.53916057e-05 1.51581620e-05
4.54500000e+01 1.53843863e-05 1.51548487e-05
4.55000000e+01 1.53772113e-05 1.51516530e-05
4.55500000e+01 1.53683860e-05 1.51474760e-05
4.56000000e+01 1.53613033e-05 1.51445073e-05
4.56500000e+01 1.53542663e-05 1.51416553e-05
4.57000000e+01 1.53456027e-05 1.51377983e-05
4.57500000e+01 1.53386623e-05 1.51351693e-05
4.58000000e+01 1.53317690e-05 1.51326543e-05
4.58500000e+01 1.53232727e-05 1.51291107e-05
4.59000000e+01 1.53164797e-05 1.51268143e-05
4.59500000e+01 1.53097363e-05 1.51246313e-05
4.60000000e+01 1.53014123e-05 1.51213907e-05
4.60500000e+01 1.52947733e-05 1.51194213e-05
4.61000000e+01 1.52881857e-05 1.51175643e-05
4.61500000e+01 1.52800407e-05 1.51146200e-05
4.62000000e+01 1.52735630e-05 1.51129723e-05
4.62500000e+01 1.52671393e-05 1.51114337e-05
4.63000000e+01 1.52591807e-05 1.51087780e-05
4.63500000e+01 1.52528717e-05 1.51074453e-05
4.64000000e+01 1.52466193e-05 1.51062203e-05
4.64500000e+01 1.52282330e-05 1.50952777e-05
4.65000000e+01 1.52221227e-05 1.50941697e-05
4.65500000e+01 1.52160717e-05 1.50931673e-05
4.66000000e+01 1.52085133e-05 1.50909497e-05
4.66500000e+01 1.52025870e-05 1.50901407e-05
4.67000000e+01 1.51967227e-05 1.50894337e-05
4.67500000e+01 1.51893700e-05 1.50874757e-05
4.68000000e+01 1.51836360e-05 1.50869587e-05
4.68500000e+01 1.51779673e-05 1.50865417e-05
4.69000000e+01 1.51708280e-05 1.50848367e-05
4.69500000e+01 1.51652957e-05 1.50846050e-05
4.70000000e+01 1.51598313e-05 1.50844733e-05
4.70500000e+01 1.51529130e-05 1.50830110e-05
4.71000000e+01 1.51475907e-05 1.50830603e-05
4.71500000e+01 1.51423400e-05 1.50832063e-05
4.72000000e+01 1.51356490e-05 1.50819803e-05
4.72500000e+01 1.51305460e-05 1.50823033e-05
4.73000000e+01 1.51255173e-05 1.50827210e-05
4.73500000e+01 1.51190617e-05 1.50817230e-05
4.74000000e+01 1.51141863e-05 1.50823130e-05
4.74500000e+01 1.51093887e-05 1.50829960e-05
4.75000000e+01 1.51031737e-05 1.50822170e-05
4.75500000e+01 1.50985347e-05 1.50830670e-05
4.76000000e+01 1.50831957e-05 1.50725593e-05
4.76500000e+01 1.50772003e-05 1.50718407e-05
4.77000000e+01 1.50727950e-05 1.50728120e-05
4.77500000e+01 1.50684710e-05 1.50738693e-05
4.78000000e+01 1.50627213e-05 1.50733453e-05
4.78500000e+01 1.50585607e-05 1.50745540e-05
4.79000000e+01 1.50544840e-05 1.50758463e-05
4.79500000e+01 1.50504920e-05 1.50772227e-05
4.80000000e+01 1.50450727e-05 1.50769440e-05
4.80500000e+01 1.50412493e-05 1.50784637e-05
4.81000000e+01 1.50375120e-05 1.50800617e-05
4.81500000e+01 1.50323457e-05 1.50799517e-05
4.82000000e+01 1.50287797e-05 1.50816863e-05
4.82500000e+01 1.50253017e-05 1.50834977e-05
4.83000000e+01 1.50203890e-05 1.50835427e-05
4.83500000e+01 1.50170833e-05 1.50854817e-05
4.84000000e+01 1.50138683e-05 1.50874947e-05
4.84500000e+01 1.50092090e-05 1.50876803e-05
4.85000000e+01 1.50061673e-05 1.50898120e-05
4.85500000e+01 1.50032167e-05 1.50920117e-05
4.86000000e+01 1.49988093e-05 1.50923243e-05
4.86500000e+01 1.49960320e-05 1.50946340e-05
4.87000000e+01 1.49933457e-05 1.50970073e-05
4.87500000e+01 1.49907507e-05 1.50994437e-05
4.88000000e+01 1.49745813e-05 1.50842800e-05
4.88500000e+01 1.49720913e-05 1.50866273e-05
4.89000000e+01 1.49696877e-05 1.50890290e-05
4.89500000e+01 1.49657627e-05 1.50893757e-05
4.90000000e+01 1.49635250e-05 1.50918570e-05
4.90500000e+01 1.49613750e-05 1.50943867e-05
4.91000000e+01 1.49576787e-05 1.50947950e-05
4.91500000e+01 1.49556900e-05 1.50973920e-05
4.92000000e+01 1.49537880e-05 1.51000323e-05
4.92500000e+01 1.49503113e-05 1.51004800e-05
4.93000000e+01 1.49485667e-05 1.51031730e-05
4.93500000e+01 1.49469050e-05 1.51059023e-05
4.94000000e+01 1.49453277e-05 1.51086643e-05
4.94500000e+01 1.49421317e-05 1.51091357e-05
4.95000000e+01 1.49407043e-05 1.51119317e-05
4.95500000e+01 1.49393577e-05 1.51147540e-05
4.96000000e+01 1.49363583e-05 1.51152103e-05
4.96500000e+01 1.49351553e-05 1.51180503e-05
4.97000000e+01 1.49340287e-05 1.51209077e-05
4.97500000e+01 1.49312127e-05 1.51213253e-05
4.98000000e+01 1.49302220e-05 1.51241840e-05
4.98500000e+01 1.49293057e-05 1.51270513e-05
4.99000000e+01 1.49284613e-05 1.51299257e-05
4.99500000e+01 1.49258673e-05 1.51302533e-05
5.00000000e+01 1.49251463e-05 1.51331043e-05
5.00500000e+01 1.49093817e-05 1.51148097e-05
5.01000000e+01 1.49067837e-05 1.51148127e-05
5.01500000e+01 1.49061020e-05 1.51173903e-05
5.02000000e+01 1.49054807e-05 1.51199533e-05
5.02500000e+01 1.49049177e-05 1.51225013e-05
5.03000000e+01 1.49024797e-05 1.51223247e-05
5.03500000e+01 1.49020097e-05 1.51248017e-05
5.04000000e+01 1.49015917e-05 1.51272520e-05
5.04500000e+01 1.48992507e-05 1.51269053e-05
5.05000000e+01 1.48989130e-05 1.51292650e-05
5.05500000e+01 1.48986230e-05 1.51315877e-05
5.06000000e+01 1.48963577e-05 1.51310410e-05
5.06500000e+01 1.48961333e-05 1.51332527e-05
5.07000000e+01 1.48959503e-05 1.51354177e-05
5.07500000e+01 1.48958030e-05 1.51375317e-05
5.08000000e+01 1.48936077e-05 1.51366720e-05
5.08500000e+01 1.48935087e-05 1.51386477e-05
5.09000000e+01 1.48934410e-05 1.51405600e-05
5.09500000e+01 1.48912690e-05 1.51394310e-05
5.10000000e+01 1.48912333e-05 1.51411833e-05
5.10500000e+01 1.48912210e-05 1.51428650e-05
5.11000000e+01 1.48912273e-05 1.51444693e-05
5.11500000e+01 1.48890520e-05 1.51429333e-05
5.12000000e+01 1.48890707e-05 1.51443497e-05
5.12500000e+01 1.48891023e-05 1.51456783e-05
5.13000000e+01 1.48868933e-05 1.51438027e-05
5.13500000e+01 1.48672127e-05 1.51177513e-05
5.14000000e+01 1.48670610e-05 1.51185617e-05
5.14500000e+01 1.48669093e-05 1.51192710e-05
5.15000000e+01 1.48644410e-05 1.51167120e-05
5.15500000e+01 1.48642600e-05 1.51171903e-05
5.16000000e+01 1.48640723e-05 1.51175580e-05
5.16500000e+01 1.48638723e-05 1.51178143e-05
5.17000000e+01 1.48612787e-05 1.51147187e-05
5.17500000e+01 1.48610287e-05 1.51147170e-05
5.18000000e+01 1.48607583e-05 1.51145913e-05
5.18500000e+01 1.48580400e-05 1.51110660e-05
5.19000000e+01 1.48577017e-05 1.51106647e-05
5.19500000e+01 1.48573357e-05 1.51101313e-05
5.20000000e+01 1.48569383e-05 1.51094630e-05
5.20500000e+01 1.48540170e-05 1.51053243e-05
5.21000000e+01 1.48535293e-05 1.51043577e-05
5.21500000e+01 1.48530017e-05 1.51032453e-05
5.22000000e+01 1.48524330e-05 1.51019877e-05
5.22500000e+01 1.48492640e-05 1.50971980e-05
5.23000000e+01 1.48485807e-05 1.50956200e-05
5.23500000e+01 1.48478463e-05 1.50938863e-05
5.24000000e+01 1.48444657e-05 1.50885877e-05
5.24500000e+01 1.48436017e-05 1.50865207e-05
5.25000000e+01 1.48426780e-05 1.50842897e-05
5.25500000e+01 1.48416927e-05 1.50818953e-05
5.26000000e+01 1.48379917e-05 1.50758893e-05
5.26500000e+01 1.48368547e-05 1.50731433e-05
5.27000000e+01 1.48109213e-05 1.50383533e-05
5.27500000e+01 1.48094767e-05 1.50351383e-05
5.28000000e+01 1.48052693e-05 1.50283157e-05
5.28500000e+01 1.48036560e-05 1.50247430e-05
5.29000000e+01 1.48019640e-05 1.50209963e-05
5.29500000e+01 1.47974713e-05 1.50136263e-05
5.30000000e+01 1.47955960e-05 1.50095133e-05
5.30500000e+01 1.47936343e-05 1.50052203e-05
5.31000000e+01 1.47915850e-05 1.50007460e-05
5.31500000e+01 1.47866800e-05 1.49926307e-05
5.32000000e+01 1.47844300e-05 1.49877800e-05
5.32500000e+01 1.47820840e-05 1.49827460e-05
5.33000000e+01 1.47796393e-05 1.49775243e-05
5.33500000e+01 1.47742930e-05 1.49686513e-05
5.34000000e+01 1.47716313e-05 1.49630470e-05
5.34500000e+01 1.47688663e-05 1.49572547e-05
5.35000000e+01 1.47659937e-05 1.49512720e-05
5.35500000e+01 1.47601767e-05 1.49416347e-05
5.36000000e+01 1.47570727e-05 1.49352650e-05
5.36500000e+01 1.47538557e-05 1.49287030e-05
5.37000000e+01 1.47505260e-05 1.49219503e-05
5.37500000e+01 1.47442120e-05 1.49115490e-05
5.38000000e+01 1.47406363e-05 1.49044070e-05
5.38500000e+01 1.47369400e-05 1.48970713e-05
5.39000000e+01 1.47331243e-05 1.48895417e-05
5.39500000e+01 1.47262937e-05 1.48783820e-05
5.40000000e+01 1.47222197e-05 1.48704643e-05
5.40500000e+01 1.47180203e-05 1.48623540e-05
5.41000000e+01 1.47136933e-05 1.48540500e-05
5.41500000e+01 1.46777013e-05 1.48085903e-05
5.42000000e+01 1.46730143e-05 1.47999033e-05
5.42500000e+01 1.46682010e-05 1.47910287e-05
5.43000000e+01 1.46632567e-05 1.47819667e-05
5.43500000e+01 1.46552823e-05 1.47693647e-05
5.44000000e+01 1.46500687e-05 1.47599297e-05
5.44500000e+01 1.46447220e-05 1.47503077e-05
5.45000000e+01 1.46392423e-05 1.47405013e-05
5.45500000e+01 1.46307190e-05 1.47271913e-05
5.46000000e+01 1.46249630e-05 1.47170177e-05
5.46500000e+01 1.46190693e-05 1.47066610e-05
5.47000000e+01 1.46130393e-05 1.46961207e-05
5.47500000e+01 1.46039603e-05 1.46821227e-05
5.48000000e+01 1.45976487e-05 1.46712243e-05
5.48500000e+01 1.45911977e-05 1.46601470e-05
5.49000000e+01 1.45846067e-05 1.46488900e-05
5.49500000e+01 1.45749663e-05 1.46342227e-05
5.50000000e+01 1.45680903e-05 1.46226177e-05
5.50500000e+01 1.45610740e-05 1.46108360e-05
5.51000000e+01 1.45539157e-05 1.45988813e-05
5.51500000e+01 1.45437127e-05 1.45835683e-05
5.52000000e+01 1.45362670e-05 1.45712760e-05
5.52500000e+01 1.45286793e-05 1.45588110e-05
5.53000000e+01 1.45209490e-05 1.45461783e-05
5.53500000e+01 1.45101840e-05 1.45302457e-05
5.54000000e+01 1.45021663e-05 1.45172850e-05
5.54500000e+01 1.44940067e-05 1.45041603e-05
5.55000000e+01 1.44857027e-05 1.44908710e-05
5.55500000e+01 1.44743810e-05 1.44743447e-05
5.56000000e+01 1.44657910e-05 1.44607400e-05
5.56500000e+01 1.44269623e-05 1.44149890e-05
5.57000000e+01 1.44180847e-05 1.44011617e-05
5.57500000e+01 1.44062370e-05 1.43841880e-05
5.58000000e+01 1.43970807e-05 1.43700637e-05
5.58500000e+01 1.43877853e-05 1.43557867e-05
5.59000000e+01 1.43783520e-05 1.43413613e-05
5.59500000e+01 1.43659710e-05 1.43238533e-05
5.60000000e+01 1.43562623e-05 1.43091420e-05
5.60500000e+01 1.43464157e-05 1.42942843e-05
5.61000000e+01 1.43364330e-05 1.42792827e-05
5.61500000e+01 1.43263127e-05 1.42641393e-05
5.62000000e+01 1.43132767e-05 1.42459933e-05
5.62500000e+01 1.43028873e-05 1.42305800e-05
5.63000000e+01 1.42923630e-05 1.42150273e-05
5.63500000e+01 1.42817040e-05 1.41993397e-05
5.64000000e+01 1.42681623e-05 1.41807183e-05
5.64500000e+01 1.42572407e-05 1.41647723e-05
5.65000000e+01 1.42461853e-05 1.41486950e-05
5.65500000e+01 1.42349990e-05 1.41324867e-05
5.66000000e+01 1.42209677e-05 1.41134163e-05
5.66500000e+01 1.42095243e-05 1.40969623e-05
5.67000000e+01 1.41979517e-05 1.40803837e-05
5.67500000e+01 1.41862510e-05 1.40636787e-05
5.68000000e+01 1.41744233e-05 1.40468523e-05
5.68500000e+01 1.41597960e-05 1.40272470e-05
5.69000000e+01 1.41477207e-05 1.40101887e-05
5.69500000e+01 1.41355207e-05 1.39930133e-05
5.70000000e+01 1.41231967e-05 1.39757197e-05
5.70500000e+01 1.41081173e-05 1.39557200e-05
5.71000000e+01 1.40955547e-05 1.39382077e-05
5.71500000e+01 1.40536480e-05 1.38919723e-05
5.72000000e+01 1.40409070e-05 1.38743673e-05
5.72500000e+01 1.40280500e-05 1.38566530e-05
5.73000000e+01 1.40125090e-05 1.38363350e-05
5.73500000e+01 1.39994273e-05 1.38184170e-05
5.74000000e+01 1.39862317e-05 1.38003953e-05
5.74500000e+01 1.39729237e-05 1.37822673e-05
5.75000000e+01 1.39569783e-05 1.37616067e-05
5.75500000e+01 1.39434543e-05 1.37432863e-05
5.76000000e+01 1.39298223e-05 1.37248663e-05
5.76500000e+01 1.39160813e-05 1.37063477e-05
5.77000000e+01 1.39022337e-05 1.36877303e-05
5.77500000e+01 1.38858050e-05 1.36666637e-05
5.78000000e+01 1.38717533e-05 1.36478663e-05
5.78500000e+01 1.38575993e-05 1.36289760e-05
5.79000000e+01 1.38433417e-05 1.36099923e-05
5.79500000e+01 1.38265540e-05 1.35886283e-05
5.80000000e+01 1.38121030e-05 1.35694747e-05
5.80500000e+01 1.37975537e-05 1.35502320e-05
5.81000000e+01 1.37829077e-05 1.35309013e-05
5.81500000e+01 1.37681643e-05 1.35114840e-05
5.82000000e+01 1.37509483e-05 1.34897697e-05
5.82500000e+01 1.37360233e-05 1.34701943e-05
5.83000000e+01 1.37210067e-05 1.34505353e-05
5.83500000e+01 1.37058983e-05 1.34307947e-05
5.84000000e+01 1.36906990e-05 1.34109733e-05
5.84500000e+01 1.36730863e-05 1.33889363e-05
5.85000000e+01 1.36577177e-05 1.33689690e-05
5.85500000e+01 1.36422630e-05 1.33489237e-05
5.86000000e+01 1.36267220e-05 1.33288013e-05
5.86500000e+01 1.36088177e-05 1.33065337e-05
5.87000000e+01 1.35931167e-05 1.32862740e-05
5.87500000e+01 1.35773333e-05 1.32659433e-05
5.88000000e+01 1.35346567e-05 1.32213563e-05
5.88500000e+01 1.35187983e-05 1.32010273e-05
5.89000000e+01 1.35006470e-05 1.31786413e-05
5.89500000e+01 1.34846407e-05 1.31581867e-05
5.90000000e+01 1.34685567e-05 1.31376637e-05
5.90500000e+01 1.34523977e-05 1.31170747e-05
5.91000000e+01 1.34361637e-05 1.30964217e-05
5.91500000e+01 1.34176923e-05 1.30737910e-05
5.92000000e+01 1.34013197e-05 1.30530237e-05
5.92500000e+01 1.33848750e-05 1.30321930e-05
5.93000000e+01 1.33683587e-05 1.30113027e-05
5.93500000e+01 1.33517723e-05 1.29903523e-05
5.94000000e+01 1.33330057e-05 1.29675050e-05
5.94500000e+01 1.33162897e-05 1.29464517e-05
5.95000000e+01 1.32995067e-05 1.29253410e-05
5.95500000e+01 1.32826563e-05 1.29041763e-05
5.96000000e+01 1.32657403e-05 1.28829567e-05
5.96500000e+01 1.32466977e-05 1.28599193e-05
5.97000000e+01 1.32296603e-05 1.28386077e-05
5.97500000e+01 1.32125590e-05 1.28172447e-05
5.98000000e+01 1.31953950e-05 1.27958333e-05
5.98500000e+01 1.31781690e-05 1.27743730e-05
5.99000000e+01 1.31588670e-05 1.27511717e-05
5.99500000e+01 1.31415260e-05 1.27296297e-05
6.00000000e+01 1.31241250e-05 1.27080437e-05
6.00500000e+01 1.31066640e-05 1.26864130e-05
6.01000000e+01 1.30891453e-05 1.26647410e-05
6.01500000e+01 1.30695980e-05 1.26414017e-05
6.02000000e+01 1.30519693e-05 1.26196580e-05
6.02500000e+01 1.30342827e-05 1.25978760e-05
6.03000000e+01 1.30165393e-05 1.25760553e-05
6.03500000e+01 1.29987403e-05 1.25541987e-05
6.04000000e+01 1.29789593e-05 1.25307497e-05
6.04500000e+01 1.29610543e-05 1.25088330e-05
6.05000000e+01 1.29188223e-05 1.24674273e-05
6.05500000e+01 1.29008807e-05 1.24455890e-05
6.06000000e+01 1.28828837e-05 1.24237210e-05
6.06500000e+01 1.28629563e-05 1.24003357e-05
6.07000000e+01 1.28448543e-05 1.23784187e-05
6.07500000e+01 1.28266990e-05 1.23564730e-05
6.08000000e+01 1.28084893e-05 1.23345020e-05
6.08500000e+01 1.27902263e-05 1.23125043e-05
6.09000000e+01 1.27700747e-05 1.22890617e-05
6.09500000e+01 1.27517090e-05 1.22670283e-05
6.10000000e+01 1.27332900e-05 1.22449713e-05
6.10500000e+01 1.27148187e-05 1.22228953e-05
6.11000000e+01 1.26962943e-05 1.22007983e-05
6.11500000e+01 1.26777157e-05 1.21786830e-05
6.12000000e+01 1.26572930e-05 1.21552037e-05
6.12500000e+01 1.26386140e-05 1.21330663e-05
6.13000000e+01 1.26198820e-05 1.21109130e-05
6.13500000e+01 1.26010970e-05 1.20887450e-05
6.14000000e+01 1.25822580e-05 1.20665650e-05
6.14500000e+01 1.25616133e-05 1.20430877e-05
6.15000000e+01 1.25426747e-05 1.20208970e-05
6.15500000e+01 1.25236817e-05 1.19986957e-05
6.16000000e+01 1.25046350e-05 1.19764853e-05
6.16500000e+01 1.24855347e-05 1.19542693e-05
6.17000000e+01 1.24663823e-05 1.19320463e-05
6.17500000e+01 1.24454637e-05 1.19086030e-05
6.18000000e+01 1.24262080e-05 1.18863817e-05
6.18500000e+01 1.24068977e-05 1.18641580e-05
6.19000000e+01 1.23875333e-05 1.18419327e-05
6.19500000e+01 1.23681160e-05 1.18197077e-05
6.20000000e+01 1.23469667e-05 1.17963210e-05
6.20500000e+01 1.23274443e-05 1.17741063e-05
6.21000000e+01 1.23078660e-05 1.17518957e-05
6.21500000e+01 1.22882333e-05 1.17296873e-05
6.22000000e+01 1.22685463e-05 1.17074853e-05
6.22500000e+01 1.22265660e-05 1.16702250e-05
6.23000000e+01 1.22051973e-05 1.16470477e-05
6.23500000e+01 1.21854063e-05 1.16249883e-05
6.24000000e+01 1.21655600e-05 1.16029357e-05
6.24500000e+01 1.21456570e-05 1.15808923e-05
6.25000000e+01 1.21256977e-05 1.15588573e-05
6.25500000e+01 1.21056810e-05 1.15368327e-05
6.26000000e+01 1.20840150e-05 1.15137720e-05
6.26500000e+01 1.20638897e-05 1.14917783e-05
6.27000000e+01 1.20437063e-05 1.14697960e-05
6.27500000e+01 1.20234640e-05 1.14478263e-05
6.28000000e+01 1.20031640e-05 1.14258723e-05
6.28500000e+01 1.19812490e-05 1.14029297e-05
6.29000000e+01 1.19608377e-05 1.13810130e-05
6.29500000e+01 1.19403673e-05 1.13591113e-05
6.30000000e+01 1.19198380e-05 1.13372267e-05
6.30500000e+01 1.18992493e-05 1.13153593e-05
6.31000000e+01 1.18786020e-05 1.12935113e-05
6.31500000e+01 1.18563763e-05 1.12707257e-05
6.32000000e+01 1.18356150e-05 1.12489200e-05
6.32500000e+01 1.18147930e-05 1.12271347e-05
6.33000000e+01 1.17939103e-05 1.12053687e-05
6.33500000e+01 1.17729693e-05 1.11836253e-05
6.34000000e+01 1.17519673e-05 1.11619010e-05
6.34500000e+01 1.17294247e-05 1.11392847e-05
6.35000000e+01 1.17083057e-05 1.11176097e-05
6.35500000e+01 1.16871263e-05 1.10959563e-05
6.36000000e+01 1.16658860e-05 1.10743263e-05
6.36500000e+01 1.16445850e-05 1.10527173e-05
6.37000000e+01 1.16232220e-05 1.10311320e-05
6.37500000e+01 1.16003577e-05 1.10086920e-05
6.38000000e+01 1.15788777e-05 1.09871573e-05
6.38500000e+01 1.15573353e-05 1.09656450e-05
6.39000000e+01 1.15357323e-05 1.09441557e-05
6.39500000e+01 1.15140673e-05 1.09226903e-05
6.40000000e+01 1.14923403e-05 1.09012463e-05
6.40500000e+01 1.14705523e-05 1.08798277e-05
6.41000000e+01 1.14272353e-05 1.08454187e-05
6.41500000e+01 1.14053973e-05 1.08240993e-05
6.42000000e+01 1.13834983e-05 1.08027997e-05
6.42500000e+01 1.13615377e-05 1.07815210e-05
6.43000000e+01 1.13395157e-05 1.07602630e-05
6.43500000e+01 1.13174313e-05 1.07390237e-05
6.44000000e+01 1.12939380e-05 1.07169837e-05
6.44500000e+01 1.12717353e-05 1.06957863e-05
6.45000000e+01 1.12494713e-05 1.06746083e-05
6.45500000e+01 1.12271463e-05 1.06534473e-05
6.46000000e+01 1.12047590e-05 1.06323037e-05
6.46500000e+01 1.11823097e-05 1.06111780e-05
6.47000000e+01 1.11584903e-05 1.05892683e-05
6.47500000e+01 1.11359237e-05 1.05681780e-05
6.48000000e+01 1.11132953e-05 1.05471010e-05
6.48500000e+01 1.10906037e-05 1.05260397e-05
6.49000000e+01 1.10678510e-05 1.05049910e-05
6.49500000e+01 1.10450373e-05 1.04839567e-05
6.50000000e+01 1.10221617e-05 1.04629333e-05
6.50500000e+01 1.09979620e-05 1.04411383e-05
6.51000000e+01 1.09749680e-05 1.04201383e-05
6.51500000e+01 1.09519117e-05 1.03991473e-05
6.52000000e+01 1.09287947e-05 1.03781663e-05
6.52500000e+01 1.09056163e-05 1.03571910e-05
6.53000000e+01 1.08823753e-05 1.03362220e-05
6.53500000e+01 1.08590727e-05 1.03152590e-05
6.54000000e+01 1.08344927e-05 1.02935287e-05
6.54500000e+01 1.08110720e-05 1.02725743e-05
6.55000000e+01 1.07875897e-05 1.02516200e-05
6.55500000e+01 1.07640447e-05 1.02306670e-05
6.56000000e+01 1.07404380e-05 1.02097132e-05
6.56500000e+01 1.07167697e-05 1.01887585e-05
6.57000000e+01 1.06918640e-05 1.01670362e-05
6.57500000e+01 1.06680773e-05 1.01460727e-05
6.58000000e+01 1.06442270e-05 1.01251033e-05
6.58500000e+01 1.06203147e-05 1.01041269e-05
6.59000000e+01 1.05963410e-05 1.00831423e-05
6.59500000e+01 1.05723043e-05 1.00621463e-05
6.60000000e+01 1.05482040e-05 1.00411393e-05
6.60500000e+01 1.05056283e-05 1.00077252e-05
6.61000000e+01 1.04814870e-05 9.98668640e-06
6.61500000e+01 1.04572833e-05 9.96563033e-06
6.62000000e+01 1.04330160e-05 9.94455537e-06
6.62500000e+01 1.04086847e-05 9.92346127e-06
6.63000000e+01 1.03842893e-05 9.90234513e-06
6.63500000e+01 1.03598313e-05 9.88120730e-06
6.64000000e+01 1.03353080e-05 9.86004380e-06
6.64500000e+01 1.03096490e-05 9.83810133e-06
6.65000000e+01 1.02850007e-05 9.81688423e-06
6.65500000e+01 1.02602877e-05 9.79563757e-06
6.66000000e+01 1.02355093e-05 9.77436090e-06
6.66500000e+01 1.02106660e-05 9.75305067e-06
6.67000000e+01 1.01857547e-05 9.73170657e-06
6.67500000e+01 1.01607777e-05 9.71032637e-06
6.68000000e+01 1.01347083e-05 9.68816073e-06
6.68500000e+01 1.01096022e-05 9.66670360e-06
6.69000000e+01 1.00844281e-05 9.64520543e-06
6.69500000e+01 1.00591857e-05 9.62366543e-06
6.70000000e+01 1.00338742e-05 9.60208107e-06
6.70500000e+01 1.00084945e-05 9.58045187e-06
6.71000000e+01 9.98304540e-06 9.55877397e-06
6.71500000e+01 9.95654597e-06 9.53630280e-06
6.72000000e+01 9.93096037e-06 9.51452547e-06
6.72500000e+01 9.90530420e-06 9.49269510e-06
6.73000000e+01 9.87957653e-06 9.47081203e-06
6.73500000e+01 9.85377630e-06 9.44887173e-06
6.74000000e+01 9.82790290e-06 9.42687420e-06
6.74500000e+01 9.80195607e-06 9.40481777e-06
6.75000000e+01 9.77593587e-06 9.38270130e-06
6.75500000e+01 9.74891577e-06 9.35978540e-06
6.76000000e+01 9.72275187e-06 9.33754180e-06
6.76500000e+01 9.69651160e-06 9.31523350e-06
6.77000000e+01 9.67019507e-06 9.29285777e-06
6.77500000e+01 9.64380287e-06 9.27041423e-06
6.78000000e+01 9.61733313e-06 9.24789930e-06
6.78500000e+01 9.59078433e-06 9.22531293e-06
6.79000000e+01 9.56415673e-06 9.20265303e-06
6.79500000e+01 9.53658003e-06 9.17919547e-06
6.80000000e+01 9.50980023e-06 9.15638550e-06
6.80500000e+01 9.48293957e-06 9.13349750e-06
6.81000000e+01 9.44221970e-06 9.09890127e-06
6.81500000e+01 9.41530040e-06 9.07587973e-06
6.82000000e+01 9.38830117e-06 9.05277877e-06
6.82500000e+01 9.36122023e-06 9.02959500e-06
6.83000000e+01 9.33405627e-06 9.00632827e-06
6.83500000e+01 9.30600743e-06 8.98228373e-06
6.84000000e+01 9.27868483e-06 8.95885013e-06
6.84500000e+01 9.25127843e-06 8.93533097e-06
6.85000000e+01 9.22378853e-06 8.91172280e-06
6.85500000e+01 9.19621320e-06 8.88802603e-06
6.86000000e+01 9.16855250e-06 8.86423923e-06
6.86500000e+01 9.14080693e-06 8.84036193e-06
6.87000000e+01 9.11297547e-06 8.81639137e-06
6.87500000e+01 9.08505727e-06 8.79232717e-06
6.88000000e+01 9.05632197e-06 8.76750653e-06
6.88500000e+01 9.02823700e-06 8.74325680e-06
6.89000000e+01 9.00006560e-06 8.71891157e-06
6.89500000e+01 8.97180633e-06 8.69446783e-06
6.90000000e+01 8.94345807e-06 8.66992600e-06
6.90500000e+01 8.91502107e-06 8.64528607e-06
6.91000000e+01 8.88649627e-06 8.62054607e-06
6.91500000e+01 8.85788297e-06 8.59570673e-06
6.92000000e+01 8.82918007e-06 8.57076497e-06
6.92500000e+01 8.79973770e-06 8.54510227e-06
6.93000000e+01 8.77086467e-06 8.51996147e-06
6.93500000e+01 8.74190283e-06 8.49471817e-06
6.94000000e+01 8.71285263e-06 8.46937050e-06
6.94500000e+01 8.68371170e-06 8.44391853e-06
6.95000000e+01 8.65448117e-06 8.41836277e-06
6.95500000e+01 8.62516153e-06 8.39270180e-06
6.96000000e+01 8.59575363e-06 8.36693640e-06
6.96500000e+01 8.56625690e-06 8.34106400e-06
6.97000000e+01 8.53610983e-06 8.31452343e-06
6.97500000e+01 8.50644440e-06 8.28844597e-06
6.98000000e+01 8.47669143e-06 8.26226277e-06
6.98500000e+01 8.44685110e-06 8.23597253e-06
6.99000000e+01 8.41692280e-06 8.20957570e-06
6.99500000e+01 8.38690707e-06 8.18307277e-06
7.00000000e+01 8.35680477e-06 8.15646373e-06
7.00500000e+01 8.32661743e-06 8.12974903e-06
7.01000000e+01 8.29634463e-06 8.10292687e-06
7.01500000e+01 8.26598617e-06 8.07599867e-06
7.02000000e+01 8.22738010e-06 8.04020003e-06
7.02500000e+01 8.19706093e-06 8.01321243e-06
7.03000000e+01 8.16666200e-06 7.98612417e-06
7.03500000e+01 8.13618410e-06 7.95893337e-06
7.04000000e+01 8.10562727e-06 7.93164220e-06
7.04500000e+01 8.07499317e-06 7.90425103e-06
7.05000000e+01 8.04428343e-06 7.87676077e-06
7.05500000e+01 8.01349893e-06 7.84917080e-06
7.06000000e+01 7.98263977e-06 7.82148227e-06
7.06500000e+01 7.95170740e-06 7.79369680e-06
7.07000000e+01 7.92070327e-06 7.76581490e-06
7.07500000e+01 7.88932300e-06 7.73746970e-06
7.08000000e+01 7.85819303e-06 7.70940673e-06
7.08500000e+01 7.82699453e-06 7.68125047e-06
7.09000000e+01 7.79572957e-06 7.65300190e-06
7.09500000e+01 7.76440060e-06 7.62466187e-06
7.10000000e+01 7.73300890e-06 7.59623173e-06
7.10500000e+01 7.70155510e-06 7.56771187e-06
7.11000000e+01 7.67004103e-06 7.53910473e-06
7.11500000e+01 7.63846867e-06 7.51041137e-06
7.12000000e+01 7.60684073e-06 7.48163367e-06
7.12500000e+01 7.57515820e-06 7.45277133e-06
7.13000000e+01 7.54326400e-06 7.42358297e-06
7.13500000e+01 7.51149040e-06 7.39457093e-06
7.14000000e+01 7.47966813e-06 7.36548003e-06
7.14500000e+01 7.44779990e-06 7.33631313e-06
7.15000000e+01 7.41588700e-06 7.30707003e-06
7.15500000e+01 7.38393047e-06 7.27775397e-06
7.16000000e+01 7.35193303e-06 7.24836677e-06
7.16500000e+01 7.31989787e-06 7.21891053e-06
7.17000000e+01 7.28782697e-06 7.18938610e-06
7.17500000e+01 7.25572157e-06 7.15979597e-06
7.18000000e+01 7.22358427e-06 7.13014287e-06
7.18500000e+01 7.19141767e-06 7.10042883e-06
7.19000000e+01 7.15924043e-06 7.07056557e-06
7.19500000e+01 7.12703827e-06 7.04074837e-06
7.20000000e+01 7.09481350e-06 7.01087680e-06
7.20500000e+01 7.06256897e-06 6.98095390e-06
7.21000000e+01 7.03030820e-06 6.95098090e-06
7.21500000e+01 6.99803333e-06 6.92096143e-06
7.22000000e+01 6.96574680e-06 6.89089593e-06
7.22500000e+01 6.93345053e-06 6.86078847e-06
7.23000000e+01 6.90114770e-06 6.83064143e-06
7.23500000e+01 6.86884153e-06 6.80045737e-06
7.24000000e+01 6.83653480e-06 6.77023807e-06
7.24500000e+01 6.80750943e-06 6.74112943e-06
7.25000000e+01 6.77567553e-06 6.71118503e-06
7.25500000e+01 6.74367160e-06 6.68115170e-06
7.26000000e+01 6.71167867e-06 6.65109643e-06
7.26500000e+01 6.67969853e-06 6.62101993e-06
7.27000000e+01 6.64773320e-06 6.59092633e-06
7.27500000e+01 6.61578563e-06 6.56081833e-06
7.28000000e+01 6.58385960e-06 6.53069860e-06
7.28500000e+01 6.55195773e-06 6.50056910e-06
7.29000000e+01 6.52008163e-06 6.47043287e-06
7.29500000e+01 6.48823440e-06 6.44029340e-06
7.30000000e+01 6.45641883e-06 6.41015330e-06
7.30500000e+01 6.42499033e-06 6.38024650e-06
7.31000000e+01 6.39326203e-06 6.35012663e-06
7.31500000e+01 6.36157317e-06 6.32001453e-06
7.32000000e+01 6.32992663e-06 6.28991357e-06
7.32500000e+01 6.29832590e-06 6.25982543e-06
7.33000000e+01 6.26677330e-06 6.22975423e-06
7.33500000e+01 6.23527207e-06 6.19970093e-06
7.34000000e+01 6.20382353e-06 6.16966983e-06
7.34500000e+01 6.17243073e-06 6.13966357e-06
7.35000000e+01 6.14109727e-06 6.10968497e-06
7.35500000e+01 6.10982570e-06 6.07973610e-06
7.36000000e+01 6.07912047e-06 6.05020207e-06
7.36500000e+01 6.04799210e-06 6.02033610e-06
7.37000000e+01 6.01693280e-06 5.99050897e-06
7.37500000e+01 5.98594553e-06 5.96072360e-06
7.38000000e+01 5.95503250e-06 5.93098137e-06
7.38500000e+01 5.92419523e-06 5.90128597e-06
7.39000000e+01 5.89343657e-06 5.87164087e-06
7.39500000e+01 5.86275977e-06 5.84204770e-06
7.40000000e+01 5.83216707e-06 5.81251007e-06
7.40500000e+01 5.80165970e-06 5.78302893e-06
7.41000000e+01 5.77186943e-06 5.75412027e-06
7.41500000e+01 5.74155330e-06 5.72477570e-06
7.42000000e+01 5.71133013e-06 5.69549650e-06
7.42500000e+01 5.68120247e-06 5.66628467e-06
7.43000000e+01 5.65117137e-06 5.63714270e-06
7.43500000e+01 5.62123897e-06 5.60807423e-06
7.44000000e+01 5.59140760e-06 5.57908030e-06
7.44500000e+01 5.56168040e-06 5.55016473e-06
7.45000000e+01 5.53205833e-06 5.52132793e-06
7.45500000e+01 5.50254300e-06 5.49257370e-06
7.46000000e+01 5.47313637e-06 5.46390413e-06
7.46500000e+01 5.44459237e-06 5.43596327e-06
7.47000000e+01 5.41542117e-06 5.40748050e-06
7.47500000e+01 5.38636377e-06 5.37908833e-06
7.48000000e+01 5.37252897e-06 5.36383470e-06
7.48500000e+01 5.34390717e-06 5.33584793e-06
7.49000000e+01 5.31540233e-06 5.30795597e-06
7.49500000e+01 5.28701537e-06 5.28015940e-06
7.50000000e+01 5.25874747e-06 5.25246117e-06
7.50500000e+01 5.23060020e-06 5.22486377e-06
7.51000000e+01 5.20257560e-06 5.19736780e-06
7.51500000e+01 5.17550627e-06 5.17070933e-06
7.52000000e+01 5.14773990e-06 5.14343217e-06
7.52500000e+01 5.12009917e-06 5.11626223e-06
7.53000000e+01 5.09258553e-06 5.08920100e-06
7.53500000e+01 5.06520067e-06 5.06224990e-06
7.54000000e+01 5.03794590e-06 5.03540993e-06
7.54500000e+01 5.01082133e-06 5.00868267e-06
7.55000000e+01 4.98382837e-06 4.98207027e-06
7.55500000e+01 4.95696807e-06 4.95557377e-06
7.56000000e+01 4.93024190e-06 4.92919477e-06
7.56500000e+01 4.90455767e-06 4.90375183e-06
7.57000000e+01 4.87810863e-06 4.87761847e-06
7.57500000e+01 4.85179547e-06 4.85160637e-06
7.58000000e+01 4.82561940e-06 4.82571600e-06
7.58500000e+01 4.79958137e-06 4.79994850e-06
7.59000000e+01 4.77368103e-06 4.77430430e-06
7.59500000e+01 4.74791973e-06 4.74878570e-06
7.60000000e+01 4.72229737e-06 4.72339273e-06
7.60500000e+01 4.69681540e-06 4.69812683e-06
7.61000000e+01 4.67147470e-06 4.67298823e-06
7.61500000e+01 4.64724090e-06 4.64886590e-06
7.62000000e+01 4.62218760e-06 4.62399227e-06
7.62500000e+01 4.59727590e-06 4.59924803e-06
7.63000000e+01 4.57250693e-06 4.57463500e-06
7.63500000e+01 4.54788037e-06 4.55015237e-06
7.64000000e+01 4.52339590e-06 4.52580167e-06
7.64500000e+01 4.49905387e-06 4.50158337e-06
7.65000000e+01 4.47485533e-06 4.47749813e-06
7.65500000e+01 4.45080050e-06 4.45354593e-06
7.66000000e+01 4.42688847e-06 4.42972713e-06
7.66500000e+01 4.40413030e-06 4.40698457e-06
7.67000000e+01 4.38050953e-06 4.38344030e-06
7.67500000e+01 4.35703280e-06 4.36003117e-06
7.68000000e+01 4.33369937e-06 4.33675617e-06
7.68500000e+01 4.31050900e-06 4.31361653e-06
7.69000000e+01 4.28746187e-06 4.29061297e-06
7.69500000e+01 4.26455817e-06 4.26774457e-06
7.70000000e+01 4.24179760e-06 4.24501243e-06
7.70500000e+01 4.21918010e-06 4.22241553e-06
7.71000000e+01 4.19670520e-06 4.19995507e-06
7.71500000e+01 4.17541250e-06 4.17861097e-06
7.72000000e+01 4.15322567e-06 4.15642660e-06
7.72500000e+01 4.13118127e-06 4.13437790e-06
7.73000000e+01 4.13085680e-06 4.13286697e-06
7.73500000e+01 4.10915500e-06 4.11116653e-06
7.74000000e+01 4.08759187e-06 4.08959937e-06
7.74500000e+01 4.06616777e-06 4.06816573e-06
7.75000000e+01 4.04488167e-06 4.04686430e-06
7.75500000e+01 4.02373300e-06 4.02569597e-06
7.76000000e+01 4.00376283e-06 4.00565037e-06
7.76500000e+01 3.98289083e-06 3.98475013e-06
7.77000000e+01 3.96215533e-06 3.96398200e-06
7.77500000e+01 3.94155567e-06 3.94334543e-06
7.78000000e+01 3.92109130e-06 3.92284060e-06
7.78500000e+01 3.90076197e-06 3.90246723e-06
7.79000000e+01 3.88056780e-06 3.88222530e-06
7.79500000e+01 3.86050730e-06 3.86211293e-06
7.80000000e+01 3.84058043e-06 3.84213123e-06
7.80500000e+01 3.82078630e-06 3.82227977e-06
7.81000000e+01 3.80217433e-06 3.80356300e-06
7.81500000e+01 3.78264637e-06 3.78397227e-06
7.82000000e+01 3.76324953e-06 3.76450940e-06
7.82500000e+01 3.74398313e-06 3.74517500e-06
7.83000000e+01 3.72484680e-06 3.72596857e-06
7.83500000e+01 3.70583980e-06 3.70688910e-06
7.84000000e+01 3.68696233e-06 3.68793637e-06
7.84500000e+01 3.66821267e-06 3.66910967e-06
7.85000000e+01 3.64959037e-06 3.65040877e-06
7.85500000e+01 3.63109500e-06 3.63183320e-06
7.86000000e+01 3.61377543e-06 3.61439400e-06
7.86500000e+01 3.59553290e-06 3.59606793e-06
7.87000000e+01 3.57741510e-06 3.57786547e-06
7.87500000e+01 3.55942090e-06 3.55978590e-06
7.88000000e+01 3.54155083e-06 3.54182870e-06
7.88500000e+01 3.52380337e-06 3.52399330e-06
7.89000000e+01 3.50617833e-06 3.50627877e-06
7.89500000e+01 3.48867437e-06 3.48868480e-06
7.90000000e+01 3.47129090e-06 3.47121060e-06
7.90500000e+01 3.45506907e-06 3.45486460e-06
7.91000000e+01 3.43792533e-06 3.43762870e-06
7.91500000e+01 3.42089970e-06 3.42051017e-06
7.92000000e+01 3.40399157e-06 3.40350933e-06
7.92500000e+01 3.38720060e-06 3.38662497e-06
7.93000000e+01 3.37052617e-06 3.36985673e-06
7.93500000e+01 3.35396717e-06 3.35320313e-06
7.94000000e+01 3.33752283e-06 3.33666437e-06
7.94500000e+01 3.32119257e-06 3.32023973e-06
7.95000000e+01 3.30497560e-06 3.30392827e-06
7.95500000e+01 3.28990000e-06 3.28872963e-06
7.96000000e+01 3.27390687e-06 3.27264180e-06
7.96500000e+01 3.25802450e-06 3.25666513e-06
7.97000000e+01 3.24225240e-06 3.24079893e-06
7.97500000e+01 3.22659010e-06 3.22504260e-06
7.98000000e+01 3.21103643e-06 3.20939457e-06
7.98500000e+01 3.19559070e-06 3.19385493e-06
7.99000000e+01 3.20265510e-06 3.20027333e-06
7.99500000e+01 3.18740263e-06 3.18493563e-06
8.00000000e+01 3.17325750e-06 3.17068170e-06
