-2.00000000e+01 1.56978713e-07 1.71851343e-07
-1.99500000e+01 1.57478037e-07 1.72431687e-07
-1.99000000e+01 1.57979970e-07 1.73015240e-07
-1.98500000e+01 1.58484527e-07 1.73602057e-07
-1.98000000e+01 1.58991727e-07 1.74192160e-07
-1.97500000e+01 1.59501603e-07 1.74785577e-07
-1.97000000e+01 1.60014150e-07 1.75382307e-07
-1.96500000e+01 1.60529420e-07 1.75982383e-07
-1.96000000e+01 1.61047397e-07 1.76585870e-07
-1.95500000e+01 1.61568130e-07 1.77192767e-07
-1.95000000e+01 1.62091630e-07 1.77803100e-07
-1.94500000e+01 1.62617923e-07 1.78416890e-07
-1.94000000e+01 1.63147020e-07 1.79034163e-07
-1.93500000e+01 1.63678933e-07 1.79654990e-07
-1.93000000e+01 1.64213720e-07 1.80279360e-07
-1.92500000e+01 1.64751367e-07 1.80907317e-07
-1.92000000e+01 1.65291913e-07 1.81538847e-07
-1.91500000e+01 1.65835377e-07 1.82174043e-07
-1.91000000e+01 1.66381770e-07 1.82812913e-07
-1.90500000e+01 1.66931130e-07 1.83455487e-07
-1.90000000e+01 1.67483487e-07 1.84101767e-07
-1.89500000e+01 1.68038847e-07 1.84751807e-07
-1.89000000e+01 1.68597227e-07 1.85405657e-07
-1.88500000e+01 1.69158673e-07 1.86063330e-07
-1.88000000e+01 1.69723193e-07 1.86724860e-07
-1.87500000e+01 1.70290820e-07 1.87390267e-07
-1.87000000e+01 1.70861573e-07 1.88059573e-07
-1.86500000e+01 1.71435460e-07 1.88732860e-07
-1.86000000e+01 1.72012543e-07 1.89410133e-07
-1.85500000e+01 1.72592817e-07 1.90091420e-07
-1.85000000e+01 1.73176327e-07 1.90776730e-07
-1.84500000e+01 1.73763077e-07 1.91466153e-07
-1.84000000e+01 1.74353107e-07 1.92159710e-07
-1.83500000e+01 1.74946440e-07 1.92857420e-07
-1.83000000e+01 1.75543103e-07 1.93559303e-07
-1.82500000e+01 1.76143130e-07 1.94265413e-07
-1.82000000e+01 1.76746513e-07 1.94975810e-07
-1.81500000e+01 1.77353333e-07 1.95690500e-07
-1.81000000e+01 1.77963580e-07 1.96409533e-07
-1.80500000e+01 1.78577300e-07 1.97132910e-07
-1.80000000e+01 1.79194503e-07 1.97860717e-07
-1.79500000e+01 1.79815227e-07 1.98592990e-07
-1.79000000e+01 1.80439510e-07 1.99329747e-07
-1.78500000e+01 1.81067357e-07 2.00071033e-07
-1.78000000e+01 1.81698833e-07 2.00816873e-07
-1.77500000e+01 1.82333920e-07 2.01567347e-07
-1.77000000e+01 1.82972683e-07 2.02322473e-07
-1.76500000e+01 1.83615150e-07 2.03082280e-07
-1.76000000e+01 1.84261350e-07 2.03846807e-07
-1.75500000e+01 1.84911300e-07 2.04616100e-07
-1.75000000e+01 1.85565027e-07 2.05390240e-07
-1.74500000e+01 1.86222593e-07 2.06169233e-07
-1.74000000e+01 1.86884000e-07 2.06953137e-07
-1.73500000e+01 1.87549300e-07 2.07741953e-07
-1.73000000e+01 1.88218510e-07 2.08535793e-07
-1.72500000e+01 1.88891663e-07 2.09334673e-07
-1.72000000e+01 1.89568807e-07 2.10138630e-07
-1.71500000e+01 1.90249977e-07 2.10947703e-07
-1.71000000e+01 1.90935193e-07 2.11761943e-07
-1.70500000e+01 1.91624480e-07 2.12581433e-07
-1.70000000e+01 1.92317900e-07 2.13406183e-07
-1.69500000e+01 1.93015470e-07 2.14236260e-07
-1.69000000e+01 1.93717230e-07 2.15071683e-07
-1.68500000e+01 1.94423213e-07 2.15912533e-07
-1.68000000e+01 1.95133457e-07 2.16758863e-07
-1.67500000e+01 1.95848013e-07 2.17610703e-07
-1.67000000e+01 1.96566890e-07 2.18468120e-07
-1.66500000e+01 1.97290147e-07 2.19331123e-07
-1.66000000e+01 1.98017800e-07 2.20199840e-07
-1.65500000e+01 1.98749927e-07 2.21074273e-07
-1.65000000e+01 1.99486527e-07 2.21954487e-07
-1.64500000e+01 2.00227653e-07 2.22840530e-07
-1.64000000e+01 2.00973360e-07 2.23732457e-07
-1.63500000e+01 2.01723653e-07 2.24630347e-07
-1.63000000e+01 2.02478610e-07 2.25534240e-07
-1.62500000e+01 2.03238243e-07 2.26444197e-07
-1.62000000e+01 2.04002620e-07 2.27360233e-07
-1.61500000e+01 2.04771760e-07 2.28282493e-07
-1.61000000e+01 2.05545710e-07 2.29210980e-07
-1.60500000e+01 2.06324520e-07 2.30145763e-07
-1.60000000e+01 2.07108237e-07 2.31086893e-07
-1.59500000e+01 2.07896910e-07 2.32034437e-07
-1.59000000e+01 2.08690543e-07 2.32988487e-07
-1.58500000e+01 2.09489233e-07 2.33949087e-07
-1.58000000e+01 2.10292993e-07 2.34916283e-07
-1.57500000e+01 2.11101890e-07 2.35890153e-07
-1.57000000e+01 2.11915963e-07 2.36870753e-07
-1.56500000e+01 2.12735227e-07 2.37858180e-07
-1.56000000e+01 2.13559783e-07 2.38852483e-07
-1.55500000e+01 2.14389647e-07 2.39853730e-07
-1.55000000e+01 2.15224883e-07 2.40861953e-07
-1.54500000e+01 2.16065527e-07 2.41877307e-07
-1.54000000e+01 2.16911630e-07 2.42899807e-07
-1.53500000e+01 2.17763250e-07 2.43929523e-07
-1.53000000e+01 2.18620447e-07 2.44966533e-07
-1.52500000e+01 2.19483270e-07 2.46010913e-07
-1.52000000e+01 2.20351733e-07 2.47062767e-07
-1.51500000e+01 2.21225943e-07 2.48122137e-07
-1.51000000e+01 2.22105923e-07 2.49189117e-07
-1.50500000e+01 2.22991747e-07 2.50263747e-07
-1.50000000e+01 2.23883450e-07 2.51346153e-07
-1.49500000e+01 2.24781093e-07 2.52436410e-07
-1.49000000e+01 2.25684750e-07 2.53534583e-07
-1.48500000e+01 2.26594450e-07 2.54640747e-07
-1.48000000e+01 2.27510287e-07 2.55754990e-07
-1.47500000e+01 2.28432267e-07 2.56877433e-07
-1.47000000e+01 2.29360500e-07 2.58008130e-07
-1.46500000e+01 2.30295027e-07 2.59147167e-07
-1.46000000e+01 2.31235917e-07 2.60294623e-07
-1.45500000e+01 2.32183227e-07 2.61450597e-07
-1.45000000e+01 2.33136987e-07 2.62615203e-07
-1.44500000e+01 2.34097317e-07 2.63788510e-07
-1.44000000e+01 2.35064243e-07 2.64970623e-07
-1.43500000e+01 2.36037853e-07 2.66161580e-07
-1.43000000e+01 2.37018193e-07 2.67361577e-07
-1.42500000e+01 2.38005330e-07 2.68570657e-07
-1.42000000e+01 2.38999347e-07 2.69788910e-07
-1.41500000e+01 2.40000313e-07 2.71016440e-07
-1.41000000e+01 2.41008297e-07 2.72253347e-07
-1.40500000e+01 2.42023330e-07 2.73499770e-07
-1.40000000e+01 2.43045540e-07 2.74755787e-07
-1.39500000e+01 2.44074967e-07 2.76021490e-07
-1.39000000e+01 2.45111700e-07 2.77296997e-07
-1.38500000e+01 2.46155810e-07 2.78582410e-07
-1.38000000e+01 2.47207327e-07 2.79877873e-07
-1.37500000e+01 2.48266403e-07 2.81183473e-07
-1.37000000e+01 2.49333067e-07 2.82499323e-07
-1.36500000e+01 2.50407413e-07 2.83825500e-07
-1.36000000e+01 2.51489517e-07 2.85162217e-07
-1.35500000e+01 2.52579440e-07 2.86509527e-07
-1.35000000e+01 2.53677300e-07 2.87867557e-07
-1.34500000e+01 2.54783163e-07 2.89236423e-07
-1.34000000e+01 2.55897117e-07 2.90616257e-07
-1.33500000e+01 2.57019210e-07 2.92007213e-07
-1.33000000e+01 2.58149580e-07 2.93409397e-07
-1.32500000e+01 2.59288290e-07 2.94822940e-07
-1.32000000e+01 2.60435433e-07 2.96247937e-07
-1.31500000e+01 2.61591093e-07 2.97684583e-07
-1.31000000e+01 2.62755357e-07 2.99133000e-07
-1.30500000e+01 2.63928343e-07 3.00593307e-07
-1.30000000e+01 2.65110103e-07 3.02065640e-07
-1.29500000e+01 2.66300780e-07 3.03550150e-07
-1.29000000e+01 2.67500407e-07 3.05047023e-07
-1.28500000e+01 2.68709147e-07 3.06556363e-07
-1.28000000e+01 2.69927063e-07 3.08078313e-07
-1.27500000e+01 2.71154267e-07 3.09613033e-07
-1.27000000e+01 2.72390870e-07 3.11160670e-07
-1.26500000e+01 2.73636920e-07 3.12721427e-07
-1.26000000e+01 2.74892593e-07 3.14295427e-07
-1.25500000e+01 2.76157953e-07 3.15882833e-07
-1.25000000e+01 2.77433137e-07 3.17483763e-07
-1.24500000e+01 2.78718220e-07 3.19098493e-07
-1.24000000e+01 2.80013327e-07 3.20727127e-07
-1.23500000e+01 2.81318570e-07 3.22369833e-07
-1.23000000e+01 2.82634083e-07 3.24026783e-07
-1.22500000e+01 2.83959973e-07 3.25698157e-07
-1.22000000e+01 2.85296313e-07 3.27384190e-07
-1.21500000e+01 2.86643280e-07 3.29085023e-07
-1.21000000e+01 2.88000970e-07 3.30800827e-07
-1.20500000e+01 2.89369520e-07 3.32531803e-07
-1.20000000e+01 2.90749037e-07 3.34278137e-07
-1.19500000e+01 2.92139640e-07 3.36040077e-07
-1.19000000e+01 2.93541500e-07 3.37817773e-07
-1.18500000e+01 2.94954703e-07 3.39611463e-07
-1.18000000e+01 2.96379410e-07 3.41421263e-07
-1.17500000e+01 2.97815737e-07 3.43247530e-07
-1.17000000e+01 2.99263807e-07 3.45090390e-07
-1.16500000e+01 3.00723797e-07 3.46950060e-07
-1.16000000e+01 3.02195840e-07 3.48826763e-07
-1.15500000e+01 3.03680080e-07 3.50720727e-07
-1.15000000e+01 3.05176610e-07 3.52632233e-07
-1.14500000e+01 3.06685647e-07 3.54561457e-07
-1.14000000e+01 3.08207307e-07 3.56508663e-07
-1.13500000e+01 3.09741760e-07 3.58474037e-07
-1.13000000e+01 3.11289140e-07 3.60457903e-07
-1.12500000e+01 3.12849600e-07 3.62460493e-07
-1.12000000e+01 3.14423323e-07 3.64482030e-07
-1.11500000e+01 3.16010470e-07 3.66522780e-07
-1.11000000e+01 3.17611217e-07 3.68583013e-07
-1.10500000e+01 3.19225667e-07 3.70663040e-07
-1.10000000e+01 3.20854063e-07 3.72763107e-07
-1.09500000e+01 3.22496547e-07 3.74883463e-07
-1.09000000e+01 3.24153307e-07 3.77024397e-07
-1.08500000e+01 3.25824533e-07 3.79186210e-07
-1.08000000e+01 3.27510327e-07 3.81369240e-07
-1.07500000e+01 3.29210983e-07 3.83573740e-07
-1.07000000e+01 3.30926627e-07 3.85800030e-07
-1.06500000e+01 3.32657477e-07 3.88048350e-07
-1.06000000e+01 3.34403703e-07 3.90319170e-07
-1.05500000e+01 3.36165507e-07 3.92612717e-07
-1.05000000e+01 3.37943097e-07 3.94929317e-07
-1.04500000e+01 3.39736697e-07 3.97269307e-07
-1.04000000e+01 3.41546513e-07 3.99633037e-07
-1.03500000e+01 3.43372690e-07 4.02020900e-07
-1.03000000e+01 3.45215520e-07 4.04433207e-07
-1.02500000e+01 3.47075193e-07 4.06870337e-07
-1.02000000e+01 3.48951947e-07 4.09332603e-07
-1.01500000e+01 3.50845983e-07 4.11820473e-07
-1.01000000e+01 3.52757530e-07 4.14334303e-07
-1.00500000e+01 3.54686870e-07 4.16874460e-07
-1.00000000e+01 3.56634173e-07 4.19441380e-07
-9.95000000e+00 3.58599770e-07 4.22035360e-07
-9.90000000e+00 3.60583800e-07 4.24657007e-07
-9.85000000e+00 3.62586600e-07 4.27306633e-07
-9.80000000e+00 3.64608393e-07 4.29984660e-07
-9.75000000e+00 3.66649463e-07 4.32691543e-07
-9.70000000e+00 3.68710073e-07 4.35427737e-07
-9.65000000e+00 3.70790417e-07 4.38193767e-07
-9.60000000e+00 3.72890893e-07 4.40990027e-07
-9.55000000e+00 3.75011700e-07 4.43817040e-07
-9.50000000e+00 3.77153163e-07 4.46675187e-07
-9.45000000e+00 3.79315547e-07 4.49565167e-07
-9.40000000e+00 3.81499147e-07 4.52487370e-07
-9.35000000e+00 3.83704280e-07 4.55442313e-07
-9.30000000e+00 3.85931273e-07 4.58430537e-07
-9.25000000e+00 3.88180447e-07 4.61452593e-07
-9.20000000e+00 3.90452030e-07 4.64509103e-07
-9.15000000e+00 3.92746457e-07 4.67600590e-07
-9.10000000e+00 3.95064007e-07 4.70727590e-07
-9.05000000e+00 3.97405050e-07 4.73890737e-07
-9.00000000e+00 3.99769923e-07 4.77090620e-07
-8.95000000e+00 4.02158897e-07 4.80327943e-07
-8.90000000e+00 4.04572467e-07 4.83603253e-07
-8.85000000e+00 4.07010913e-07 4.86917247e-07
-8.80000000e+00 4.09474653e-07 4.90270467e-07
-8.75000000e+00 4.11964030e-07 4.93663827e-07
-8.70000000e+00 4.14479437e-07 4.97097873e-07
-8.65000000e+00 4.17021287e-07 5.00573307e-07
-8.60000000e+00 4.19590000e-07 5.04090877e-07
-8.55000000e+00 4.22186000e-07 5.07651333e-07
-8.50000000e+00 4.24809617e-07 5.11255507e-07
-8.45000000e+00 4.27461380e-07 5.14904093e-07
-8.40000000e+00 4.30141687e-07 5.18597940e-07
-8.35000000e+00 4.32851010e-07 5.22337770e-07
-8.30000000e+00 4.35589777e-07 5.26124553e-07
-8.25000000e+00 4.38358453e-07 5.29959117e-07
-8.20000000e+00 4.41157570e-07 5.33842280e-07
-8.15000000e+00 4.43987533e-07 5.37774960e-07
-8.10000000e+00 4.46848950e-07 5.41758110e-07
-8.05000000e+00 4.49742190e-07 5.45792737e-07
-8.00000000e+00 4.52667887e-07 5.49879723e-07
-7.95000000e+00 4.55626533e-07 5.54020047e-07
-7.90000000e+00 4.58618680e-07 5.58214750e-07
-7.85000000e+00 4.61644910e-07 5.62464883e-07
-7.80000000e+00 4.64705653e-07 5.66771603e-07
-7.75000000e+00 4.67801673e-07 5.71135900e-07
-7.70000000e+00 4.70933457e-07 5.75558957e-07
-7.65000000e+00 4.74101653e-07 5.80041790e-07
-7.60000000e+00 4.77306850e-07 5.84585867e-07
-7.55000000e+00 4.80549677e-07 5.89192230e-07
-7.50000000e+00 4.83830810e-07 5.93862110e-07
-7.45000000e+00 4.87150923e-07 5.98596817e-07
-7.40000000e+00 4.90510717e-07 6.03397693e-07
-7.35000000e+00 4.93910760e-07 6.08266157e-07
-7.30000000e+00 4.97351900e-07 6.13203553e-07
-7.25000000e+00 5.00834810e-07 6.18211223e-07
-7.20000000e+00 5.04360257e-07 6.23290727e-07
-7.15000000e+00 5.07929023e-07 6.28443543e-07
-7.10000000e+00 5.11541747e-07 6.33671313e-07
-7.05000000e+00 5.15199427e-07 6.38975547e-07
-7.00000000e+00 5.18902773e-07 6.44357920e-07
-6.95000000e+00 5.22652670e-07 6.49819990e-07
-6.90000000e+00 5.26449943e-07 6.55363797e-07
-6.85000000e+00 5.30295447e-07 6.60990927e-07
-6.80000000e+00 5.34190180e-07 6.66703203e-07
-6.75000000e+00 5.38135020e-07 6.72502547e-07
-6.70000000e+00 5.42130967e-07 6.78390950e-07
-6.65000000e+00 5.46178850e-07 6.84370497e-07
-6.60000000e+00 5.50279827e-07 6.90443130e-07
-6.55000000e+00 5.54434860e-07 6.96611063e-07
-6.50000000e+00 5.58645023e-07 7.02876370e-07
-6.45000000e+00 5.62911380e-07 7.09241507e-07
-6.40000000e+00 5.67235017e-07 7.15708753e-07
-6.35000000e+00 5.71617163e-07 7.22280440e-07
-6.30000000e+00 5.76058853e-07 7.28959083e-07
-6.25000000e+00 5.80561467e-07 7.35747303e-07
-6.20000000e+00 5.85126027e-07 7.42647833e-07
-6.15000000e+00 5.89753977e-07 7.49663280e-07
-6.10000000e+00 5.94446543e-07 7.56796423e-07
-6.05000000e+00 5.99205100e-07 7.64050233e-07
-6.00000000e+00 6.04031053e-07 7.71427767e-07
-5.95000000e+00 6.08925620e-07 7.78932227e-07
-5.90000000e+00 6.13890533e-07 7.86566617e-07
-5.85000000e+00 6.18927137e-07 7.94334473e-07
-5.80000000e+00 6.24037010e-07 8.02238960e-07
-5.75000000e+00 6.29221733e-07 8.10284057e-07
-5.70000000e+00 6.34482907e-07 8.18473190e-07
-5.65000000e+00 6.39822257e-07 8.26810127e-07
-5.60000000e+00 6.45241523e-07 8.35298853e-07
-5.55000000e+00 6.50742547e-07 8.43943593e-07
-5.50000000e+00 6.56326963e-07 8.52748547e-07
-5.45000000e+00 6.61996870e-07 8.61718123e-07
-5.40000000e+00 6.67754140e-07 8.70856683e-07
-5.35000000e+00 6.73600820e-07 8.80169140e-07
-5.30000000e+00 6.79538950e-07 8.89660310e-07
-5.25000000e+00 6.85570660e-07 8.99335450e-07
-5.20000000e+00 6.91698263e-07 9.09199630e-07
-5.15000000e+00 6.97923920e-07 9.19258493e-07
-5.10000000e+00 7.04250083e-07 9.29517470e-07
-5.05000000e+00 7.10679123e-07 9.39982927e-07
-5.00000000e+00 7.17213500e-07 9.50660697e-07
-4.95000000e+00 7.23855960e-07 9.61557150e-07
-4.90000000e+00 7.30609140e-07 9.72679010e-07
-4.85000000e+00 7.37475863e-07 9.84033293e-07
-4.80000000e+00 7.44458757e-07 9.95627267e-07
-4.75000000e+00 7.51561127e-07 1.00746824e-06
-4.70000000e+00 7.58785870e-07 1.01956416e-06
-4.65000000e+00 7.66136210e-07 1.03192305e-06
-4.60000000e+00 7.73615447e-07 1.04455367e-06
-4.55000000e+00 7.81226947e-07 1.05746479e-06
-4.50000000e+00 7.88974320e-07 1.07066554e-06
-4.45000000e+00 7.96861233e-07 1.08416562e-06
-4.40000000e+00 8.04891587e-07 1.09797535e-06
-4.35000000e+00 8.13069073e-07 1.11210528e-06
-4.30000000e+00 8.21398040e-07 1.12656641e-06
-4.25000000e+00 8.29882657e-07 1.14137008e-06
-4.20000000e+00 8.38527373e-07 1.15652841e-06
-4.15000000e+00 8.47336860e-07 1.17205437e-06
-4.10000000e+00 8.56315570e-07 1.18796124e-06
-4.05000000e+00 8.65468913e-07 1.20426258e-06
-4.00000000e+00 8.74801797e-07 1.22097338e-06
-3.95000000e+00 8.84319717e-07 1.23810839e-06
-3.90000000e+00 8.94028227e-07 1.25568453e-06
-3.85000000e+00 9.03933123e-07 1.27371824e-06
-3.80000000e+00 9.14040590e-07 1.29222712e-06
-3.75000000e+00 9.24356913e-07 1.31122997e-06
-3.70000000e+00 9.34888903e-07 1.33074677e-06
-3.65000000e+00 9.45643117e-07 1.35079818e-06
-3.60000000e+00 9.56627087e-07 1.37140577e-06
-3.55000000e+00 9.67848293e-07 1.39259280e-06
-3.50000000e+00 9.79314593e-07 1.41438330e-06
-3.45000000e+00 9.91034270e-07 1.43680343e-06
-3.40000000e+00 1.00301586e-06 1.45988020e-06
-3.35000000e+00 1.01526867e-06 1.48364197e-06
-3.30000000e+00 1.02780183e-06 1.50811950e-06
-3.25000000e+00 1.04062577e-06 1.53334450e-06
-3.20000000e+00 1.05375043e-06 1.55935190e-06
-3.15000000e+00 1.06718704e-06 1.58617740e-06
-3.10000000e+00 1.08094717e-06 1.61385917e-06
-3.05000000e+00 1.09504280e-06 1.64243810e-06
-3.00000000e+00 1.10948690e-06 1.67195820e-06
-2.95000000e+00 1.12429237e-06 1.70246560e-06
-2.90000000e+00 1.13947390e-06 1.73400907e-06
-2.85000000e+00 1.15504620e-06 1.76664157e-06
-2.80000000e+00 1.17102493e-06 1.80041860e-06
-2.75000000e+00 1.18742687e-06 1.83540127e-06
-2.70000000e+00 1.20426933e-06 1.87165303e-06
-2.65000000e+00 1.22157117e-06 1.90924213e-06
-2.60000000e+00 1.23935187e-06 1.94824243e-06
-2.55000000e+00 1.25763260e-06 1.98873367e-06
-2.50000000e+00 1.27643503e-06 2.03080020e-06
-2.45000000e+00 1.29578297e-06 2.07453363e-06
-2.40000000e+00 1.31570133e-06 2.12003110e-06
-2.35000000e+00 1.33621667e-06 2.16739990e-06
-2.30000000e+00 1.35735743e-06 2.21675423e-06
-2.25000000e+00 1.37915320e-06 2.26821840e-06
-2.20000000e+00 1.40163697e-06 2.32192513e-06
-2.15000000e+00 1.42484270e-06 2.37802063e-06
-2.10000000e+00 1.44880740e-06 2.43666160e-06
-2.05000000e+00 1.47357043e-06 2.49802123e-06
-2.00000000e+00 1.49917397e-06 2.56228543e-06
-1.95000000e+00 1.52566370e-06 2.62965677e-06
-1.90000000e+00 1.55308820e-06 2.70035817e-06
-1.85000000e+00 1.58150073e-06 2.77463430e-06
-1.80000000e+00 1.61095720e-06 2.85275160e-06
-1.75000000e+00 1.64151940e-06 2.93500197e-06
-1.70000000e+00 1.67325363e-06 3.02170837e-06
-1.65000000e+00 1.70623133e-06 3.11322553e-06
-1.60000000e+00 1.74053097e-06 3.20994687e-06
-1.55000000e+00 1.77623687e-06 3.31230640e-06
-1.50000000e+00 1.81344160e-06 3.42078363e-06
-1.45000000e+00 1.85224493e-06 3.53591353e-06
-1.40000000e+00 1.89275820e-06 3.65829440e-06
-1.35000000e+00 1.93510063e-06 3.78858853e-06
-1.30000000e+00 1.97940467e-06 3.92753970e-06
-1.25000000e+00 2.02581540e-06 4.07597853e-06
-1.20000000e+00 2.07449253e-06 4.23484177e-06
-1.15000000e+00 2.12561343e-06 4.40518557e-06
-1.10000000e+00 2.17937183e-06 4.58820040e-06
-1.05000000e+00 2.23598547e-06 4.78522767e-06
-1.00000000e+00 2.29569437e-06 4.99779630e-06
-9.50000000e-01 2.35876607e-06 5.22763793e-06
-9.00000000e-01 2.42550090e-06 5.47673017e-06
-8.50000000e-01 2.49623280e-06 5.74732477e-06
-8.00000000e-01 2.57133800e-06 6.04198813e-06
-7.50000000e-01 2.65123840e-06 6.36366150e-06
-7.00000000e-01 2.73641267e-06 6.71571763e-06
-6.50000000e-01 2.82739790e-06 7.10199523e-06
-6.00000000e-01 2.92480507e-06 7.52689300e-06
-5.50000000e-01 3.02932790e-06 7.99539880e-06
-5.00000000e-01 3.14175380e-06 8.51319217e-06
-4.50000000e-01 3.26298513e-06 9.08663433e-06
-4.00000000e-01 3.39404570e-06 9.72279780e-06
-3.50000000e-01 3.53611213e-06 1.04293760e-05
-3.00000000e-01 3.69052420e-06 1.12145329e-05
-2.50000000e-01 3.85881553e-06 1.20865741e-05
-2.00000000e-01 4.04273807e-06 1.30533509e-05
-1.50000000e-01 4.24427680e-06 1.41214286e-05
-1.00000000e-01 4.46568160e-06 1.52948314e-05
-5.00000000e-02 4.70946260e-06 1.65736297e-05
0.00000000e+00 4.97840487e-06 1.79523647e-05
5.00000000e-02 5.27550213e-06 1.94188322e-05
1.00000000e-01 5.60388447e-06 2.09539344e-05
1.50000000e-01 5.96665140e-06 2.25329984e-05
2.00000000e-01 6.36657540e-06 2.41283670e-05
2.50000000e-01 6.80570090e-06 2.57120040e-05
3.00000000e-01 7.28468743e-06 2.72560123e-05
3.50000000e-01 7.80205393e-06 2.87294150e-05
4.00000000e-01 8.35326273e-06 3.00921233e-05
4.50000000e-01 8.92999007e-06 3.12893180e-05
5.00000000e-01 9.51972887e-06 3.22511417e-05
5.50000000e-01 1.01063635e-05 3.29016303e-05
6.00000000e-01 1.06717307e-05 3.31757790e-05
6.50000000e-01 1.11980127e-05 3.30394193e-05
7.00000000e-01 1.16700997e-05 3.25031653e-05
7.50000000e-01 1.20767867e-05 3.16238070e-05
8.00000000e-01 1.24105547e-05 3.04927640e-05
8.50000000e-01 1.26663290e-05 2.92169597e-05
9.00000000e-01 1.28405993e-05 2.78999113e-05
9.50000000e-01 1.29316857e-05 2.66290380e-05
1.00000000e+00 1.29409800e-05 2.54699287e-05
1.05000000e+00 1.28742987e-05 2.44668503e-05
1.10000000e+00 1.27425713e-05 2.36459280e-05
1.15000000e+00 1.25615770e-05 2.30194783e-05
1.20000000e+00 1.23508607e-05 2.25897660e-05
1.25000000e+00 1.21320087e-05 2.23514957e-05
1.30000000e+00 1.19265007e-05 2.22932763e-05
1.35000000e+00 1.17537647e-05 2.23979073e-05
1.40000000e+00 1.16298027e-05 2.26424637e-05
1.45000000e+00 1.15667447e-05 2.29984970e-05
1.50000000e+00 1.15730717e-05 2.34335060e-05
1.55000000e+00 1.16543387e-05 2.39140533e-05
1.60000000e+00 1.18140280e-05 2.44105403e-05
1.65000000e+00 1.20542663e-05 2.49025100e-05
1.70000000e+00 1.23762033e-05 2.53820937e-05
1.75000000e+00 1.27798960e-05 2.58542713e-05
1.80000000e+00 1.32636867e-05 2.63335543e-05
1.85000000e+00 1.38231753e-05 2.68391600e-05
1.90000000e+00 1.44500997e-05 2.73910983e-05
1.95000000e+00 1.51315010e-05 2.80083437e-05
2.00000000e+00 1.58496903e-05 2.87084540e-05
2.05000000e+00 1.65837463e-05 2.95066957e-05
2.10000000e+00 1.73125963e-05 3.04127970e-05
2.15000000e+00 1.80191767e-05 3.14252480e-05
2.20000000e+00 1.86943443e-05 3.25242913e-05
2.25000000e+00 1.93387100e-05 3.36658477e-05
2.30000000e+00 1.99614607e-05 3.47793803e-05
2.35000000e+00 2.05762313e-05 3.57722900e-05
2.40000000e+00 2.11956427e-05 3.65426350e-05
2.45000000e+00 2.18263173e-05 3.69988693e-05
2.50000000e+00 2.24664360e-05 3.70817540e-05
2.55000000e+00 2.31067927e-05 3.67801327e-05
2.60000000e+00 2.37354420e-05 3.61345407e-05
2.65000000e+00 2.43445667e-05 3.52271203e-05
2.70000000e+00 2.49365800e-05 3.41627877e-05
2.75000000e+00 2.55269440e-05 3.30495000e-05
2.80000000e+00 2.61417427e-05 3.19830683e-05
2.85000000e+00 2.68106980e-05 3.10390740e-05
2.90000000e+00 2.75579670e-05 3.02705793e-05
2.95000000e+00 2.83930973e-05 2.97094610e-05
3.00000000e+00 2.93042813e-05 2.93690533e-05
3.05000000e+00 3.02550680e-05 2.92464607e-05
3.10000000e+00 3.11857777e-05 2.93240533e-05
3.15000000e+00 3.20211583e-05 2.95701210e-05
3.20000000e+00 3.26840920e-05 2.99401030e-05
3.25000000e+00 3.31135907e-05 3.03795143e-05
3.30000000e+00 3.32810193e-05 3.08301773e-05
3.35000000e+00 3.31982343e-05 3.12395237e-05
3.40000000e+00 3.29137413e-05 3.15708597e-05
3.45000000e+00 3.24987603e-05 3.18106980e-05
3.50000000e+00 3.20295473e-05 3.19694047e-05
3.55000000e+00 3.15726177e-05 3.20746927e-05
3.60000000e+00 3.11767963e-05 3.21606003e-05
3.65000000e+00 3.08722400e-05 3.22570297e-05
3.70000000e+00 3.06744490e-05 3.23833447e-05
3.75000000e+00 3.05899160e-05 3.25474283e-05
3.80000000e+00 3.06209193e-05 3.27482407e-05
3.85000000e+00 3.07677613e-05 3.29790617e-05
3.90000000e+00 3.10285877e-05 3.32290627e-05
3.95000000e+00 3.13975947e-05 3.34827573e-05
4.00000000e+00 3.18626497e-05 3.37195723e-05
4.05000000e+00 3.24029887e-05 3.39160687e-05
4.10000000e+00 3.29877480e-05 3.40520527e-05
4.15000000e+00 3.35767993e-05 3.41186380e-05
4.20000000e+00 3.41253410e-05 3.41243510e-05
4.25000000e+00 3.45926823e-05 3.40955537e-05
4.30000000e+00 3.49531183e-05 3.40700067e-05
4.35000000e+00 3.52043187e-05 3.40863300e-05
4.40000000e+00 3.53692813e-05 3.41728650e-05
4.45000000e+00 3.54900653e-05 3.43395973e-05
4.50000000e+00 3.56164033e-05 3.45748243e-05
4.55000000e+00 3.57936627e-05 3.48469030e-05
4.60000000e+00 3.60547433e-05 3.51107327e-05
4.65000000e+00 3.64174007e-05 3.53170393e-05
4.70000000e+00 3.68868893e-05 3.54222713e-05
4.75000000e+00 3.74616240e-05 3.53961833e-05
4.80000000e+00 3.81390450e-05 3.52256623e-05
4.85000000e+00 3.89191867e-05 3.49148800e-05
4.90000000e+00 3.98041090e-05 3.44834933e-05
4.95000000e+00 4.07932613e-05 3.39639653e-05
5.00000000e+00 4.18761883e-05 3.33981807e-05
5.05000000e+00 4.30251733e-05 3.28331157e-05
5.10000000e+00 4.41909707e-05 3.23156233e-05
5.15000000e+00 4.53039593e-05 3.18872060e-05
5.20000000e+00 4.62825467e-05 3.15799493e-05
5.25000000e+00 4.70477397e-05 3.14140070e-05
5.30000000e+00 4.75403927e-05 3.13966573e-05
5.35000000e+00 4.77349080e-05 3.15225113e-05
5.40000000e+00 4.76436537e-05 3.17744817e-05
5.45000000e+00 4.73102240e-05 3.21255613e-05
5.50000000e+00 4.67943847e-05 3.25415020e-05
5.55000000e+00 4.61557883e-05 3.29845570e-05
5.60000000e+00 4.54421637e-05 3.34179077e-05
5.65000000e+00 4.46852493e-05 3.38102583e-05
5.70000000e+00 4.39037690e-05 3.41393450e-05
5.75000000e+00 4.31099493e-05 3.43940533e-05
5.80000000e+00 4.23157983e-05 3.45743533e-05
5.85000000e+00 4.15364050e-05 3.46895850e-05
5.90000000e+00 4.07894343e-05 3.47555530e-05
5.95000000e+00 4.00923613e-05 3.47909497e-05
6.00000000e+00 3.94591783e-05 3.48140210e-05
6.05000000e+00 3.88978713e-05 3.48399440e-05
6.10000000e+00 3.84089427e-05 3.48795827e-05
6.15000000e+00 3.79851170e-05 3.49396417e-05
6.20000000e+00 3.76121440e-05 3.50241370e-05
6.25000000e+00 3.72713533e-05 3.51364767e-05
6.30000000e+00 3.69433963e-05 3.52815533e-05
6.35000000e+00 3.66126627e-05 3.54672900e-05
6.40000000e+00 3.62704160e-05 3.57051270e-05
6.45000000e+00 3.59152843e-05 3.60097127e-05
6.50000000e+00 3.55507773e-05 3.63973893e-05
6.55000000e+00 3.51808710e-05 3.68843027e-05
6.60000000e+00 3.48060250e-05 3.74843543e-05
6.65000000e+00 3.44214263e-05 3.82074057e-05
6.70000000e+00 3.40185367e-05 3.90583830e-05
6.75000000e+00 3.35893047e-05 4.00371427e-05
6.80000000e+00 3.31314927e-05 4.11394297e-05
6.85000000e+00 3.26528860e-05 4.23584780e-05
6.90000000e+00 3.21725120e-05 4.36873707e-05
6.95000000e+00 3.17187550e-05 4.51211783e-05
7.00000000e+00 3.13250063e-05 4.66587743e-05
7.05000000e+00 3.10247690e-05 4.83033377e-05
7.10000000e+00 3.08474830e-05 5.00610063e-05
7.15000000e+00 3.08156947e-05 5.19376453e-05
7.20000000e+00 3.09436090e-05 5.39338680e-05
7.25000000e+00 3.12363610e-05 5.60391603e-05
7.30000000e+00 3.16898560e-05 5.82260820e-05
7.35000000e+00 3.22906670e-05 6.04459483e-05
7.40000000e+00 3.30164820e-05 6.26271953e-05
7.45000000e+00 3.38371837e-05 6.46778913e-05
7.50000000e+00 3.47175263e-05 6.64930680e-05
7.55000000e+00 3.56215027e-05 6.79664527e-05
7.60000000e+00 3.65179820e-05 6.90051913e-05
7.65000000e+00 3.73866650e-05 6.95434280e-05
7.70000000e+00 3.82221673e-05 6.95518977e-05
7.75000000e+00 3.90353623e-05 6.90405413e-05
7.80000000e+00 3.98509897e-05 6.80551293e-05
7.85000000e+00 4.07026783e-05 6.66691273e-05
7.90000000e+00 4.16268273e-05 6.49730940e-05
7.95000000e+00 4.26567797e-05 6.30635143e-05
8.00000000e+00 4.38183197e-05 6.10324607e-05
8.05000000e+00 4.51263093e-05 5.89596173e-05
8.10000000e+00 4.65826997e-05 5.69074243e-05
8.15000000e+00 4.81752770e-05 5.49196673e-05
8.20000000e+00 4.98774830e-05 5.30229230e-05
8.25000000e+00 5.16492610e-05 5.12298827e-05
8.30000000e+00 5.34390513e-05 4.95429630e-05
8.35000000e+00 5.51871167e-05 4.79576793e-05
8.40000000e+00 5.68295920e-05 4.64654500e-05
8.45000000e+00 5.83026610e-05 4.50561090e-05
8.50000000e+00 5.95461683e-05 4.37198587e-05
8.55000000e+00 6.05063250e-05 4.24489303e-05
8.60000000e+00 6.11380010e-05 4.12384150e-05
8.65000000e+00 6.14075330e-05 4.00860360e-05
8.70000000e+00 6.12968177e-05 3.89913010e-05
8.75000000e+00 6.08081020e-05 3.79539210e-05
8.80000000e+00 5.99678020e-05 3.69724853e-05
8.85000000e+00 5.88274647e-05 3.60437073e-05
8.90000000e+00 5.74597617e-05 3.51624297e-05
8.95000000e+00 5.59508007e-05 3.43224303e-05
9.00000000e+00 5.43899257e-05 3.35176090e-05
9.05000000e+00 5.28604570e-05 3.27432147e-05
9.10000000e+00 5.14326847e-05 3.19967573e-05
9.15000000e+00 5.01599270e-05 3.12785683e-05
9.20000000e+00 4.90775410e-05 3.05917467e-05
9.25000000e+00 4.82033900e-05 2.99416687e-05
9.30000000e+00 4.75394023e-05 2.93351187e-05
9.35000000e+00 4.70730903e-05 2.87791543e-05
9.40000000e+00 4.67790287e-05 2.82801000e-05
9.45000000e+00 4.66203527e-05 2.78425107e-05
9.50000000e+00 4.65505773e-05 2.74685527e-05
9.55000000e+00 4.65161423e-05 2.71575410e-05
9.60000000e+00 4.64599923e-05 2.69058627e-05
9.65000000e+00 4.63261497e-05 2.67071733e-05
9.70000000e+00 4.60650343e-05 2.65529577e-05
9.75000000e+00 4.56384523e-05 2.64333800e-05
9.80000000e+00 4.50235267e-05 2.63384197e-05
9.85000000e+00 4.42145660e-05 2.62592700e-05
9.90000000e+00 4.32227553e-05 2.61894843e-05
9.95000000e+00 4.20736833e-05 2.61258790e-05
1.00000000e+01 4.08034077e-05 2.60686583e-05
1.00500000e+01 3.94539117e-05 2.60209353e-05
1.01000000e+01 3.80685873e-05 2.59876547e-05
1.01500000e+01 3.66884497e-05 2.59743290e-05
1.02000000e+01 3.53492260e-05 2.59857330e-05
1.02500000e+01 3.40795047e-05 2.60249180e-05
1.03000000e+01 3.28997440e-05 2.60925860e-05
1.03500000e+01 3.18222180e-05 2.61869680e-05
1.04000000e+01 3.08513353e-05 2.63040657e-05
1.04500000e+01 2.99844233e-05 2.64382833e-05
1.05000000e+01 2.92127003e-05 2.65830493e-05
1.05500000e+01 2.85224137e-05 2.67313963e-05
1.06000000e+01 2.78962940e-05 2.68762090e-05
1.06500000e+01 2.73152033e-05 2.70101647e-05
1.07000000e+01 2.67600723e-05 2.71256697e-05
1.07500000e+01 2.62139573e-05 2.72149787e-05
1.08000000e+01 2.56639200e-05 2.72710610e-05
1.08500000e+01 2.51024250e-05 2.72889723e-05
1.09000000e+01 2.45278533e-05 2.72676293e-05
1.09500000e+01 2.39440820e-05 2.72110200e-05
1.10000000e+01 2.33592550e-05 2.71284167e-05
1.10500000e+01 2.27839583e-05 2.70331670e-05
1.11000000e+01 2.22294747e-05 2.69404567e-05
1.11500000e+01 2.17061423e-05 2.68646597e-05
1.12000000e+01 2.12223463e-05 2.68169557e-05
1.12500000e+01 2.07839163e-05 2.68038257e-05
1.13000000e+01 2.03940917e-05 2.68263757e-05
1.13500000e+01 2.00537550e-05 2.68806383e-05
1.14000000e+01 1.97618670e-05 2.69583633e-05
1.14500000e+01 1.95160380e-05 2.70481847e-05
1.15000000e+01 1.93129790e-05 2.71368597e-05
1.15500000e+01 1.91489580e-05 2.72103463e-05
1.16000000e+01 1.90200823e-05 2.72547680e-05
1.16500000e+01 1.89225340e-05 2.72570787e-05
1.17000000e+01 1.88527190e-05 2.72057783e-05
1.17500000e+01 1.88073757e-05 2.70915517e-05
1.18000000e+01 1.87837140e-05 2.69080043e-05
1.18500000e+01 1.87794397e-05 2.66524477e-05
1.19000000e+01 1.87927890e-05 2.63264727e-05
1.19500000e+01 1.88224083e-05 2.59363267e-05
1.20000000e+01 1.88671890e-05 2.54927003e-05
1.20500000e+01 1.89260047e-05 2.50101673e-05
1.21000000e+01 1.89974253e-05 2.45060890e-05
1.21500000e+01 1.90794840e-05 2.39992837e-05
1.22000000e+01 1.91694533e-05 2.35086633e-05
1.22500000e+01 1.92637843e-05 2.30518960e-05
1.23000000e+01 1.93581347e-05 2.26444397e-05
1.23500000e+01 1.94475850e-05 2.22987690e-05
1.24000000e+01 1.95269777e-05 2.20240017e-05
1.24500000e+01 1.95913967e-05 2.18256713e-05
1.25000000e+01 1.96366670e-05 2.17056823e-05
1.25500000e+01 1.96597957e-05 2.16623287e-05
1.26000000e+01 1.96592853e-05 2.16903037e-05
1.26500000e+01 1.96352493e-05 2.17808290e-05
1.27000000e+01 1.95893970e-05 2.19218377e-05
1.27500000e+01 1.95248780e-05 2.20984350e-05
1.28000000e+01 1.94461447e-05 2.22936643e-05
1.28500000e+01 1.93587383e-05 2.24896867e-05
1.29000000e+01 1.92690943e-05 2.26693193e-05
1.29500000e+01 1.91843307e-05 2.28177283e-05
1.30000000e+01 1.91119777e-05 2.29240677e-05
1.30500000e+01 1.90597247e-05 2.29826067e-05
1.31000000e+01 1.90351327e-05 2.29932227e-05
1.31500000e+01 1.90454473e-05 2.29610017e-05
1.32000000e+01 1.90973813e-05 2.28951723e-05
1.32500000e+01 1.91969927e-05 2.28075610e-05
1.33000000e+01 1.93495737e-05 2.27108617e-05
1.33500000e+01 1.95595060e-05 2.26171357e-05
1.34000000e+01 1.98301127e-05 2.25365540e-05
1.34500000e+01 2.01633787e-05 2.24766673e-05
1.35000000e+01 2.05596820e-05 2.24420153e-05
1.35500000e+01 2.10173327e-05 2.24342037e-05
1.36000000e+01 2.15321577e-05 2.24522440e-05
1.36500000e+01 2.20970547e-05 2.24931357e-05
1.37000000e+01 2.27016423e-05 2.25526473e-05
1.37500000e+01 2.33321727e-05 2.26261147e-05
1.38000000e+01 2.39717093e-05 2.27092503e-05
1.38500000e+01 2.46008570e-05 2.27987917e-05
1.39000000e+01 2.51988537e-05 2.28929507e-05
1.39500000e+01 2.57451910e-05 2.29915830e-05
1.40000000e+01 2.62214810e-05 2.30960600e-05
1.40500000e+01 2.66133423e-05 2.32089383e-05
1.41000000e+01 2.69121823e-05 2.33333743e-05
1.41500000e+01 2.71163033e-05 2.34724690e-05
1.42000000e+01 2.72314557e-05 2.36285273e-05
1.42500000e+01 2.72702863e-05 2.38023190e-05
1.43000000e+01 2.72509437e-05 2.39924033e-05
1.43500000e+01 2.71949173e-05 2.41945793e-05
1.44000000e+01 2.71243780e-05 2.44015510e-05
1.44500000e+01 2.70596787e-05 2.46029057e-05
1.45000000e+01 2.70170210e-05 2.47855137e-05
1.45500000e+01 2.70068417e-05 2.49344407e-05
1.46000000e+01 2.70326967e-05 2.50343717e-05
1.46500000e+01 2.70908103e-05 2.50714033e-05
1.47000000e+01 2.71702717e-05 2.50349767e-05
1.47500000e+01 2.72538627e-05 2.49195277e-05
1.48000000e+01 2.73198197e-05 2.47255060e-05
1.48500000e+01 2.73443887e-05 2.44594763e-05
1.49000000e+01 2.73052210e-05 2.41333027e-05
1.49500000e+01 2.71850173e-05 2.37626467e-05
1.50000000e+01 2.69747550e-05 2.33650970e-05
1.50500000e+01 2.66756340e-05 2.29583490e-05
1.51000000e+01 2.62991050e-05 2.25587227e-05
1.51500000e+01 2.58651433e-05 2.21800903e-05
1.52000000e+01 2.53990977e-05 2.18332943e-05
1.52500000e+01 2.49282267e-05 2.15259070e-05
1.53000000e+01 2.44785697e-05 2.12622780e-05
1.53500000e+01 2.40727320e-05 2.10437427e-05
1.54000000e+01 2.37286727e-05 2.08689010e-05
1.54500000e+01 2.34592583e-05 2.07340047e-05
1.55000000e+01 2.32724617e-05 2.06333317e-05
1.55500000e+01 2.31716940e-05 2.05596327e-05
1.56000000e+01 2.31562517e-05 2.05046343e-05
1.56500000e+01 2.32216367e-05 2.04595757e-05
1.57000000e+01 2.33597133e-05 2.04157933e-05
1.57500000e+01 2.35588050e-05 2.03652803e-05
1.58000000e+01 2.38036933e-05 2.03012323e-05
1.58500000e+01 2.40758620e-05 2.02184550e-05
1.59000000e+01 2.43540220e-05 2.01136553e-05
1.59500000e+01 2.46152313e-05 1.99855827e-05
1.60000000e+01 2.48366773e-05 1.98350097e-05
1.60500000e+01 2.49979533e-05 1.96646120e-05
1.61000000e+01 2.50835320e-05 1.94787130e-05
1.61500000e+01 2.50847627e-05 1.92830183e-05
1.62000000e+01 2.50008567e-05 1.90842570e-05
1.62500000e+01 2.48384437e-05 1.88898243e-05
1.63000000e+01 2.46098130e-05 1.87074137e-05
1.63500000e+01 2.43303100e-05 1.85446410e-05
1.64000000e+01 2.40154880e-05 1.84086920e-05
1.64500000e+01 2.36786773e-05 1.83059743e-05
1.65000000e+01 2.33293210e-05 1.82418143e-05
1.65500000e+01 2.29722127e-05 1.82201417e-05
1.66000000e+01 2.26075817e-05 1.82432213e-05
1.66500000e+01 2.22319197e-05 1.83113773e-05
1.67000000e+01 2.18393320e-05 1.84227683e-05
1.67500000e+01 2.14232100e-05 1.85732123e-05
1.68000000e+01 2.09780240e-05 1.87561183e-05
1.68500000e+01 2.05008737e-05 1.89626227e-05
1.69000000e+01 1.99926067e-05 1.91819417e-05
1.69500000e+01 1.94581637e-05 1.94020683e-05
1.70000000e+01 1.89062650e-05 1.96107057e-05
1.70500000e+01 1.83484000e-05 1.97964360e-05
1.71000000e+01 1.77974990e-05 1.99499000e-05
1.71500000e+01 1.72665883e-05 2.00647500e-05
1.72000000e+01 1.67676513e-05 2.01382440e-05
1.72500000e+01 1.63109133e-05 2.01712653e-05
1.73000000e+01 1.59044570e-05 2.01679113e-05
1.73500000e+01 1.55542350e-05 2.01346517e-05
1.74000000e+01 1.52642263e-05 2.00793283e-05
1.74500000e+01 1.50367343e-05 2.00101407e-05
1.75000000e+01 1.48726810e-05 1.99347503e-05
1.75500000e+01 1.47718327e-05 1.98595930e-05
1.76000000e+01 1.47329870e-05 1.97893873e-05
1.76500000e+01 1.47540153e-05 1.97269023e-05
1.77000000e+01 1.48318490e-05 1.96728797e-05
1.77500000e+01 1.49623683e-05 1.96261940e-05
1.78000000e+01 1.51402437e-05 1.95841623e-05
1.78500000e+01 1.53587690e-05 1.95430470e-05
1.79000000e+01 1.56097143e-05 1.94986997e-05
1.79500000e+01 1.58833007e-05 1.94472860e-05
1.80000000e+01 1.61683143e-05 1.93860257e-05
1.80500000e+01 1.64524680e-05 1.93138407e-05
1.81000000e+01 1.67229763e-05 1.92317707e-05
1.81500000e+01 1.69673920e-05 1.91431320e-05
1.82000000e+01 1.71745863e-05 1.90533387e-05
1.82500000e+01 1.73357570e-05 1.89694873e-05
1.83000000e+01 1.74453280e-05 1.88997537e-05
1.83500000e+01 1.75015497e-05 1.88527367e-05
1.84000000e+01 1.75067140e-05 1.88368710e-05
1.84500000e+01 1.74668877e-05 1.88598897e-05
1.85000000e+01 1.73912643e-05 1.89284447e-05
1.85500000e+01 1.72911920e-05 1.90477587e-05
1.86000000e+01 1.71790870e-05 1.92213740e-05
1.86500000e+01 1.70673957e-05 1.94508433e-05
1.87000000e+01 1.69677307e-05 1.97354250e-05
1.87500000e+01 1.68902557e-05 2.00717240e-05
1.88000000e+01 1.68433103e-05 2.04532817e-05
1.88500000e+01 1.68332593e-05 2.08702537e-05
1.89000000e+01 1.68644650e-05 2.13091463e-05
1.89500000e+01 1.69393703e-05 2.17529117e-05
1.90000000e+01 1.70585877e-05 2.21813920e-05
1.90500000e+01 1.72210270e-05 2.25724193e-05
1.91000000e+01 1.74240017e-05 2.29034717e-05
1.91500000e+01 1.76633543e-05 2.31539023e-05
1.92000000e+01 1.79336093e-05 2.33073817e-05
1.92500000e+01 1.82281757e-05 2.33540857e-05
1.93000000e+01 1.85396357e-05 2.32921667e-05
1.93500000e+01 1.88600933e-05 2.31280497e-05
1.94000000e+01 1.91816617e-05 2.28755140e-05
1.94500000e+01 1.94969907e-05 2.25537450e-05
1.95000000e+01 1.97998523e-05 2.21848697e-05
1.95500000e+01 2.00857310e-05 2.17914890e-05
1.96000000e+01 2.03523317e-05 2.13946187e-05
1.96500000e+01 2.05999413e-05 2.10122840e-05
1.97000000e+01 2.08315370e-05 2.06587673e-05
1.97500000e+01 2.10526450e-05 2.03443627e-05
1.98000000e+01 2.12708723e-05 2.00755503e-05
1.98500000e+01 2.14952073e-05 1.98553307e-05
1.99000000e+01 2.17351567e-05 1.96836747e-05
1.99500000e+01 2.19998483e-05 1.95579927e-05
2.00000000e+01 2.22971463e-05 1.94735643e-05
2.00500000e+01 2.26329187e-05 1.94239993e-05
2.01000000e+01 2.30104323e-05 1.94016333e-05
2.01500000e+01 2.34299447e-05 1.93980020e-05
2.02000000e+01 2.38884787e-05 1.94042967e-05
2.02500000e+01 2.43798443e-05 1.94118603e-05
2.03000000e+01 2.48949590e-05 1.94127293e-05
2.03500000e+01 2.54224467e-05 1.94001427e-05
2.04000000e+01 2.59496390e-05 1.93690590e-05
2.04500000e+01 2.64637567e-05 1.93165497e-05
2.05000000e+01 2.69532603e-05 1.92421143e-05
2.05500000e+01 2.74090390e-05 1.91477563e-05
2.06000000e+01 2.78252330e-05 1.90378350e-05
2.06500000e+01 2.81995303e-05 1.89187133e-05
2.07000000e+01 2.85328507e-05 1.87981813e-05
2.07500000e+01 2.88285467e-05 1.86848087e-05
2.08000000e+01 2.90913153e-05 1.85872683e-05
2.08500000e+01 2.93260497e-05 1.85137793e-05
2.09000000e+01 2.95368500e-05 1.84716540e-05
2.09500000e+01 2.97263260e-05 1.84670073e-05
2.10000000e+01 2.98951810e-05 1.85046340e-05
2.10500000e+01 3.00421893e-05 1.85879420e-05
2.11000000e+01 3.01643760e-05 1.87189973e-05
2.11500000e+01 3.02574877e-05 1.88985707e-05
2.12000000e+01 3.03165367e-05 1.91262443e-05
2.12500000e+01 3.03364973e-05 1.94004743e-05
2.13000000e+01 3.03129700e-05 1.97187113e-05
2.13500000e+01 3.02427737e-05 2.00775203e-05
2.14000000e+01 3.01244827e-05 2.04727107e-05
2.14500000e+01 2.99586823e-05 2.08995390e-05
2.15000000e+01 2.97481737e-05 2.13528653e-05
2.15500000e+01 2.94978677e-05 2.18274097e-05
2.16000000e+01 2.92145713e-05 2.23178820e-05
2.16500000e+01 2.89066513e-05 2.28191320e-05
2.17000000e+01 2.85835367e-05 2.33261730e-05
2.17500000e+01 2.82552753e-05 2.38340827e-05
2.18000000e+01 2.79319623e-05 2.43378240e-05
2.18500000e+01 2.76233183e-05 2.48319493e-05
2.19000000e+01 2.73382407e-05 2.53103207e-05
2.19500000e+01 2.70844440e-05 2.57658647e-05
2.20000000e+01 2.68682390e-05 2.61905187e-05
2.20500000e+01 2.66942907e-05 2.65754193e-05
2.21000000e+01 2.65655887e-05 2.69113520e-05
2.21500000e+01 2.64833370e-05 2.71895013e-05
2.22000000e+01 2.64470497e-05 2.74023490e-05
2.22500000e+01 2.64546160e-05 2.75445527e-05
2.23000000e+01 2.65024503e-05 2.76136917e-05
2.23500000e+01 2.65857440e-05 2.76105867e-05
2.24000000e+01 2.66986913e-05 2.75392393e-05
2.24500000e+01 2.68348797e-05 2.74063860e-05
2.25000000e+01 2.69875770e-05 2.72207323e-05
2.25500000e+01 2.71501467e-05 2.69921527e-05
2.26000000e+01 2.73163737e-05 2.67308697e-05
2.26500000e+01 2.74807387e-05 2.64468907e-05
2.27000000e+01 2.76386603e-05 2.61495360e-05
2.27500000e+01 2.77866023e-05 2.58472703e-05
2.28000000e+01 2.79221870e-05 2.55476207e-05
2.28500000e+01 2.80441770e-05 2.52572450e-05
2.29000000e+01 2.81524610e-05 2.49820197e-05
2.29500000e+01 2.82479943e-05 2.47271293e-05
2.30000000e+01 2.83326443e-05 2.44971350e-05
2.30500000e+01 2.84090273e-05 2.42959613e-05
2.31000000e+01 2.84801830e-05 2.41268283e-05
2.31500000e+01 2.85492623e-05 2.39921400e-05
2.32000000e+01 2.86190887e-05 2.38933527e-05
2.32500000e+01 2.86917720e-05 2.38308457e-05
2.33000000e+01 2.87683813e-05 2.38038510e-05
2.33500000e+01 2.88487127e-05 2.38104383e-05
2.34000000e+01 2.89312833e-05 2.38476007e-05
2.34500000e+01 2.90134110e-05 2.39113980e-05
2.35000000e+01 2.90915310e-05 2.39972077e-05
2.35500000e+01 2.91615017e-05 2.40999820e-05
2.36000000e+01 2.92190143e-05 2.42145527e-05
2.36500000e+01 2.92598247e-05 2.43358850e-05
2.37000000e+01 2.92799170e-05 2.44592463e-05
2.37500000e+01 2.92755110e-05 2.45802790e-05
2.38000000e+01 2.92428857e-05 2.46948903e-05
2.38500000e+01 2.91782543e-05 2.47990433e-05
2.39000000e+01 2.90775953e-05 2.48884013e-05
2.39500000e+01 2.89367240e-05 2.49579847e-05
2.40000000e+01 2.87514807e-05 2.50019033e-05
2.40500000e+01 2.85181947e-05 2.50133133e-05
2.41000000e+01 2.82342627e-05 2.49847207e-05
2.41500000e+01 2.78987710e-05 2.49086537e-05
2.42000000e+01 2.75130550e-05 2.47786640e-05
2.42500000e+01 2.70810107e-05 2.45904423e-05
2.43000000e+01 2.66091750e-05 2.43427970e-05
2.43500000e+01 2.61064047e-05 2.40382083e-05
2.44000000e+01 2.55833603e-05 2.36828030e-05
2.44500000e+01 2.50517390e-05 2.32857687e-05
2.45000000e+01 2.45234850e-05 2.28583753e-05
2.45500000e+01 2.40100523e-05 2.24128620e-05
2.46000000e+01 2.35218203e-05 2.19614037e-05
2.46500000e+01 2.30676997e-05 2.15153353e-05
2.47000000e+01 2.26549320e-05 2.10846520e-05
2.47500000e+01 2.22890540e-05 2.06777613e-05
2.48000000e+01 2.19739780e-05 2.03014407e-05
2.48500000e+01 2.17121197e-05 1.99609050e-05
2.49000000e+01 2.15045760e-05 1.96599497e-05
2.49500000e+01 2.13512647e-05 1.94011123e-05
2.50000000e+01 2.12510677e-05 1.91858463e-05
2.50500000e+01 2.12019217e-05 1.90146800e-05
2.51000000e+01 2.12008850e-05 1.88873487e-05
2.51500000e+01 2.12441713e-05 1.88029197e-05
2.52000000e+01 2.13271693e-05 1.87598640e-05
2.52500000e+01 2.14444393e-05 1.87561320e-05
2.53000000e+01 2.15897253e-05 1.87891690e-05
2.53500000e+01 2.17559763e-05 1.88559293e-05
2.54000000e+01 2.19353923e-05 1.89528647e-05
2.54500000e+01 2.21195290e-05 1.90759147e-05
2.55000000e+01 2.22994600e-05 1.92205170e-05
2.55500000e+01 2.24660393e-05 1.93816457e-05
2.56000000e+01 2.26102470e-05 1.95539380e-05
2.56500000e+01 2.27236593e-05 1.97318543e-05
2.57000000e+01 2.27989747e-05 1.99099253e-05
2.57500000e+01 2.28305787e-05 2.00830327e-05
2.58000000e+01 2.28150423e-05 2.02466987e-05
2.58500000e+01 2.27514723e-05 2.03973337e-05
2.59000000e+01 2.26416233e-05 2.05324147e-05
2.59500000e+01 2.24897583e-05 2.06505603e-05
2.60000000e+01 2.23022430e-05 2.07515293e-05
2.60500000e+01 2.20869697e-05 2.08361050e-05
2.61000000e+01 2.18527057e-05 2.09059443e-05
2.61500000e+01 2.16084510e-05 2.09633803e-05
2.62000000e+01 2.13629120e-05 2.10112290e-05
2.62500000e+01 2.11240897e-05 2.10526020e-05
2.63000000e+01 2.08990373e-05 2.10907353e-05
2.63500000e+01 2.06937280e-05 2.11288663e-05
2.64000000e+01 2.05130347e-05 2.11701083e-05
2.64500000e+01 2.03607560e-05 2.12173680e-05
2.65000000e+01 2.02397057e-05 2.12732467e-05
2.65500000e+01 2.01518037e-05 2.13399587e-05
2.66000000e+01 2.00981830e-05 2.14192320e-05
2.66500000e+01 2.00792857e-05 2.15121967e-05
2.67000000e+01 2.00949727e-05 2.16192970e-05
2.67500000e+01 2.01446220e-05 2.17402033e-05
2.68000000e+01 2.02272187e-05 2.18737800e-05
2.68500000e+01 2.03414543e-05 2.20181113e-05
2.69000000e+01 2.04858190e-05 2.21706027e-05
2.69500000e+01 2.06586803e-05 2.23281373e-05
2.70000000e+01 2.08583507e-05 2.24872760e-05
2.70500000e+01 2.10831460e-05 2.26444513e-05
2.71000000e+01 2.13313990e-05 2.27961270e-05
2.71500000e+01 2.16014590e-05 2.29388753e-05
2.72000000e+01 2.18916413e-05 2.30693843e-05
2.72500000e+01 2.22001397e-05 2.31843957e-05
2.73000000e+01 2.25249027e-05 2.32806307e-05
2.73500000e+01 2.28515740e-05 2.31384290e-05
2.74000000e+01 2.31044793e-05 2.29803407e-05
2.74500000e+01 2.32897867e-05 2.28167793e-05
2.75000000e+01 2.35314633e-05 2.28041167e-05
2.75500000e+01 2.36219510e-05 2.26283397e-05
2.76000000e+01 2.36620087e-05 2.24671090e-05
2.76500000e+01 2.35015090e-05 2.22336473e-05
2.77000000e+01 2.34661653e-05 2.21253703e-05
2.77500000e+01 2.34091437e-05 2.20326673e-05
2.78000000e+01 2.34760347e-05 2.19971350e-05
2.78500000e+01 2.33842703e-05 2.19240020e-05
2.79000000e+01 2.32832530e-05 2.18646077e-05
2.79500000e+01 2.31760813e-05 2.18168717e-05
2.80000000e+01 2.30650843e-05 2.17787417e-05
2.80500000e+01 2.30657513e-05 2.17669393e-05
2.81000000e+01 2.28191163e-05 2.17201713e-05
2.81500000e+01 2.27050093e-05 2.16996683e-05
2.82000000e+01 2.25915057e-05 2.16820630e-05
2.82500000e+01 2.24789813e-05 2.16662443e-05
2.83000000e+01 2.24502657e-05 2.16745007e-05
2.83500000e+01 2.23355193e-05 2.16613833e-05
2.84000000e+01 2.22226020e-05 2.16478390e-05
2.84500000e+01 2.21115097e-05 2.16333647e-05
2.85000000e+01 2.20705873e-05 2.16468140e-05
2.85500000e+01 2.18764503e-05 2.15912840e-05
2.86000000e+01 2.17708457e-05 2.15714437e-05
2.86500000e+01 2.16669630e-05 2.15498117e-05
2.87000000e+01 2.16195223e-05 2.15612587e-05
2.87500000e+01 2.15160710e-05 2.15368217e-05
2.88000000e+01 2.14144300e-05 2.15104333e-05
2.88500000e+01 2.13145713e-05 2.14821583e-05
2.89000000e+01 2.12619110e-05 2.14900700e-05
2.89500000e+01 2.11630490e-05 2.14585977e-05
2.90000000e+01 2.10660397e-05 2.14253717e-05
2.90500000e+01 2.09553397e-05 2.13748680e-05
2.91000000e+01 2.08623760e-05 2.13379003e-05
2.91500000e+01 2.07712457e-05 2.12995237e-05
2.92000000e+01 2.06819393e-05 2.12598323e-05
2.92500000e+01 2.06254490e-05 2.12580883e-05
2.93000000e+01 2.05378610e-05 2.12157307e-05
2.93500000e+01 2.04521547e-05 2.11722623e-05
2.94000000e+01 2.03946023e-05 2.11667507e-05
2.94500000e+01 2.03109003e-05 2.11208440e-05
2.95000000e+01 2.02291133e-05 2.10740293e-05
2.95500000e+01 2.01380053e-05 2.10067960e-05
2.96000000e+01 2.00604467e-05 2.09581713e-05
2.96500000e+01 1.99847237e-05 2.09089023e-05
2.97000000e+01 1.99284980e-05 2.08955440e-05
2.97500000e+01 1.98550743e-05 2.08444967e-05
2.98000000e+01 1.97834610e-05 2.07929900e-05
2.98500000e+01 1.97136180e-05 2.07410890e-05
2.99000000e+01 1.96587257e-05 2.07232387e-05
2.99500000e+01 1.95912667e-05 2.06699500e-05
3.00000000e+01 1.95255187e-05 2.06164407e-05
3.00500000e+01 1.94547697e-05 2.05420253e-05
3.01000000e+01 1.93927090e-05 2.04882790e-05
3.01500000e+01 1.93410233e-05 2.04656103e-05
3.02000000e+01 1.92812740e-05 2.04110117e-05
3.02500000e+01 1.92230413e-05 2.03564717e-05
3.03000000e+01 1.91729530e-05 2.03313287e-05
3.03500000e+01 1.91169793e-05 2.02761983e-05
3.04000000e+01 1.90624243e-05 2.02212557e-05
3.04500000e+01 1.90140897e-05 2.01939490e-05
3.05000000e+01 1.89617103e-05 2.01386607e-05
3.05500000e+01 1.89106477e-05 2.00836690e-05
3.06000000e+01 1.88582213e-05 2.00095207e-05
3.06500000e+01 1.88099313e-05 1.99554073e-05
3.07000000e+01 1.87628140e-05 1.99016697e-05
3.07500000e+01 1.87190803e-05 1.98715237e-05
3.08000000e+01 1.86738520e-05 1.98178500e-05
3.08500000e+01 1.86311840e-05 1.97867713e-05
3.09000000e+01 1.85877910e-05 1.97332717e-05
3.09500000e+01 1.85454307e-05 1.96802533e-05
3.10000000e+01 1.85045910e-05 1.96481417e-05
3.10500000e+01 1.84639607e-05 1.95954303e-05
3.11000000e+01 1.84242830e-05 1.95432383e-05
3.11500000e+01 1.83856617e-05 1.94746377e-05
3.12000000e+01 1.83479803e-05 1.94237550e-05
3.12500000e+01 1.83106400e-05 1.93909527e-05
3.13000000e+01 1.82744937e-05 1.93405317e-05
3.13500000e+01 1.82391713e-05 1.92906560e-05
3.14000000e+01 1.82035347e-05 1.92573980e-05
3.14500000e+01 1.81696660e-05 1.92080563e-05
3.15000000e+01 1.81350593e-05 1.91744813e-05
3.15500000e+01 1.81026000e-05 1.91257203e-05
3.16000000e+01 1.80708793e-05 1.90775250e-05
3.16500000e+01 1.80379307e-05 1.90437580e-05
3.17000000e+01 1.80115777e-05 1.89687617e-05
3.17500000e+01 1.79800927e-05 1.89354600e-05
3.18000000e+01 1.79511867e-05 1.88892870e-05
3.18500000e+01 1.79206843e-05 1.88558857e-05
3.19000000e+01 1.78930213e-05 1.88103840e-05
3.19500000e+01 1.78659900e-05 1.87654427e-05
3.20000000e+01 1.78370477e-05 1.87321343e-05
3.20500000e+01 1.78112060e-05 1.86878937e-05
3.21000000e+01 1.77832320e-05 1.86546120e-05
3.21500000e+01 1.77585503e-05 1.86110963e-05
3.22000000e+01 1.77344440e-05 1.85681380e-05
3.22500000e+01 1.77079913e-05 1.85351177e-05
3.23000000e+01 1.76912783e-05 1.84729567e-05
3.23500000e+01 1.76660820e-05 1.84406417e-05
3.24000000e+01 1.76442133e-05 1.83997660e-05
3.24500000e+01 1.76199437e-05 1.83676200e-05
3.25000000e+01 1.75991157e-05 1.83275017e-05
3.25500000e+01 1.75787883e-05 1.82879183e-05
3.26000000e+01 1.75559573e-05 1.82562160e-05
3.26500000e+01 1.75366293e-05 1.82174020e-05
3.27000000e+01 1.75147097e-05 1.81859573e-05
3.27500000e+01 1.74963580e-05 1.81479240e-05
3.28000000e+01 1.74753440e-05 1.81167713e-05
3.28500000e+01 1.74579457e-05 1.80795283e-05
3.29000000e+01 1.74450980e-05 1.80348033e-05
3.29500000e+01 1.74285697e-05 1.79987957e-05
3.30000000e+01 1.74124637e-05 1.79632893e-05
3.30500000e+01 1.73938840e-05 1.79335760e-05
3.31000000e+01 1.73786550e-05 1.78988457e-05
3.31500000e+01 1.73609370e-05 1.78695087e-05
3.32000000e+01 1.73465633e-05 1.78355570e-05
3.32500000e+01 1.73296997e-05 1.78066193e-05
3.33000000e+01 1.73161603e-05 1.77734477e-05
3.33500000e+01 1.73001450e-05 1.77449317e-05
3.34000000e+01 1.72874183e-05 1.77125400e-05
3.34500000e+01 1.72722433e-05 1.76844650e-05
3.35000000e+01 1.72603080e-05 1.76528517e-05
3.35500000e+01 1.72552807e-05 1.76126130e-05
3.36000000e+01 1.72414187e-05 1.75856923e-05
3.36500000e+01 1.72304203e-05 1.75555823e-05
3.37000000e+01 1.72173553e-05 1.75291233e-05
3.37500000e+01 1.72070773e-05 1.74997533e-05
3.38000000e+01 1.71948000e-05 1.74737690e-05
3.38500000e+01 1.71852207e-05 1.74451323e-05
3.39000000e+01 1.71737207e-05 1.74196333e-05
3.39500000e+01 1.71648173e-05 1.73917220e-05
3.40000000e+01 1.71540833e-05 1.73667183e-05
3.40500000e+01 1.71458340e-05 1.73395237e-05
3.41000000e+01 1.71358540e-05 1.73150227e-05
3.41500000e+01 1.71282350e-05 1.72885343e-05
3.42000000e+01 1.71238957e-05 1.72587550e-05
3.42500000e+01 1.71166313e-05 1.72331223e-05
3.43000000e+01 1.71080463e-05 1.72099063e-05
3.43500000e+01 1.71013490e-05 1.71849410e-05
3.44000000e+01 1.70934567e-05 1.71622250e-05
3.44500000e+01 1.70873010e-05 1.71379147e-05
3.45000000e+01 1.70800847e-05 1.71157007e-05
3.45500000e+01 1.70744437e-05 1.70920337e-05
3.46000000e+01 1.70678843e-05 1.70703223e-05
3.46500000e+01 1.70627307e-05 1.70472853e-05
3.47000000e+01 1.70577513e-05 1.70245797e-05
3.47500000e+01 1.70521140e-05 1.70036553e-05
3.48000000e+01 1.70475773e-05 1.69815567e-05
3.48500000e+01 1.70442800e-05 1.69571053e-05
3.49000000e+01 1.70398297e-05 1.69356630e-05
3.49500000e+01 1.70351877e-05 1.69158960e-05
3.50000000e+01 1.70311093e-05 1.68950197e-05
3.50500000e+01 1.70270043e-05 1.68757290e-05
3.51000000e+01 1.70232663e-05 1.68554060e-05
3.51500000e+01 1.70196720e-05 1.68365883e-05
3.52000000e+01 1.70162427e-05 1.68168040e-05
3.52500000e+01 1.70131313e-05 1.67984550e-05
3.53000000e+01 1.70099773e-05 1.67791943e-05
3.53500000e+01 1.70073207e-05 1.67613087e-05
3.54000000e+01 1.70044083e-05 1.67425587e-05
3.54500000e+01 1.70021750e-05 1.67251300e-05
3.55000000e+01 1.69994713e-05 1.67068760e-05
3.55500000e+01 1.69949693e-05 1.66866077e-05
3.56000000e+01 1.69930843e-05 1.66699237e-05
3.56500000e+01 1.69903173e-05 1.66523680e-05
3.57000000e+01 1.69887660e-05 1.66361140e-05
3.57500000e+01 1.69861193e-05 1.66190100e-05
3.58000000e+01 1.69848690e-05 1.66031793e-05
3.58500000e+01 1.69823093e-05 1.65865137e-05
3.59000000e+01 1.69813257e-05 1.65710980e-05
3.59500000e+01 1.69788207e-05 1.65548553e-05
3.60000000e+01 1.69780693e-05 1.65398457e-05
3.60500000e+01 1.69755863e-05 1.65240120e-05
3.61000000e+01 1.69750337e-05 1.65094000e-05
3.61500000e+01 1.69725403e-05 1.64939610e-05
3.62000000e+01 1.69721510e-05 1.64797370e-05
3.62500000e+01 1.69696170e-05 1.64646770e-05
3.63000000e+01 1.69615517e-05 1.64473157e-05
3.63500000e+01 1.69586080e-05 1.64325520e-05
3.64000000e+01 1.69581373e-05 1.64190803e-05
3.64500000e+01 1.69551020e-05 1.64046607e-05
3.65000000e+01 1.69546933e-05 1.63915380e-05
3.65500000e+01 1.69515397e-05 1.63774473e-05
3.66000000e+01 1.69511617e-05 1.63646627e-05
3.66500000e+01 1.69478643e-05 1.63508860e-05
3.67000000e+01 1.69474863e-05 1.63384287e-05
3.67500000e+01 1.69471390e-05 1.63261330e-05
3.68000000e+01 1.69436130e-05 1.63128093e-05
3.68500000e+01 1.69432200e-05 1.63008243e-05
3.69000000e+01 1.69394910e-05 1.62877783e-05
3.69500000e+01 1.69390243e-05 1.62760917e-05
3.70000000e+01 1.69350727e-05 1.62633077e-05
3.70500000e+01 1.69220883e-05 1.62473643e-05
3.71000000e+01 1.69176480e-05 1.62347267e-05
3.71500000e+01 1.69166913e-05 1.62235513e-05
3.72000000e+01 1.69120083e-05 1.62111427e-05
3.72500000e+01 1.69109107e-05 1.62002213e-05
3.73000000e+01 1.69059703e-05 1.61880270e-05
3.73500000e+01 1.69047090e-05 1.61773460e-05
3.74000000e+01 1.69033903e-05 1.61667887e-05
3.74500000e+01 1.68980553e-05 1.61548980e-05
3.75000000e+01 1.68965423e-05 1.61445610e-05
3.75500000e+01 1.68909197e-05 1.61328480e-05
3.76000000e+01 1.68891943e-05 1.61227183e-05
3.76500000e+01 1.68832770e-05 1.61111683e-05
3.77000000e+01 1.68813223e-05 1.61012313e-05
3.77500000e+01 1.68751037e-05 1.60898293e-05
3.78000000e+01 1.68729063e-05 1.60800713e-05
3.78500000e+01 1.68505827e-05 1.60626870e-05
3.79000000e+01 1.68479600e-05 1.60530190e-05
3.79500000e+01 1.68452333e-05 1.60434373e-05
3.80000000e+01 1.68381327e-05 1.60322460e-05
3.80500000e+01 1.68351457e-05 1.60228057e-05
3.81000000e+01 1.68277460e-05 1.60117153e-05
3.81500000e+01 1.68244903e-05 1.60024030e-05
3.82000000e+01 1.68167930e-05 1.59914003e-05
3.82500000e+01 1.68132623e-05 1.59822023e-05
3.83000000e+01 1.68052673e-05 1.59712753e-05
3.83500000e+01 1.68014557e-05 1.59621780e-05
3.84000000e+01 1.67975147e-05 1.59531360e-05
3.84500000e+01 1.67890703e-05 1.59423047e-05
3.85000000e+01 1.67848417e-05 1.59333440e-05
3.85500000e+01 1.67761077e-05 1.59225587e-05
3.86000000e+01 1.67715890e-05 1.59136660e-05
3.86500000e+01 1.67451967e-05 1.58952740e-05
3.87000000e+01 1.67403253e-05 1.58863680e-05
3.87500000e+01 1.67353223e-05 1.58774950e-05
3.88000000e+01 1.67258793e-05 1.58667050e-05
3.88500000e+01 1.67205983e-05 1.58578730e-05
3.89000000e+01 1.67109000e-05 1.58470993e-05
3.89500000e+01 1.67053440e-05 1.58382973e-05
3.90000000e+01 1.66954000e-05 1.58275320e-05
3.90500000e+01 1.66895713e-05 1.58187500e-05
3.91000000e+01 1.66836097e-05 1.58099817e-05
3.91500000e+01 1.66732937e-05 1.57992153e-05
3.92000000e+01 1.66670650e-05 1.57904527e-05
3.92500000e+01 1.66565263e-05 1.57796780e-05
3.93000000e+01 1.66500367e-05 1.57709130e-05
3.93500000e+01 1.66392853e-05 1.57601247e-05
3.94000000e+01 1.66325413e-05 1.57513493e-05
3.94500000e+01 1.66256697e-05 1.57425713e-05
3.95000000e+01 1.65972900e-05 1.57230543e-05
3.95500000e+01 1.65902100e-05 1.57142253e-05
3.96000000e+01 1.65790363e-05 1.57033587e-05
3.96500000e+01 1.65717307e-05 1.56945100e-05
3.97000000e+01 1.65603923e-05 1.56836267e-05
3.97500000e+01 1.65528700e-05 1.56747540e-05
3.98000000e+01 1.65452353e-05 1.56658693e-05
3.98500000e+01 1.65336500e-05 1.56549513e-05
3.99000000e+01 1.65258123e-05 1.56460377e-05
3.99500000e+01 1.65140933e-05 1.56351013e-05
4.00000000e+01 1.65060623e-05 1.56261563e-05
4.00500000e+01 1.64979297e-05 1.56171950e-05
4.01000000e+01 1.64860097e-05 1.56062253e-05
4.01500000e+01 1.64776997e-05 1.55972307e-05
4.02000000e+01 1.64656787e-05 1.55862467e-05
4.02500000e+01 1.64572027e-05 1.55772193e-05
4.03000000e+01 1.64450947e-05 1.55662250e-05
4.03500000e+01 1.64205000e-05 1.55483220e-05
4.04000000e+01 1.64118880e-05 1.55392703e-05
4.04500000e+01 1.63997767e-05 1.55282900e-05
4.05000000e+01 1.63910350e-05 1.55192157e-05
4.05500000e+01 1.63788740e-05 1.55082420e-05
4.06000000e+01 1.63700140e-05 1.54991493e-05
4.06500000e+01 1.63610880e-05 1.54900447e-05
4.07000000e+01 1.63488517e-05 1.54790807e-05
4.07500000e+01 1.63398267e-05 1.54699633e-05
4.08000000e+01 1.63275750e-05 1.54590223e-05
4.08500000e+01 1.63184643e-05 1.54498973e-05
4.09000000e+01 1.63093027e-05 1.54407660e-05
4.09500000e+01 1.62970270e-05 1.54298603e-05
4.10000000e+01 1.62877993e-05 1.54207307e-05
4.10500000e+01 1.62755413e-05 1.54098663e-05
4.11000000e+01 1.62662613e-05 1.54007457e-05
4.11500000e+01 1.62569470e-05 1.53916257e-05
4.12000000e+01 1.62447177e-05 1.53808283e-05
4.12500000e+01 1.62353713e-05 1.53717287e-05
4.13000000e+01 1.62095013e-05 1.53529757e-05
4.13500000e+01 1.62002723e-05 1.53439760e-05
4.14000000e+01 1.61910267e-05 1.53349887e-05
4.14500000e+01 1.61790660e-05 1.53244240e-05
4.15000000e+01 1.61698253e-05 1.53154823e-05
4.15500000e+01 1.61579480e-05 1.53050073e-05
4.16000000e+01 1.61487250e-05 1.52961193e-05
4.16500000e+01 1.61395030e-05 1.52872550e-05
4.17000000e+01 1.61277537e-05 1.52769197e-05
4.17500000e+01 1.61185703e-05 1.52681237e-05
4.18000000e+01 1.61069357e-05 1.52579010e-05
4.18500000e+01 1.60978043e-05 1.52491843e-05
4.19000000e+01 1.60886910e-05 1.52405020e-05
4.19500000e+01 1.60772313e-05 1.52304553e-05
4.20000000e+01 1.60681903e-05 1.52218667e-05
4.20500000e+01 1.60591783e-05 1.52133210e-05
4.21000000e+01 1.60479200e-05 1.52034710e-05
4.21500000e+01 1.60390003e-05 1.51950333e-05
4.22000000e+01 1.60279047e-05 1.51853347e-05
4.22500000e+01 1.60076627e-05 1.51702213e-05
4.23000000e+01 1.59990163e-05 1.51620343e-05
4.23500000e+01 1.59882690e-05 1.51526233e-05
4.24000000e+01 1.59797433e-05 1.51445677e-05
4.24500000e+01 1.59691780e-05 1.51353247e-05
4.25000000e+01 1.59607847e-05 1.51274097e-05
4.25500000e+01 1.59524510e-05 1.51195620e-05
4.26000000e+01 1.59421600e-05 1.51105770e-05
4.26500000e+01 1.59339750e-05 1.51028823e-05
4.27000000e+01 1.59258597e-05 1.50952613e-05
4.27500000e+01 1.59158633e-05 1.50865517e-05
4.28000000e+01 1.59079130e-05 1.50790970e-05
4.28500000e+01 1.58981320e-05 1.50705830e-05
4.29000000e+01 1.58903570e-05 1.50633023e-05
4.29500000e+01 1.58826637e-05 1.50561060e-05
4.30000000e+01 1.58732063e-05 1.50478903e-05
4.30500000e+01 1.58657023e-05 1.50408790e-05
4.31000000e+01 1.58582883e-05 1.50339580e-05
4.31500000e+01 1.58491693e-05 1.50260527e-05
4.32000000e+01 1.58320020e-05 1.50133253e-05
4.32500000e+01 1.58231617e-05 1.50056470e-05
4.33000000e+01 1.58162237e-05 1.49991583e-05
4.33500000e+01 1.58093837e-05 1.49927670e-05
4.34000000e+01 1.58008883e-05 1.49854047e-05
4.34500000e+01 1.57942593e-05 1.49792150e-05
4.35000000e+01 1.57877337e-05 1.49731267e-05
4.35500000e+01 1.57795910e-05 1.49660870e-05
4.36000000e+01 1.57732843e-05 1.49602070e-05
4.36500000e+01 1.57653840e-05 1.49533863e-05
4.37000000e+01 1.57593007e-05 1.49477187e-05
4.37500000e+01 1.57533280e-05 1.49421560e-05
4.38000000e+01 1.57457863e-05 1.49356633e-05
4.38500000e+01 1.57400420e-05 1.49303170e-05
4.39000000e+01 1.57344113e-05 1.49250793e-05
4.39500000e+01 1.57272303e-05 1.49189160e-05
4.40000000e+01 1.57218317e-05 1.49138957e-05
4.40500000e+01 1.57165487e-05 1.49089863e-05
4.41000000e+01 1.57097270e-05 1.49031503e-05
4.41500000e+01 1.57046777e-05 1.48984603e-05
4.42000000e+01 1.56980947e-05 1.48928417e-05
4.42500000e+01 1.56833913e-05 1.48820987e-05
4.43000000e+01 1.56786790e-05 1.48777167e-05
4.43500000e+01 1.56723963e-05 1.48723637e-05
4.44000000e+01 1.56679080e-05 1.48681933e-05
4.44500000e+01 1.56635343e-05 1.48641317e-05
4.45000000e+01 1.56575817e-05 1.48590860e-05
4.45500000e+01 1.56534293e-05 1.48552347e-05
4.46000000e+01 1.56493893e-05 1.48514910e-05
4.46500000e+01 1.56437587e-05 1.48467453e-05
4.47000000e+01 1.56399367e-05 1.48432093e-05
4.47500000e+01 1.56362257e-05 1.48397793e-05
4.48000000e+01 1.56309040e-05 1.48353247e-05
4.48500000e+01 1.56274050e-05 1.48320980e-05
4.49000000e+01 1.56240150e-05 1.48289763e-05
4.49500000e+01 1.56189890e-05 1.48248033e-05
4.50000000e+01 1.56158033e-05 1.48218800e-05
4.50500000e+01 1.56109640e-05 1.48178860e-05
4.51000000e+01 1.56079777e-05 1.48151563e-05
4.51500000e+01 1.56050950e-05 1.48125277e-05
4.52000000e+01 1.56005237e-05 1.48087957e-05
4.52500000e+01 1.55978307e-05 1.48063540e-05
4.53000000e+01 1.55837213e-05 1.47962037e-05
4.53500000e+01 1.55792873e-05 1.47926183e-05
4.54000000e+01 1.55767797e-05 1.47903743e-05
4.54500000e+01 1.55743633e-05 1.47882227e-05
4.55000000e+01 1.55701543e-05 1.47848680e-05
4.55500000e+01 1.55679003e-05 1.47828853e-05
4.56000000e+01 1.55657330e-05 1.47809907e-05
4.56500000e+01 1.55617287e-05 1.47778547e-05
4.57000000e+01 1.55597130e-05 1.47761213e-05
4.57500000e+01 1.55577773e-05 1.47744733e-05
4.58000000e+01 1.55539577e-05 1.47715410e-05
4.58500000e+01 1.55521613e-05 1.47700450e-05
4.59000000e+01 1.55504397e-05 1.47686313e-05
4.59500000e+01 1.55467847e-05 1.47658887e-05
4.60000000e+01 1.55451883e-05 1.47646180e-05
4.60500000e+01 1.55436617e-05 1.47634247e-05
4.61000000e+01 1.55401493e-05 1.47608580e-05
4.61500000e+01 1.55387340e-05 1.47598000e-05
4.62000000e+01 1.55373817e-05 1.47588150e-05
4.62500000e+01 1.55339907e-05 1.47564097e-05
4.63000000e+01 1.55327370e-05 1.47555500e-05
4.63500000e+01 1.55315383e-05 1.47547597e-05
4.64000000e+01 1.55137710e-05 1.47421213e-05
4.64500000e+01 1.55125220e-05 1.47413327e-05
4.65000000e+01 1.55113207e-05 1.47406073e-05
4.65500000e+01 1.55079607e-05 1.47383517e-05
4.66000000e+01 1.55068273e-05 1.47377313e-05
4.66500000e+01 1.55057350e-05 1.47371703e-05
4.67000000e+01 1.55024297e-05 1.47350320e-05
4.67500000e+01 1.55013920e-05 1.47345673e-05
4.68000000e+01 1.55003877e-05 1.47341577e-05
4.68500000e+01 1.54971173e-05 1.47321227e-05
4.69000000e+01 1.54961533e-05 1.47318010e-05
4.69500000e+01 1.54952167e-05 1.47315300e-05
4.70000000e+01 1.54919610e-05 1.47295843e-05
4.70500000e+01 1.54910510e-05 1.47293923e-05
4.71000000e+01 1.54901617e-05 1.47292463e-05
4.71500000e+01 1.54868993e-05 1.47273790e-05
4.72000000e+01 1.54860240e-05 1.47273033e-05
4.72500000e+01 1.54851610e-05 1.47272703e-05
4.73000000e+01 1.54818730e-05 1.47254673e-05
4.73500000e+01 1.54810120e-05 1.47254953e-05
4.74000000e+01 1.54801560e-05 1.47255620e-05
4.74500000e+01 1.54768243e-05 1.47238110e-05
4.75000000e+01 1.54759560e-05 1.47239317e-05
4.75500000e+01 1.54570787e-05 1.47105550e-05
4.76000000e+01 1.54535447e-05 1.47087090e-05
4.76500000e+01 1.54525093e-05 1.47087787e-05
4.77000000e+01 1.54514700e-05 1.47088777e-05
4.77500000e+01 1.54478590e-05 1.47070610e-05
4.78000000e+01 1.54467823e-05 1.47071967e-05
4.78500000e+01 1.54456937e-05 1.47073590e-05
4.79000000e+01 1.54419897e-05 1.47055597e-05
4.79500000e+01 1.54408533e-05 1.47057517e-05
4.80000000e+01 1.54396993e-05 1.47059653e-05
4.80500000e+01 1.54385267e-05 1.47062000e-05
4.81000000e+01 1.54346737e-05 1.47044087e-05
4.81500000e+01 1.54334380e-05 1.47046623e-05
4.82000000e+01 1.54321770e-05 1.47049337e-05
4.82500000e+01 1.54281957e-05 1.47031357e-05
4.83000000e+01 1.54268627e-05 1.47034187e-05
4.83500000e+01 1.54254983e-05 1.47037163e-05
4.84000000e+01 1.54213750e-05 1.47019000e-05
4.84500000e+01 1.54199283e-05 1.47022030e-05
4.85000000e+01 1.54184470e-05 1.47025147e-05
4.85500000e+01 1.54141683e-05 1.47006713e-05
4.86000000e+01 1.54125953e-05 1.47009820e-05
4.86500000e+01 1.54109813e-05 1.47012993e-05
4.87000000e+01 1.54065363e-05 1.46994180e-05
4.87500000e+01 1.53834287e-05 1.46827537e-05
4.88000000e+01 1.53815483e-05 1.46829303e-05
4.88500000e+01 1.53796247e-05 1.46831080e-05
4.89000000e+01 1.53748313e-05 1.46810290e-05
4.89500000e+01 1.53727977e-05 1.46811890e-05
4.90000000e+01 1.53707147e-05 1.46813477e-05
4.90500000e+01 1.53657363e-05 1.46792073e-05
4.91000000e+01 1.53635363e-05 1.46793410e-05
4.91500000e+01 1.53612843e-05 1.46794697e-05
4.92000000e+01 1.53561097e-05 1.46772590e-05
4.92500000e+01 1.53537337e-05 1.46773557e-05
4.93000000e+01 1.53513023e-05 1.46774430e-05
4.93500000e+01 1.53488127e-05 1.46775207e-05
4.94000000e+01 1.53433617e-05 1.46752020e-05
4.94500000e+01 1.53407403e-05 1.46752383e-05
4.95000000e+01 1.53380573e-05 1.46752613e-05
4.95500000e+01 1.53323920e-05 1.46728490e-05
4.96000000e+01 1.53295717e-05 1.46728237e-05
4.96500000e+01 1.53266880e-05 1.46727803e-05
4.97000000e+01 1.53208000e-05 1.46702637e-05
4.97500000e+01 1.53177733e-05 1.46701653e-05
4.98000000e+01 1.53146793e-05 1.46700463e-05
4.98500000e+01 1.53115167e-05 1.46699050e-05
4.99000000e+01 1.53053213e-05 1.46672323e-05
4.99500000e+01 1.53020090e-05 1.46670250e-05
5.00000000e+01 1.52986263e-05 1.46667917e-05
5.00500000e+01 1.52679313e-05 1.46432593e-05
5.01000000e+01 1.52643040e-05 1.46428143e-05
5.01500000e+01 1.52606053e-05 1.46423397e-05
5.02000000e+01 1.52538603e-05 1.46392680e-05
5.02500000e+01 1.52500047e-05 1.46387120e-05
5.03000000e+01 1.52460733e-05 1.46381210e-05
5.03500000e+01 1.52420683e-05 1.46374947e-05
5.04000000e+01 1.52349940e-05 1.46342177e-05
5.04500000e+01 1.52308250e-05 1.46334987e-05
5.05000000e+01 1.52265787e-05 1.46327403e-05
5.05500000e+01 1.52192547e-05 1.46292953e-05
5.06000000e+01 1.52148407e-05 1.46284363e-05
5.06500000e+01 1.52103463e-05 1.46275323e-05
5.07000000e+01 1.52057723e-05 1.46265820e-05
5.07500000e+01 1.51981017e-05 1.46228947e-05
5.08000000e+01 1.51933547e-05 1.46218323e-05
5.08500000e+01 1.51885237e-05 1.46207197e-05
5.09000000e+01 1.51805913e-05 1.46168350e-05
5.09500000e+01 1.51755840e-05 1.46156007e-05
5.10000000e+01 1.51704903e-05 1.46143113e-05
5.10500000e+01 1.51653120e-05 1.46129653e-05
5.11000000e+01 1.51570163e-05 1.46087983e-05
5.11500000e+01 1.51516553e-05 1.46073177e-05
5.12000000e+01 1.51462043e-05 1.46057767e-05
5.12500000e+01 1.51376350e-05 1.46013820e-05
5.13000000e+01 1.51319977e-05 1.45996977e-05
5.13500000e+01 1.50999207e-05 1.45735300e-05
5.14000000e+01 1.50940393e-05 1.45715813e-05
5.14500000e+01 1.50850487e-05 1.45667493e-05
5.15000000e+01 1.50789777e-05 1.45646460e-05
5.15500000e+01 1.50728117e-05 1.45624710e-05
5.16000000e+01 1.50635383e-05 1.45573843e-05
5.16500000e+01 1.50571787e-05 1.45550457e-05
5.17000000e+01 1.50507237e-05 1.45526297e-05
5.17500000e+01 1.50441727e-05 1.45501353e-05
5.18000000e+01 1.50345063e-05 1.45446890e-05
5.18500000e+01 1.50277553e-05 1.45420183e-05
5.19000000e+01 1.50209040e-05 1.45392657e-05
5.19500000e+01 1.50139540e-05 1.45364263e-05
5.20000000e+01 1.50038860e-05 1.45305963e-05
5.20500000e+01 1.49967290e-05 1.45275697e-05
5.21000000e+01 1.49894710e-05 1.45244533e-05
5.21500000e+01 1.49790977e-05 1.45183237e-05
5.22000000e+01 1.49716293e-05 1.45150103e-05
5.22500000e+01 1.49640547e-05 1.45116033e-05
5.23000000e+01 1.49563760e-05 1.45080997e-05
5.23500000e+01 1.49455833e-05 1.45015497e-05
5.24000000e+01 1.49376877e-05 1.44978377e-05
5.24500000e+01 1.49296837e-05 1.44940253e-05
5.25000000e+01 1.49215710e-05 1.44901117e-05
5.25500000e+01 1.49103503e-05 1.44831200e-05
5.26000000e+01 1.49020143e-05 1.44789877e-05
5.26500000e+01 1.48935697e-05 1.44747480e-05
5.27000000e+01 1.48543800e-05 1.44397983e-05
5.27500000e+01 1.48456827e-05 1.44352363e-05
5.28000000e+01 1.48368730e-05 1.44305657e-05
5.28500000e+01 1.48279510e-05 1.44257857e-05
5.29000000e+01 1.48159637e-05 1.44179133e-05
5.29500000e+01 1.48068127e-05 1.44129003e-05
5.30000000e+01 1.47975497e-05 1.44077730e-05
5.30500000e+01 1.47881700e-05 1.44025320e-05
5.31000000e+01 1.47757370e-05 1.43941790e-05
5.31500000e+01 1.47661243e-05 1.43886953e-05
5.32000000e+01 1.47563960e-05 1.43830930e-05
5.32500000e+01 1.47465500e-05 1.43773720e-05
5.33000000e+01 1.47336653e-05 1.43685243e-05
5.33500000e+01 1.47235830e-05 1.43625527e-05
5.34000000e+01 1.47133807e-05 1.43564597e-05
5.34500000e+01 1.47030600e-05 1.43502417e-05
5.35000000e+01 1.46897197e-05 1.43408873e-05
5.35500000e+01 1.46791587e-05 1.43344130e-05
5.36000000e+01 1.46684770e-05 1.43278123e-05
5.36500000e+01 1.46576740e-05 1.43210840e-05
5.37000000e+01 1.46438763e-05 1.43112113e-05
5.37500000e+01 1.46328307e-05 1.43042200e-05
5.38000000e+01 1.46216650e-05 1.42970987e-05
5.38500000e+01 1.46075273e-05 1.42868360e-05
5.39000000e+01 1.45961183e-05 1.42794470e-05
5.39500000e+01 1.45845860e-05 1.42719263e-05
5.40000000e+01 1.45729313e-05 1.42642730e-05
5.40500000e+01 1.45583363e-05 1.42534773e-05
5.41000000e+01 1.45187520e-05 1.42159373e-05
5.41500000e+01 1.45067640e-05 1.42078367e-05
5.42000000e+01 1.44946537e-05 1.41996033e-05
5.42500000e+01 1.44796613e-05 1.41882597e-05
5.43000000e+01 1.44673140e-05 1.41797537e-05
5.43500000e+01 1.44548463e-05 1.41711137e-05
5.44000000e+01 1.44422593e-05 1.41623373e-05
5.44500000e+01 1.44268250e-05 1.41504603e-05
5.45000000e+01 1.44140030e-05 1.41414083e-05
5.45500000e+01 1.44010600e-05 1.41322213e-05
5.46000000e+01 1.43879990e-05 1.41228953e-05
5.46500000e+01 1.43721323e-05 1.41104800e-05
5.47000000e+01 1.43588393e-05 1.41008777e-05
5.47500000e+01 1.43454287e-05 1.40911367e-05
5.48000000e+01 1.43319000e-05 1.40812570e-05
5.48500000e+01 1.43156127e-05 1.40683020e-05
5.49000000e+01 1.43018570e-05 1.40581437e-05
5.49500000e+01 1.42879867e-05 1.40478447e-05
5.50000000e+01 1.42740007e-05 1.40374063e-05
5.50500000e+01 1.42573043e-05 1.40239120e-05
5.51000000e+01 1.42430980e-05 1.40131933e-05
5.51500000e+01 1.42287787e-05 1.40023343e-05
5.52000000e+01 1.42143490e-05 1.39913337e-05
5.52500000e+01 1.41998057e-05 1.39801943e-05
5.53000000e+01 1.41826147e-05 1.39660207e-05
5.53500000e+01 1.41678610e-05 1.39545987e-05
5.54000000e+01 1.41530000e-05 1.39430373e-05
5.54500000e+01 1.41380313e-05 1.39313333e-05
5.55000000e+01 1.41204683e-05 1.39166237e-05
5.55500000e+01 1.41052983e-05 1.39046387e-05
5.56000000e+01 1.40641550e-05 1.38625900e-05
5.56500000e+01 1.40488717e-05 1.38503477e-05
5.57000000e+01 1.40310687e-05 1.38351533e-05
5.57500000e+01 1.40155960e-05 1.38226347e-05
5.58000000e+01 1.40000253e-05 1.38099760e-05
5.58500000e+01 1.39843590e-05 1.37971800e-05
5.59000000e+01 1.39662327e-05 1.37814647e-05
5.59500000e+01 1.39503867e-05 1.37683937e-05
5.60000000e+01 1.39344497e-05 1.37551837e-05
5.60500000e+01 1.39184200e-05 1.37418357e-05
5.61000000e+01 1.38999930e-05 1.37256047e-05
5.61500000e+01 1.38837957e-05 1.37119840e-05
5.62000000e+01 1.38675123e-05 1.36982260e-05
5.62500000e+01 1.38511440e-05 1.36843303e-05
5.63000000e+01 1.38346913e-05 1.36702970e-05
5.63500000e+01 1.38159140e-05 1.36534250e-05
5.64000000e+01 1.37993077e-05 1.36391227e-05
5.64500000e+01 1.37826233e-05 1.36246837e-05
5.65000000e+01 1.37658600e-05 1.36101090e-05
5.65500000e+01 1.37468350e-05 1.35927363e-05
5.66000000e+01 1.37299307e-05 1.35778963e-05
5.66500000e+01 1.37129533e-05 1.35629203e-05
5.67000000e+01 1.36959050e-05 1.35478100e-05
5.67500000e+01 1.36766563e-05 1.35299457e-05
5.68000000e+01 1.36594793e-05 1.35145743e-05
5.68500000e+01 1.36422340e-05 1.34990697e-05
5.69000000e+01 1.36249240e-05 1.34834310e-05
5.69500000e+01 1.36075490e-05 1.34676607e-05
5.70000000e+01 1.35880507e-05 1.34491903e-05
5.70500000e+01 1.35705637e-05 1.34331647e-05
5.71000000e+01 1.35530160e-05 1.34170070e-05
5.71500000e+01 1.35127687e-05 1.33723610e-05
5.72000000e+01 1.34932267e-05 1.33535257e-05
5.72500000e+01 1.34756373e-05 1.33370713e-05
5.73000000e+01 1.34579933e-05 1.33204910e-05
5.73500000e+01 1.34402987e-05 1.33037840e-05
5.74000000e+01 1.34225530e-05 1.32869517e-05
5.74500000e+01 1.34028253e-05 1.32675503e-05
5.75000000e+01 1.33849927e-05 1.32504800e-05
5.75500000e+01 1.33671130e-05 1.32332843e-05
5.76000000e+01 1.33491890e-05 1.32159663e-05
5.76500000e+01 1.33293417e-05 1.31961333e-05
5.77000000e+01 1.33113410e-05 1.31785827e-05
5.77500000e+01 1.32932980e-05 1.31609120e-05
5.78000000e+01 1.32752177e-05 1.31431210e-05
5.78500000e+01 1.32570970e-05 1.31252117e-05
5.79000000e+01 1.32371220e-05 1.31048530e-05
5.79500000e+01 1.32189377e-05 1.30867197e-05
5.80000000e+01 1.32007187e-05 1.30684707e-05
5.80500000e+01 1.31824667e-05 1.30501063e-05
5.81000000e+01 1.31641810e-05 1.30316277e-05
5.81500000e+01 1.31441067e-05 1.30107680e-05
5.82000000e+01 1.31257687e-05 1.29920757e-05
5.82500000e+01 1.31074023e-05 1.29732703e-05
5.83000000e+01 1.30890080e-05 1.29543553e-05
5.83500000e+01 1.30688753e-05 1.29331187e-05
5.84000000e+01 1.30504363e-05 1.29139967e-05
5.84500000e+01 1.30319717e-05 1.28947693e-05
5.85000000e+01 1.30134843e-05 1.28754333e-05
5.85500000e+01 1.29949720e-05 1.28559930e-05
5.86000000e+01 1.29747820e-05 1.28343040e-05
5.86500000e+01 1.29562343e-05 1.28146683e-05
5.87000000e+01 1.29376667e-05 1.27949307e-05
5.87500000e+01 1.28996460e-05 1.27500063e-05
5.88000000e+01 1.28811320e-05 1.27301943e-05
5.88500000e+01 1.28609950e-05 1.27082227e-05
5.89000000e+01 1.28424500e-05 1.26882290e-05
5.89500000e+01 1.28238880e-05 1.26681377e-05
5.90000000e+01 1.28053070e-05 1.26479533e-05
5.90500000e+01 1.27867097e-05 1.26276757e-05
5.91000000e+01 1.27665400e-05 1.26053127e-05
5.91500000e+01 1.27479170e-05 1.25848647e-05
5.92000000e+01 1.27292803e-05 1.25643260e-05
5.92500000e+01 1.27106273e-05 1.25436987e-05
5.93000000e+01 1.26919613e-05 1.25229840e-05
5.93500000e+01 1.26717687e-05 1.25002607e-05
5.94000000e+01 1.26530807e-05 1.24793867e-05
5.94500000e+01 1.26343807e-05 1.24584283e-05
5.95000000e+01 1.26156670e-05 1.24373877e-05
5.95500000e+01 1.25954647e-05 1.24144007e-05
5.96000000e+01 1.25767317e-05 1.23932107e-05
5.96500000e+01 1.25579883e-05 1.23719410e-05
5.97000000e+01 1.25392323e-05 1.23505937e-05
5.97500000e+01 1.25204650e-05 1.23291693e-05
5.98000000e+01 1.25002490e-05 1.23058747e-05
5.98500000e+01 1.24814650e-05 1.22843133e-05
5.99000000e+01 1.24626700e-05 1.22626780e-05
5.99500000e+01 1.24438633e-05 1.22409717e-05
6.00000000e+01 1.24250467e-05 1.22191940e-05
6.00500000e+01 1.24062187e-05 1.21973497e-05
6.01000000e+01 1.23859853e-05 1.21737197e-05
6.01500000e+01 1.23671410e-05 1.21517497e-05
6.02000000e+01 1.23482860e-05 1.21297137e-05
6.02500000e+01 1.23294207e-05 1.21076147e-05
6.03000000e+01 1.23105430e-05 1.20854527e-05
6.03500000e+01 1.22902950e-05 1.20615810e-05
6.04000000e+01 1.22714010e-05 1.20393067e-05
6.04500000e+01 1.22353143e-05 1.19963940e-05
6.05000000e+01 1.22164537e-05 1.19741470e-05
6.05500000e+01 1.21975813e-05 1.19518413e-05
6.06000000e+01 1.21773680e-05 1.19279087e-05
6.06500000e+01 1.21584747e-05 1.19055033e-05
6.07000000e+01 1.21395693e-05 1.18830453e-05
6.07500000e+01 1.21206497e-05 1.18605357e-05
6.08000000e+01 1.21017190e-05 1.18379737e-05
6.08500000e+01 1.20814737e-05 1.18138573e-05
6.09000000e+01 1.20625190e-05 1.17912077e-05
6.09500000e+01 1.20435503e-05 1.17685117e-05
6.10000000e+01 1.20245670e-05 1.17457700e-05
6.10500000e+01 1.20055717e-05 1.17229813e-05
6.11000000e+01 1.19852873e-05 1.16987103e-05
6.11500000e+01 1.19662653e-05 1.16758457e-05
6.12000000e+01 1.19472273e-05 1.16529420e-05
6.12500000e+01 1.19281743e-05 1.16299953e-05
6.13000000e+01 1.19091053e-05 1.16070093e-05
6.13500000e+01 1.18900207e-05 1.15839857e-05
6.14000000e+01 1.18696767e-05 1.15595603e-05
6.14500000e+01 1.18505613e-05 1.15364757e-05
6.15000000e+01 1.18314307e-05 1.15133540e-05
6.15500000e+01 1.18122807e-05 1.14901997e-05
6.16000000e+01 1.17931140e-05 1.14670127e-05
6.16500000e+01 1.17727113e-05 1.14424923e-05
6.17000000e+01 1.17535113e-05 1.14192547e-05
6.17500000e+01 1.17342923e-05 1.13959870e-05
6.18000000e+01 1.17150537e-05 1.13726907e-05
6.18500000e+01 1.16957967e-05 1.13493683e-05
6.19000000e+01 1.16765187e-05 1.13260207e-05
6.19500000e+01 1.16560310e-05 1.13014143e-05
6.20000000e+01 1.16367153e-05 1.12780260e-05
6.20500000e+01 1.16173793e-05 1.12546157e-05
6.21000000e+01 1.15980220e-05 1.12311837e-05
6.21500000e+01 1.15786420e-05 1.12077317e-05
6.22000000e+01 1.15422537e-05 1.11671457e-05
6.22500000e+01 1.15228717e-05 1.11437910e-05
6.23000000e+01 1.15034677e-05 1.11204170e-05
6.23500000e+01 1.14840400e-05 1.10970277e-05
6.24000000e+01 1.14645887e-05 1.10736193e-05
6.24500000e+01 1.14451147e-05 1.10501943e-05
6.25000000e+01 1.14244763e-05 1.10256443e-05
6.25500000e+01 1.14049563e-05 1.10021997e-05
6.26000000e+01 1.13854100e-05 1.09787423e-05
6.26500000e+01 1.13658410e-05 1.09552707e-05
6.27000000e+01 1.13462450e-05 1.09317870e-05
6.27500000e+01 1.13266240e-05 1.09082927e-05
6.28000000e+01 1.13058630e-05 1.08837373e-05
6.28500000e+01 1.12861923e-05 1.08602323e-05
6.29000000e+01 1.12664963e-05 1.08367173e-05
6.29500000e+01 1.12467723e-05 1.08131940e-05
6.30000000e+01 1.12270223e-05 1.07896627e-05
6.30500000e+01 1.12072440e-05 1.07661267e-05
6.31000000e+01 1.11863500e-05 1.07415870e-05
6.31500000e+01 1.11665200e-05 1.07180447e-05
6.32000000e+01 1.11466623e-05 1.06944970e-05
6.32500000e+01 1.11267763e-05 1.06709453e-05
6.33000000e+01 1.11068607e-05 1.06473900e-05
6.33500000e+01 1.10869187e-05 1.06238297e-05
6.34000000e+01 1.10658817e-05 1.05993230e-05
6.34500000e+01 1.10458833e-05 1.05757633e-05
6.35000000e+01 1.10258553e-05 1.05522033e-05
6.35500000e+01 1.10057983e-05 1.05286403e-05
6.36000000e+01 1.09857120e-05 1.05050747e-05
6.36500000e+01 1.09655947e-05 1.04815077e-05
6.37000000e+01 1.09444083e-05 1.04570433e-05
6.37500000e+01 1.09242337e-05 1.04334820e-05
6.38000000e+01 1.09040300e-05 1.04099187e-05
6.38500000e+01 1.08837943e-05 1.03863543e-05
6.39000000e+01 1.08635290e-05 1.03627897e-05
6.39500000e+01 1.08432320e-05 1.03392250e-05
6.40000000e+01 1.08218863e-05 1.03148073e-05
6.40500000e+01 1.08015307e-05 1.02912473e-05
6.41000000e+01 1.07665863e-05 1.02555370e-05
6.41500000e+01 1.07462043e-05 1.02320550e-05
6.42000000e+01 1.07257900e-05 1.02085731e-05
6.42500000e+01 1.07053437e-05 1.01850869e-05
6.43000000e+01 1.06838753e-05 1.01607835e-05
6.43500000e+01 1.06633667e-05 1.01372980e-05
6.44000000e+01 1.06428247e-05 1.01138101e-05
6.44500000e+01 1.06222493e-05 1.00903205e-05
6.45000000e+01 1.06016420e-05 1.00668264e-05
6.45500000e+01 1.05810003e-05 1.00433286e-05
6.46000000e+01 1.05603253e-05 1.00198274e-05
6.46500000e+01 1.05386517e-05 9.99554593e-06
6.47000000e+01 1.05179107e-05 9.97204147e-06
6.47500000e+01 1.04971357e-05 9.94853023e-06
6.48000000e+01 1.04763250e-05 9.92501403e-06
6.48500000e+01 1.04554797e-05 9.90149107e-06
6.49000000e+01 1.04345990e-05 9.87796360e-06
6.49500000e+01 1.04127407e-05 9.85368157e-06
6.50000000e+01 1.03917910e-05 9.83014090e-06
6.50500000e+01 1.03708047e-05 9.80659190e-06
6.51000000e+01 1.03497813e-05 9.78303353e-06
6.51500000e+01 1.03287210e-05 9.75946640e-06
6.52000000e+01 1.03076240e-05 9.73588747e-06
6.52500000e+01 1.02864883e-05 9.71229647e-06
6.53000000e+01 1.02643960e-05 9.68797893e-06
6.53500000e+01 1.02431857e-05 9.66436723e-06
6.54000000e+01 1.02219363e-05 9.64074093e-06
6.54500000e+01 1.02006477e-05 9.61709897e-06
6.55000000e+01 1.01793187e-05 9.59344143e-06
6.55500000e+01 1.01579483e-05 9.56976700e-06
6.56000000e+01 1.01365366e-05 9.54607580e-06
6.56500000e+01 1.01141884e-05 9.52167800e-06
6.57000000e+01 1.00926954e-05 9.49794950e-06
6.57500000e+01 1.00711592e-05 9.47420083e-06
6.58000000e+01 1.00495792e-05 9.45042987e-06
6.58500000e+01 1.00279553e-05 9.42663680e-06
6.59000000e+01 1.00062876e-05 9.40281843e-06
6.59500000e+01 9.98457357e-06 9.37897440e-06
6.60000000e+01 9.94856687e-06 9.34432133e-06
6.60500000e+01 9.92679390e-06 9.32047147e-06
6.61000000e+01 9.90497400e-06 9.29659107e-06
6.61500000e+01 9.88310530e-06 9.27268030e-06
6.62000000e+01 9.86118767e-06 9.24873843e-06
6.62500000e+01 9.83921940e-06 9.22476390e-06
6.63000000e+01 9.81720023e-06 9.20075643e-06
6.63500000e+01 9.79428467e-06 9.17608093e-06
6.64000000e+01 9.77216440e-06 9.15200377e-06
6.64500000e+01 9.74999113e-06 9.12788957e-06
6.65000000e+01 9.72776340e-06 9.10373747e-06
6.65500000e+01 9.70548117e-06 9.07954483e-06
6.66000000e+01 9.68314330e-06 9.05531073e-06
6.66500000e+01 9.66074833e-06 9.03103443e-06
6.67000000e+01 9.63747257e-06 9.00610807e-06
6.67500000e+01 9.61496357e-06 8.98174763e-06
6.68000000e+01 9.59239613e-06 8.95733923e-06
6.68500000e+01 9.56976753e-06 8.93288377e-06
6.69000000e+01 9.54707767e-06 8.90837987e-06
6.69500000e+01 9.52432517e-06 8.88382597e-06
6.70000000e+01 9.50150900e-06 8.85922167e-06
6.70500000e+01 9.47862987e-06 8.83456433e-06
6.71000000e+01 9.45488707e-06 8.80927880e-06
6.71500000e+01 9.43187793e-06 8.78451657e-06
6.72000000e+01 9.40880113e-06 8.75969977e-06
6.72500000e+01 9.38565637e-06 8.73482433e-06
6.73000000e+01 9.36244223e-06 8.70989083e-06
6.73500000e+01 9.33915783e-06 8.68489823e-06
6.74000000e+01 9.31580123e-06 8.65984500e-06
6.74500000e+01 9.29237190e-06 8.63473083e-06
6.75000000e+01 9.26810190e-06 8.60901410e-06
6.75500000e+01 9.24452803e-06 8.58377627e-06
6.76000000e+01 9.22087847e-06 8.55847423e-06
6.76500000e+01 9.19715230e-06 8.53310643e-06
6.77000000e+01 9.17334793e-06 8.50767223e-06
6.77500000e+01 9.14946637e-06 8.48216963e-06
6.78000000e+01 9.12550410e-06 8.45659800e-06
6.78500000e+01 9.10146137e-06 8.43095683e-06
6.79000000e+01 9.07660190e-06 8.40474917e-06
6.79500000e+01 9.05239867e-06 8.37897080e-06
6.80000000e+01 9.02811213e-06 8.35312077e-06
6.80500000e+01 8.99205533e-06 8.31943633e-06
6.81000000e+01 8.96766410e-06 8.29353003e-06
6.81500000e+01 8.94318780e-06 8.26755200e-06
6.82000000e+01 8.91862733e-06 8.24150073e-06
6.82500000e+01 8.89398007e-06 8.21537607e-06
6.83000000e+01 8.86855977e-06 8.18873760e-06
6.83500000e+01 8.84374177e-06 8.16247157e-06
6.84000000e+01 8.81883547e-06 8.13613013e-06
6.84500000e+01 8.79383997e-06 8.10971353e-06
6.85000000e+01 8.76875403e-06 8.08322173e-06
6.85500000e+01 8.74357770e-06 8.05665383e-06
6.86000000e+01 8.71830930e-06 8.03001050e-06
6.86500000e+01 8.69294977e-06 8.00328960e-06
6.87000000e+01 8.66685783e-06 7.97611057e-06
6.87500000e+01 8.64131730e-06 7.94924447e-06
6.88000000e+01 8.61568283e-06 7.92230150e-06
6.88500000e+01 8.58995370e-06 7.89528237e-06
6.89000000e+01 8.56413120e-06 7.86818610e-06
6.89500000e+01 8.53821260e-06 7.84101317e-06
6.90000000e+01 8.51219850e-06 7.81376373e-06
6.90500000e+01 8.48608820e-06 7.78643913e-06
6.91000000e+01 8.45988177e-06 7.75903690e-06
6.91500000e+01 8.43300120e-06 7.73125243e-06
6.92000000e+01 8.40660840e-06 7.70370837e-06
6.92500000e+01 8.38011803e-06 7.67608917e-06
6.93000000e+01 8.35353007e-06 7.64839600e-06
6.93500000e+01 8.32684603e-06 7.62062803e-06
6.94000000e+01 8.30006407e-06 7.59278647e-06
6.94500000e+01 8.27318453e-06 7.56487260e-06
6.95000000e+01 8.24620747e-06 7.53688647e-06
6.95500000e+01 8.21913247e-06 7.50882917e-06
6.96000000e+01 8.19196150e-06 7.48070077e-06
6.96500000e+01 8.16419600e-06 7.45229250e-06
6.97000000e+01 8.13683857e-06 7.42403540e-06
6.97500000e+01 8.10938433e-06 7.39571160e-06
6.98000000e+01 8.08183403e-06 7.36731940e-06
6.98500000e+01 8.05418823e-06 7.33886187e-06
6.99000000e+01 8.02644633e-06 7.31033993e-06
6.99500000e+01 7.99860920e-06 7.28175427e-06
7.00000000e+01 7.97067697e-06 7.25310667e-06
7.00500000e+01 7.94265187e-06 7.22439757e-06
7.01000000e+01 7.91453267e-06 7.19562880e-06
7.01500000e+01 7.88592080e-06 7.16670193e-06
7.02000000e+01 7.85096067e-06 7.13634923e-06
7.02500000e+01 7.82275103e-06 7.10762230e-06
7.03000000e+01 7.79445433e-06 7.07884390e-06
7.03500000e+01 7.76607053e-06 7.05001583e-06
7.04000000e+01 7.73760150e-06 7.02113923e-06
7.04500000e+01 7.70904710e-06 6.99221640e-06
7.05000000e+01 7.68040990e-06 6.96324747e-06
7.05500000e+01 7.65168983e-06 6.93423577e-06
7.06000000e+01 7.62288813e-06 6.90518280e-06
7.06500000e+01 7.59372530e-06 6.87611453e-06
7.07000000e+01 7.56477527e-06 6.84699653e-06
7.07500000e+01 7.53574903e-06 6.81784233e-06
7.08000000e+01 7.50664573e-06 6.78865427e-06
7.08500000e+01 7.47746793e-06 6.75943433e-06
7.09000000e+01 7.44821653e-06 6.73018533e-06
7.09500000e+01 7.41889360e-06 6.70090727e-06
7.10000000e+01 7.38950080e-06 6.67160390e-06
7.10500000e+01 7.36003937e-06 6.64227720e-06
7.11000000e+01 7.33051073e-06 6.61292890e-06
7.11500000e+01 7.30091647e-06 6.58356173e-06
7.12000000e+01 7.27111417e-06 6.55434107e-06
7.12500000e+01 7.24140843e-06 6.52495487e-06
7.13000000e+01 7.21164313e-06 6.49555623e-06
7.13500000e+01 7.18182003e-06 6.46614793e-06
7.14000000e+01 7.15194133e-06 6.43673137e-06
7.14500000e+01 7.12200937e-06 6.40730940e-06
7.15000000e+01 7.09202543e-06 6.37788473e-06
7.15500000e+01 7.06199227e-06 6.34845880e-06
7.16000000e+01 7.03191160e-06 6.31903580e-06
7.16500000e+01 7.00178607e-06 6.28961573e-06
7.17000000e+01 6.97161827e-06 6.26020273e-06
7.17500000e+01 6.94140933e-06 6.23079910e-06
7.18000000e+01 6.91117727e-06 6.20172733e-06
7.18500000e+01 6.88090763e-06 6.17236277e-06
7.19000000e+01 6.85060593e-06 6.14301427e-06
7.19500000e+01 6.82027230e-06 6.11368503e-06
7.20000000e+01 6.78991047e-06 6.08437727e-06
7.20500000e+01 6.75952247e-06 6.05509427e-06
7.21000000e+01 6.72911117e-06 6.02583670e-06
7.21500000e+01 6.69867927e-06 5.99660857e-06
7.22000000e+01 6.66822907e-06 5.96741227e-06
7.22500000e+01 6.63776287e-06 5.93824983e-06
7.23000000e+01 6.60728323e-06 5.90912433e-06
7.23500000e+01 6.57679413e-06 5.88003730e-06
7.24000000e+01 6.54985173e-06 5.86011273e-06
7.24500000e+01 6.51962500e-06 5.83135867e-06
7.25000000e+01 6.48939637e-06 5.80264987e-06
7.25500000e+01 6.45916820e-06 5.77398920e-06
7.26000000e+01 6.42894473e-06 5.74537837e-06
7.26500000e+01 6.39872663e-06 5.71682027e-06
7.27000000e+01 6.36851763e-06 5.68831690e-06
7.27500000e+01 6.33832000e-06 5.65987140e-06
7.28000000e+01 6.30813673e-06 5.63148430e-06
7.28500000e+01 6.27797083e-06 5.60315933e-06
7.29000000e+01 6.24782453e-06 5.57489857e-06
7.29500000e+01 6.21803513e-06 5.54730073e-06
7.30000000e+01 6.18794960e-06 5.51918633e-06
7.30500000e+01 6.15789280e-06 5.49114210e-06
7.31000000e+01 6.12786610e-06 5.46317047e-06
7.31500000e+01 6.09787253e-06 5.43527353e-06
7.32000000e+01 6.06791477e-06 5.40745377e-06
7.32500000e+01 6.03799557e-06 5.37971243e-06
7.33000000e+01 6.00811797e-06 5.35205200e-06
7.33500000e+01 5.97828383e-06 5.32447473e-06
7.34000000e+01 5.94849663e-06 5.29698207e-06
7.34500000e+01 5.91875790e-06 5.26957640e-06
7.35000000e+01 5.88955203e-06 5.24297190e-06
7.35500000e+01 5.85993317e-06 5.21575550e-06
7.36000000e+01 5.83037103e-06 5.18863153e-06
7.36500000e+01 5.80086813e-06 5.16160143e-06
7.37000000e+01 5.77142680e-06 5.13466713e-06
7.37500000e+01 5.74205073e-06 5.10782980e-06
7.38000000e+01 5.71274087e-06 5.08109180e-06
7.38500000e+01 5.68350047e-06 5.05445433e-06
7.39000000e+01 5.65433147e-06 5.02791960e-06
7.39500000e+01 5.62523677e-06 5.00148800e-06
7.40000000e+01 5.59621860e-06 4.97516180e-06
7.40500000e+01 5.56789347e-06 4.94975570e-06
7.41000000e+01 5.53904677e-06 4.92365353e-06
7.41500000e+01 5.51028280e-06 4.89766100e-06
7.42000000e+01 5.48160477e-06 4.87177880e-06
7.42500000e+01 5.45301400e-06 4.84600853e-06
7.43000000e+01 5.42451273e-06 4.82035200e-06
7.43500000e+01 5.39610287e-06 4.79480967e-06
7.44000000e+01 5.36778637e-06 4.76938303e-06
7.44500000e+01 5.33956663e-06 4.74407317e-06
7.45000000e+01 5.31144370e-06 4.71888097e-06
7.45500000e+01 5.28414277e-06 4.69469567e-06
7.46000000e+01 5.25623150e-06 4.66975037e-06
7.46500000e+01 5.22842337e-06 4.64492487e-06
7.47000000e+01 5.20072037e-06 4.62022117e-06
7.47500000e+01 5.18785673e-06 4.61333580e-06
7.48000000e+01 5.16056383e-06 4.58901270e-06
7.48500000e+01 5.13337807e-06 4.56481140e-06
7.49000000e+01 5.10630140e-06 4.54073157e-06
7.49500000e+01 5.07933503e-06 4.51677493e-06
7.50000000e+01 5.05248023e-06 4.49294153e-06
7.50500000e+01 5.02654010e-06 4.47016630e-06
7.51000000e+01 4.99992197e-06 4.44658773e-06
7.51500000e+01 4.97342000e-06 4.42313437e-06
7.52000000e+01 4.94703453e-06 4.39980677e-06
7.52500000e+01 4.92076790e-06 4.37660520e-06
7.53000000e+01 4.89462000e-06 4.35353027e-06
7.53500000e+01 4.86859343e-06 4.33058193e-06
7.54000000e+01 4.84268860e-06 4.30776120e-06
7.54500000e+01 4.81690637e-06 4.28506823e-06
7.55000000e+01 4.79124800e-06 4.26250327e-06
7.55500000e+01 4.76659120e-06 4.24104520e-06
7.56000000e+01 4.74119150e-06 4.21874150e-06
7.56500000e+01 4.71591757e-06 4.19656640e-06
7.57000000e+01 4.69077123e-06 4.17452007e-06
7.57500000e+01 4.66575307e-06 4.15260323e-06
7.58000000e+01 4.64086373e-06 4.13081457e-06
7.58500000e+01 4.61610420e-06 4.10915510e-06
7.59000000e+01 4.59147517e-06 4.08762527e-06
7.59500000e+01 4.56697683e-06 4.06622443e-06
7.60000000e+01 4.54260967e-06 4.04495277e-06
7.60500000e+01 4.51931160e-06 4.02481977e-06
7.61000000e+01 4.49521547e-06 4.00380943e-06
7.61500000e+01 4.47125227e-06 3.98292837e-06
7.62000000e+01 4.44742253e-06 3.96217607e-06
7.62500000e+01 4.42372620e-06 3.94155247e-06
7.63000000e+01 4.40016487e-06 3.92105720e-06
7.63500000e+01 4.37673723e-06 3.90069020e-06
7.64000000e+01 4.35344460e-06 3.88045140e-06
7.64500000e+01 4.33028673e-06 3.86034077e-06
7.65000000e+01 4.30726420e-06 3.84035727e-06
7.65500000e+01 4.28535800e-06 3.82153023e-06
7.66000000e+01 4.26261093e-06 3.80180377e-06
7.66500000e+01 4.23999930e-06 3.78220383e-06
7.67000000e+01 4.21752307e-06 3.76273050e-06
7.67500000e+01 4.19518313e-06 3.74338293e-06
7.68000000e+01 4.17297850e-06 3.72416103e-06
7.68500000e+01 4.15090940e-06 3.70506417e-06
7.69000000e+01 4.12897613e-06 3.68609273e-06
7.69500000e+01 4.10717807e-06 3.66724513e-06
7.70000000e+01 4.08551600e-06 3.64852190e-06
7.70500000e+01 4.06499953e-06 3.63095973e-06
7.71000000e+01 4.04361103e-06 3.61248430e-06
7.71500000e+01 4.02235703e-06 3.59413163e-06
7.72000000e+01 4.00123807e-06 3.57590057e-06
7.72500000e+01 4.00129493e-06 3.57924637e-06
7.73000000e+01 3.98050353e-06 3.56127967e-06
7.73500000e+01 3.95984373e-06 3.54343187e-06
7.74000000e+01 3.93931500e-06 3.52570243e-06
7.74500000e+01 3.91891780e-06 3.50809040e-06
7.75000000e+01 3.89865103e-06 3.49059587e-06
7.75500000e+01 3.87953080e-06 3.47424427e-06
7.76000000e+01 3.85952680e-06 3.45698363e-06
7.76500000e+01 3.83965253e-06 3.43983810e-06
7.77000000e+01 3.81990757e-06 3.42280753e-06
7.77500000e+01 3.80029150e-06 3.40589167e-06
7.78000000e+01 3.78080360e-06 3.38908943e-06
7.78500000e+01 3.76144353e-06 3.37240070e-06
7.79000000e+01 3.74221130e-06 3.35582417e-06
7.79500000e+01 3.72310587e-06 3.33935967e-06
7.80000000e+01 3.70515037e-06 3.32402683e-06
7.80500000e+01 3.68629877e-06 3.30778473e-06
7.81000000e+01 3.66757280e-06 3.29165267e-06
7.81500000e+01 3.64897210e-06 3.27563017e-06
7.82000000e+01 3.63049540e-06 3.25971650e-06
7.82500000e+01 3.61214287e-06 3.24391097e-06
7.83000000e+01 3.59391333e-06 3.22821337e-06
7.83500000e+01 3.57580677e-06 3.21262223e-06
7.84000000e+01 3.55782247e-06 3.19713743e-06
7.84500000e+01 3.53995960e-06 3.18175850e-06
7.85000000e+01 3.52324113e-06 3.16749267e-06
7.85500000e+01 3.50561993e-06 3.15232257e-06
7.86000000e+01 3.48811880e-06 3.13725570e-06
7.86500000e+01 3.47073620e-06 3.12229170e-06
7.87000000e+01 3.45347243e-06 3.10743027e-06
7.87500000e+01 3.43632600e-06 3.09267047e-06
7.88000000e+01 3.41929687e-06 3.07801123e-06
7.88500000e+01 3.40238447e-06 3.06345250e-06
7.89000000e+01 3.38558767e-06 3.04899330e-06
7.89500000e+01 3.36890577e-06 3.03463293e-06
7.90000000e+01 3.35335533e-06 3.02136320e-06
7.90500000e+01 3.33690207e-06 3.00719780e-06
7.91000000e+01 3.32056157e-06 2.99312913e-06
7.91500000e+01 3.30433327e-06 2.97915673e-06
7.92000000e+01 3.28821673e-06 2.96527993e-06
7.92500000e+01 3.27221120e-06 2.95149820e-06
7.93000000e+01 3.25631607e-06 2.93781010e-06
7.93500000e+01 3.24053053e-06 2.92421593e-06
7.94000000e+01 3.22485383e-06 2.91071443e-06
7.94500000e+01 3.21029040e-06 2.89827913e-06
7.95000000e+01 3.19482850e-06 2.88495977e-06
7.95500000e+01 3.17947367e-06 2.87173143e-06
7.96000000e+01 3.16422493e-06 2.85859343e-06
7.96500000e+01 3.14908127e-06 2.84554490e-06
7.97000000e+01 3.13404220e-06 2.83258537e-06
7.97500000e+01 3.11910700e-06 2.81971343e-06
7.98000000e+01 3.10427523e-06 2.80692947e-06
7.98500000e+01 3.11143003e-06 2.81533130e-06
7.99000000e+01 3.09678300e-06 2.80268907e-06
7.99500000e+01 3.08321563e-06 2.79107543e-06
8.00000000e+01 3.06876727e-06 2.77860077e-06
