-2.00000000e+01 2.99682613e-08 2.97554617e-08
-1.99500000e+01 3.00826433e-08 2.98677953e-08
-1.99000000e+01 3.01976980e-08 2.99807857e-08
-1.98500000e+01 3.03134343e-08 3.00944313e-08
-1.98000000e+01 3.04298600e-08 3.02087430e-08
-1.97500000e+01 3.05469750e-08 3.03237193e-08
-1.97000000e+01 3.06647913e-08 3.04393737e-08
-1.96500000e+01 3.07833077e-08 3.05557040e-08
-1.96000000e+01 3.09025337e-08 3.06727223e-08
-1.95500000e+01 3.10224780e-08 3.07904307e-08
-1.95000000e+01 3.11431427e-08 3.09088307e-08
-1.94500000e+01 3.12645360e-08 3.10279367e-08
-1.94000000e+01 3.13866573e-08 3.11477463e-08
-1.93500000e+01 3.15095223e-08 3.12682720e-08
-1.93000000e+01 3.16331333e-08 3.13895143e-08
-1.92500000e+01 3.17574953e-08 3.15114797e-08
-1.92000000e+01 3.18826137e-08 3.16341793e-08
-1.91500000e+01 3.20084957e-08 3.17576150e-08
-1.91000000e+01 3.21351527e-08 3.18817923e-08
-1.90500000e+01 3.22625867e-08 3.20067150e-08
-1.90000000e+01 3.23908037e-08 3.21323957e-08
-1.89500000e+01 3.25198073e-08 3.22588387e-08
-1.89000000e+01 3.26496117e-08 3.23860480e-08
-1.88500000e+01 3.27802217e-08 3.25140327e-08
-1.88000000e+01 3.29116417e-08 3.26427923e-08
-1.87500000e+01 3.30438807e-08 3.27723420e-08
-1.87000000e+01 3.31769397e-08 3.29026873e-08
-1.86500000e+01 3.33108343e-08 3.30338293e-08
-1.86000000e+01 3.34455697e-08 3.31657787e-08
-1.85500000e+01 3.35811500e-08 3.32985427e-08
-1.85000000e+01 3.37175840e-08 3.34321270e-08
-1.84500000e+01 3.38548757e-08 3.35665397e-08
-1.84000000e+01 3.39930417e-08 3.37017847e-08
-1.83500000e+01 3.41320840e-08 3.38378717e-08
-1.83000000e+01 3.42720063e-08 3.39748067e-08
-1.82500000e+01 3.44128220e-08 3.41126003e-08
-1.82000000e+01 3.45545363e-08 3.42512560e-08
-1.81500000e+01 3.46971613e-08 3.43907827e-08
-1.81000000e+01 3.48406987e-08 3.45311870e-08
-1.80500000e+01 3.49851627e-08 3.46724757e-08
-1.80000000e+01 3.51305547e-08 3.48146617e-08
-1.79500000e+01 3.52768897e-08 3.49577457e-08
-1.79000000e+01 3.54241743e-08 3.51017410e-08
-1.78500000e+01 3.55724133e-08 3.52466513e-08
-1.78000000e+01 3.57216187e-08 3.53924880e-08
-1.77500000e+01 3.58717970e-08 3.55392600e-08
-1.77000000e+01 3.60229623e-08 3.56869690e-08
-1.76500000e+01 3.61751163e-08 3.58356317e-08
-1.76000000e+01 3.63282750e-08 3.59852487e-08
-1.75500000e+01 3.64824423e-08 3.61358363e-08
-1.75000000e+01 3.66376260e-08 3.62873943e-08
-1.74500000e+01 3.67938430e-08 3.64399417e-08
-1.74000000e+01 3.69510947e-08 3.65934790e-08
-1.73500000e+01 3.71093960e-08 3.67480173e-08
-1.73000000e+01 3.72687527e-08 3.69035693e-08
-1.72500000e+01 3.74291790e-08 3.70601360e-08
-1.72000000e+01 3.75906837e-08 3.72177360e-08
-1.71500000e+01 3.77532703e-08 3.73763700e-08
-1.71000000e+01 3.79169590e-08 3.75360563e-08
-1.70500000e+01 3.80817507e-08 3.76967973e-08
-1.70000000e+01 3.82476647e-08 3.78586043e-08
-1.69500000e+01 3.84147033e-08 3.80214907e-08
-1.69000000e+01 3.85828837e-08 3.81854583e-08
-1.68500000e+01 3.87522153e-08 3.83505277e-08
-1.68000000e+01 3.89227020e-08 3.85166980e-08
-1.67500000e+01 3.90943660e-08 3.86839907e-08
-1.67000000e+01 3.92672073e-08 3.88524057e-08
-1.66500000e+01 3.94412480e-08 3.90219607e-08
-1.66000000e+01 3.96164900e-08 3.91926657e-08
-1.65500000e+01 3.97929527e-08 3.93645237e-08
-1.65000000e+01 3.99706430e-08 3.95375567e-08
-1.64500000e+01 4.01495730e-08 3.97117653e-08
-1.64000000e+01 4.03297593e-08 3.98871707e-08
-1.63500000e+01 4.05112050e-08 4.00637750e-08
-1.63000000e+01 4.06939337e-08 4.02415960e-08
-1.62500000e+01 4.08779483e-08 4.04206443e-08
-1.62000000e+01 4.10632677e-08 4.06009250e-08
-1.61500000e+01 4.12498997e-08 4.07824600e-08
-1.61000000e+01 4.14378627e-08 4.09652510e-08
-1.60500000e+01 4.16271690e-08 4.11493213e-08
-1.60000000e+01 4.18178237e-08 4.13346727e-08
-1.59500000e+01 4.20098527e-08 4.15213243e-08
-1.59000000e+01 4.22032590e-08 4.17092860e-08
-1.58500000e+01 4.23980640e-08 4.18985700e-08
-1.58000000e+01 4.25942757e-08 4.20891933e-08
-1.57500000e+01 4.27919140e-08 4.22811600e-08
-1.57000000e+01 4.29909923e-08 4.24744953e-08
-1.56500000e+01 4.31915177e-08 4.26692007e-08
-1.56000000e+01 4.33935157e-08 4.28653007e-08
-1.55500000e+01 4.35969930e-08 4.30628010e-08
-1.55000000e+01 4.38019700e-08 4.32617173e-08
-1.54500000e+01 4.40084573e-08 4.34620683e-08
-1.54000000e+01 4.42164763e-08 4.36638587e-08
-1.53500000e+01 4.44260413e-08 4.38671143e-08
-1.53000000e+01 4.46371607e-08 4.40718383e-08
-1.52500000e+01 4.48498623e-08 4.42780573e-08
-1.52000000e+01 4.50641507e-08 4.44857760e-08
-1.51500000e+01 4.52800550e-08 4.46950163e-08
-1.51000000e+01 4.54975817e-08 4.49057927e-08
-1.50500000e+01 4.57167540e-08 4.51181140e-08
-1.50000000e+01 4.59375897e-08 4.53320067e-08
-1.49500000e+01 4.61600967e-08 4.55474757e-08
-1.49000000e+01 4.63843070e-08 4.57645487e-08
-1.48500000e+01 4.66102247e-08 4.59832320e-08
-1.48000000e+01 4.68378813e-08 4.62035493e-08
-1.47500000e+01 4.70672850e-08 4.64255170e-08
-1.47000000e+01 4.72984613e-08 4.66491430e-08
-1.46500000e+01 4.75314260e-08 4.68744580e-08
-1.46000000e+01 4.77661973e-08 4.71014670e-08
-1.45500000e+01 4.80028010e-08 4.73302007e-08
-1.45000000e+01 4.82412457e-08 4.75606657e-08
-1.44500000e+01 4.84815657e-08 4.77928877e-08
-1.44000000e+01 4.87237687e-08 4.80268840e-08
-1.43500000e+01 4.89678847e-08 4.82626657e-08
-1.43000000e+01 4.92139273e-08 4.85002647e-08
-1.42500000e+01 4.94619257e-08 4.87396870e-08
-1.42000000e+01 4.97118993e-08 4.89809667e-08
-1.41500000e+01 4.99638610e-08 4.92241073e-08
-1.41000000e+01 5.02178477e-08 4.94691463e-08
-1.40500000e+01 5.04738693e-08 4.97160910e-08
-1.40000000e+01 5.07319580e-08 4.99649663e-08
-1.39500000e+01 5.09921300e-08 5.02157970e-08
-1.39000000e+01 5.12544153e-08 5.04685940e-08
-1.38500000e+01 5.15188380e-08 5.07233927e-08
-1.38000000e+01 5.17854110e-08 5.09802007e-08
-1.37500000e+01 5.20541750e-08 5.12390553e-08
-1.37000000e+01 5.23251397e-08 5.14999673e-08
-1.36500000e+01 5.25983467e-08 5.17629630e-08
-1.36000000e+01 5.28738073e-08 5.20280703e-08
-1.35500000e+01 5.31515580e-08 5.22953017e-08
-1.35000000e+01 5.34316233e-08 5.25646947e-08
-1.34500000e+01 5.37140207e-08 5.28362590e-08
-1.34000000e+01 5.39987930e-08 5.31100357e-08
-1.33500000e+01 5.42859527e-08 5.33860350e-08
-1.33000000e+01 5.45755440e-08 5.36642917e-08
-1.32500000e+01 5.48675810e-08 5.39448300e-08
-1.32000000e+01 5.51621040e-08 5.42276663e-08
-1.31500000e+01 5.54591370e-08 5.45128427e-08
-1.31000000e+01 5.57587090e-08 5.48003700e-08
-1.30500000e+01 5.60608590e-08 5.50902923e-08
-1.30000000e+01 5.63656023e-08 5.53826220e-08
-1.29500000e+01 5.66729890e-08 5.56773977e-08
-1.29000000e+01 5.69830360e-08 5.59746460e-08
-1.28500000e+01 5.72957863e-08 5.62743860e-08
-1.28000000e+01 5.76112650e-08 5.65766633e-08
-1.27500000e+01 5.79295137e-08 5.68814910e-08
-1.27000000e+01 5.82505657e-08 5.71889170e-08
-1.26500000e+01 5.85744427e-08 5.74989553e-08
-1.26000000e+01 5.89011997e-08 5.78116497e-08
-1.25500000e+01 5.92308553e-08 5.81270247e-08
-1.25000000e+01 5.95634587e-08 5.84451147e-08
-1.24500000e+01 5.98990373e-08 5.87659570e-08
-1.24000000e+01 6.02376373e-08 5.90895720e-08
-1.23500000e+01 6.05792970e-08 5.94160117e-08
-1.23000000e+01 6.09240410e-08 5.97452900e-08
-1.22500000e+01 6.12719297e-08 6.00774633e-08
-1.22000000e+01 6.16229850e-08 6.04125517e-08
-1.21500000e+01 6.19772610e-08 6.07505947e-08
-1.21000000e+01 6.23347903e-08 6.10916353e-08
-1.20500000e+01 6.26956237e-08 6.14356963e-08
-1.20000000e+01 6.30598030e-08 6.17828347e-08
-1.19500000e+01 6.34273590e-08 6.21330680e-08
-1.19000000e+01 6.37983567e-08 6.24864573e-08
-1.18500000e+01 6.41728203e-08 6.28430233e-08
-1.18000000e+01 6.45508180e-08 6.32028190e-08
-1.17500000e+01 6.49323777e-08 6.35658833e-08
-1.17000000e+01 6.53175603e-08 6.39322457e-08
-1.16500000e+01 6.57064130e-08 6.43019683e-08
-1.16000000e+01 6.60989693e-08 6.46750733e-08
-1.15500000e+01 6.64953047e-08 6.50516273e-08
-1.15000000e+01 6.68954467e-08 6.54316547e-08
-1.14500000e+01 6.72994697e-08 6.58152143e-08
-1.14000000e+01 6.77074070e-08 6.62023500e-08
-1.13500000e+01 6.81193280e-08 6.65930953e-08
-1.13000000e+01 6.85352800e-08 6.69875200e-08
-1.12500000e+01 6.89553173e-08 6.73856500e-08
-1.12000000e+01 6.93795090e-08 6.77875583e-08
-1.11500000e+01 6.98078930e-08 6.81932743e-08
-1.11000000e+01 7.02405517e-08 6.86028633e-08
-1.10500000e+01 7.06775257e-08 6.90163750e-08
-1.10000000e+01 7.11188910e-08 6.94338487e-08
-1.09500000e+01 7.15646987e-08 6.98553607e-08
-1.09000000e+01 7.20150247e-08 7.02809427e-08
-1.08500000e+01 7.24699323e-08 7.07106757e-08
-1.08000000e+01 7.29294703e-08 7.11445893e-08
-1.07500000e+01 7.33937317e-08 7.15827697e-08
-1.07000000e+01 7.38627643e-08 7.20252553e-08
-1.06500000e+01 7.43366543e-08 7.24721123e-08
-1.06000000e+01 7.48154600e-08 7.29234097e-08
-1.05500000e+01 7.52992677e-08 7.33791900e-08
-1.05000000e+01 7.57881493e-08 7.38395427e-08
-1.04500000e+01 7.62821633e-08 7.43045060e-08
-1.04000000e+01 7.67814143e-08 7.47741733e-08
-1.03500000e+01 7.72859537e-08 7.52485907e-08
-1.03000000e+01 7.77958903e-08 7.57278330e-08
-1.02500000e+01 7.83112817e-08 7.62119783e-08
-1.02000000e+01 7.88322297e-08 7.67010770e-08
-1.01500000e+01 7.93588173e-08 7.71952287e-08
-1.01000000e+01 7.98911127e-08 7.76944790e-08
-1.00500000e+01 8.04292333e-08 7.81989330e-08
-1.00000000e+01 8.09732427e-08 7.87086403e-08
-9.95000000e+00 8.15232627e-08 7.92236990e-08
-9.90000000e+00 8.20793617e-08 7.97441850e-08
-9.85000000e+00 8.26416560e-08 8.02701627e-08
-9.80000000e+00 8.32102353e-08 8.08017403e-08
-9.75000000e+00 8.37851977e-08 8.13389767e-08
-9.70000000e+00 8.43666620e-08 8.18819890e-08
-9.65000000e+00 8.49547060e-08 8.24308370e-08
-9.60000000e+00 8.55494697e-08 8.29856333e-08
-9.55000000e+00 8.61510357e-08 8.35464577e-08
-9.50000000e+00 8.67595363e-08 8.41133923e-08
-9.45000000e+00 8.73750703e-08 8.46865637e-08
-9.40000000e+00 8.79977713e-08 8.52660337e-08
-9.35000000e+00 8.86277567e-08 8.58519377e-08
-9.30000000e+00 8.92651280e-08 8.64443480e-08
-9.25000000e+00 8.99100410e-08 8.70433890e-08
-9.20000000e+00 9.05625980e-08 8.76491543e-08
-9.15000000e+00 9.12229527e-08 8.82617593e-08
-9.10000000e+00 9.18912163e-08 8.88813173e-08
-9.05000000e+00 9.25675500e-08 8.95079230e-08
-9.00000000e+00 9.32520897e-08 9.01417213e-08
-8.95000000e+00 9.39449533e-08 9.07827967e-08
-8.90000000e+00 9.46463290e-08 9.14313100e-08
-8.85000000e+00 9.53563287e-08 9.20873530e-08
-8.80000000e+00 9.60751300e-08 9.27510627e-08
-8.75000000e+00 9.68028823e-08 9.34225750e-08
-8.70000000e+00 9.75397597e-08 9.41019990e-08
-8.65000000e+00 9.82859193e-08 9.47895030e-08
-8.60000000e+00 9.90415140e-08 9.54851897e-08
-8.55000000e+00 9.98067527e-08 9.61892393e-08
-8.50000000e+00 1.00581774e-07 9.69017597e-08
-8.45000000e+00 1.01366796e-07 9.76229250e-08
-8.40000000e+00 1.02161982e-07 9.83528810e-08
-8.35000000e+00 1.02967539e-07 9.90917610e-08
-8.30000000e+00 1.03783659e-07 9.98397597e-08
-8.25000000e+00 1.04610535e-07 1.00597004e-07
-8.20000000e+00 1.05448394e-07 1.01363697e-07
-8.15000000e+00 1.06297413e-07 1.02139970e-07
-8.10000000e+00 1.07157852e-07 1.02926032e-07
-8.05000000e+00 1.08029900e-07 1.03722050e-07
-8.00000000e+00 1.08913811e-07 1.04528182e-07
-7.95000000e+00 1.09809804e-07 1.05344663e-07
-7.90000000e+00 1.10718119e-07 1.06171637e-07
-7.85000000e+00 1.11639032e-07 1.07009350e-07
-7.80000000e+00 1.12572751e-07 1.07857958e-07
-7.75000000e+00 1.13519584e-07 1.08717704e-07
-7.70000000e+00 1.14479761e-07 1.09588791e-07
-7.65000000e+00 1.15453590e-07 1.10471411e-07
-7.60000000e+00 1.16441326e-07 1.11365833e-07
-7.55000000e+00 1.17443292e-07 1.12272241e-07
-7.50000000e+00 1.18459776e-07 1.13190919e-07
-7.45000000e+00 1.19491059e-07 1.14122056e-07
-7.40000000e+00 1.20537504e-07 1.15065959e-07
-7.35000000e+00 1.21599395e-07 1.16022839e-07
-7.30000000e+00 1.22677101e-07 1.16992970e-07
-7.25000000e+00 1.23770944e-07 1.17976640e-07
-7.20000000e+00 1.24881302e-07 1.18974086e-07
-7.15000000e+00 1.26008540e-07 1.19985645e-07
-7.10000000e+00 1.27152992e-07 1.21011548e-07
-7.05000000e+00 1.28315111e-07 1.22052165e-07
-7.00000000e+00 1.29495235e-07 1.23107753e-07
-6.95000000e+00 1.30693836e-07 1.24178648e-07
-6.90000000e+00 1.31911293e-07 1.25265187e-07
-6.85000000e+00 1.33148074e-07 1.26367672e-07
-6.80000000e+00 1.34404632e-07 1.27486507e-07
-6.75000000e+00 1.35681392e-07 1.28621990e-07
-6.70000000e+00 1.36978894e-07 1.29774543e-07
-6.65000000e+00 1.38297570e-07 1.30944493e-07
-6.60000000e+00 1.39638004e-07 1.32132277e-07
-6.55000000e+00 1.41000667e-07 1.33338280e-07
-6.50000000e+00 1.42386147e-07 1.34562883e-07
-6.45000000e+00 1.43794987e-07 1.35806577e-07
-6.40000000e+00 1.45227767e-07 1.37069733e-07
-6.35000000e+00 1.46685120e-07 1.38352887e-07
-6.30000000e+00 1.48167617e-07 1.39656427e-07
-6.25000000e+00 1.49675967e-07 1.40980897e-07
-6.20000000e+00 1.51210780e-07 1.42326783e-07
-6.15000000e+00 1.52772793e-07 1.43694560e-07
-6.10000000e+00 1.54362693e-07 1.45084827e-07
-6.05000000e+00 1.55981227e-07 1.46498070e-07
-6.00000000e+00 1.57629180e-07 1.47934933e-07
-5.95000000e+00 1.59307310e-07 1.49395937e-07
-5.90000000e+00 1.61016477e-07 1.50881733e-07
-5.85000000e+00 1.62757523e-07 1.52392933e-07
-5.80000000e+00 1.64531320e-07 1.53930197e-07
-5.75000000e+00 1.66338803e-07 1.55494200e-07
-5.70000000e+00 1.68180913e-07 1.57085627e-07
-5.65000000e+00 1.70058667e-07 1.58705247e-07
-5.60000000e+00 1.71973053e-07 1.60353743e-07
-5.55000000e+00 1.73925170e-07 1.62031953e-07
-5.50000000e+00 1.75916130e-07 1.63740663e-07
-5.45000000e+00 1.77947057e-07 1.65480687e-07
-5.40000000e+00 1.80019173e-07 1.67252930e-07
-5.35000000e+00 1.82133720e-07 1.69058263e-07
-5.30000000e+00 1.84292023e-07 1.70897660e-07
-5.25000000e+00 1.86495377e-07 1.72772060e-07
-5.20000000e+00 1.88745263e-07 1.74682507e-07
-5.15000000e+00 1.91043083e-07 1.76630010e-07
-5.10000000e+00 1.93390447e-07 1.78615690e-07
-5.05000000e+00 1.95788880e-07 1.80640683e-07
-5.00000000e+00 1.98240077e-07 1.82706170e-07
-4.95000000e+00 2.00745790e-07 1.84813380e-07
-4.90000000e+00 2.03307793e-07 1.86963620e-07
-4.85000000e+00 2.05928037e-07 1.89158213e-07
-4.80000000e+00 2.08608467e-07 1.91398530e-07
-4.75000000e+00 2.11351223e-07 1.93686090e-07
-4.70000000e+00 2.14158410e-07 1.96022363e-07
-4.65000000e+00 2.17032307e-07 1.98408970e-07
-4.60000000e+00 2.19975323e-07 2.00847550e-07
-4.55000000e+00 2.22989927e-07 2.03339853e-07
-4.50000000e+00 2.26078770e-07 2.05887717e-07
-4.45000000e+00 2.29244560e-07 2.08492980e-07
-4.40000000e+00 2.32490227e-07 2.11157700e-07
-4.35000000e+00 2.35818777e-07 2.13883923e-07
-4.30000000e+00 2.39233360e-07 2.16673843e-07
-4.25000000e+00 2.42737353e-07 2.19529767e-07
-4.20000000e+00 2.46334243e-07 2.22454100e-07
-4.15000000e+00 2.50027773e-07 2.25449370e-07
-4.10000000e+00 2.53821810e-07 2.28518207e-07
-4.05000000e+00 2.57720503e-07 2.31663433e-07
-4.00000000e+00 2.61728200e-07 2.34887983e-07
-3.95000000e+00 2.65849423e-07 2.38194953e-07
-3.90000000e+00 2.70089030e-07 2.41587603e-07
-3.85000000e+00 2.74452133e-07 2.45069370e-07
-3.80000000e+00 2.78944157e-07 2.48643887e-07
-3.75000000e+00 2.83570800e-07 2.52314990e-07
-3.70000000e+00 2.88338140e-07 2.56086713e-07
-3.65000000e+00 2.93252600e-07 2.59963343e-07
-3.60000000e+00 2.98321023e-07 2.63949440e-07
-3.55000000e+00 3.03550610e-07 2.68049763e-07
-3.50000000e+00 3.08949043e-07 2.72269440e-07
-3.45000000e+00 3.14524543e-07 2.76613853e-07
-3.40000000e+00 3.20285773e-07 2.81088753e-07
-3.35000000e+00 3.26242050e-07 2.85700207e-07
-3.30000000e+00 3.32403247e-07 2.90454727e-07
-3.25000000e+00 3.38779983e-07 2.95359227e-07
-3.20000000e+00 3.45383473e-07 3.00421067e-07
-3.15000000e+00 3.52225787e-07 3.05648107e-07
-3.10000000e+00 3.59319860e-07 3.11048730e-07
-3.05000000e+00 3.66679547e-07 3.16631953e-07
-3.00000000e+00 3.74319680e-07 3.22407330e-07
-2.95000000e+00 3.82256223e-07 3.28385187e-07
-2.90000000e+00 3.90506397e-07 3.34576577e-07
-2.85000000e+00 3.99088537e-07 3.40993397e-07
-2.80000000e+00 4.08022630e-07 3.47648363e-07
-2.75000000e+00 4.17330097e-07 3.54555260e-07
-2.70000000e+00 4.27034167e-07 3.61728900e-07
-2.65000000e+00 4.37159897e-07 3.69185300e-07
-2.60000000e+00 4.47734507e-07 3.76941713e-07
-2.55000000e+00 4.58787483e-07 3.85016917e-07
-2.50000000e+00 4.70350893e-07 3.93431227e-07
-2.45000000e+00 4.82459507e-07 4.02206693e-07
-2.40000000e+00 4.95151263e-07 4.11367277e-07
-2.35000000e+00 5.08467607e-07 4.20939107e-07
-2.30000000e+00 5.22453840e-07 4.30950733e-07
-2.25000000e+00 5.37159450e-07 4.41433207e-07
-2.20000000e+00 5.52638777e-07 4.52420690e-07
-2.15000000e+00 5.68951597e-07 4.63950573e-07
-2.10000000e+00 5.86163417e-07 4.76063957e-07
-2.05000000e+00 6.04346590e-07 4.88805987e-07
-2.00000000e+00 6.23581067e-07 5.02226617e-07
-1.95000000e+00 6.43955323e-07 5.16380903e-07
-1.90000000e+00 6.65567320e-07 5.31329927e-07
-1.85000000e+00 6.88526080e-07 5.47141343e-07
-1.80000000e+00 7.12952813e-07 5.63890463e-07
-1.75000000e+00 7.38982920e-07 5.81661297e-07
-1.70000000e+00 7.66767570e-07 6.00547560e-07
-1.65000000e+00 7.96476170e-07 6.20654140e-07
-1.60000000e+00 8.28299157e-07 6.42098863e-07
-1.55000000e+00 8.62450947e-07 6.65014207e-07
-1.50000000e+00 8.99173273e-07 6.89549430e-07
-1.45000000e+00 9.38739507e-07 7.15873417e-07
-1.40000000e+00 9.81459973e-07 7.44177307e-07
-1.35000000e+00 1.02768648e-06 7.74678250e-07
-1.30000000e+00 1.07781972e-06 8.07622880e-07
-1.25000000e+00 1.13231713e-06 8.43292830e-07
-1.20000000e+00 1.19170161e-06 8.82009513e-07
-1.15000000e+00 1.25657116e-06 9.24140640e-07
-1.10000000e+00 1.32761178e-06 9.70106977e-07
-1.05000000e+00 1.40560989e-06 1.02039060e-06
-1.00000000e+00 1.49146825e-06 1.07554368e-06
-9.50000000e-01 1.58622039e-06 1.13619702e-06
-9.00000000e-01 1.69104822e-06 1.20306931e-06
-8.50000000e-01 1.80729861e-06 1.27697596e-06
-8.00000000e-01 1.93649577e-06 1.35883314e-06
-7.50000000e-01 2.08034614e-06 1.44965771e-06
-7.00000000e-01 2.24073280e-06 1.55055673e-06
-6.50000000e-01 2.41968599e-06 1.66269960e-06
-6.00000000e-01 2.61931406e-06 1.78726330e-06
-5.50000000e-01 2.84167980e-06 1.92533777e-06
-5.00000000e-01 3.08859744e-06 2.07777963e-06
-4.50000000e-01 3.36131263e-06 2.24499300e-06
-4.00000000e-01 3.66004827e-06 2.42663910e-06
-3.50000000e-01 3.98342477e-06 2.62129000e-06
-3.00000000e-01 4.32779453e-06 2.82609250e-06
-2.50000000e-01 4.68665363e-06 3.03656340e-06
-2.00000000e-01 5.05036093e-06 3.24667507e-06
-1.50000000e-01 5.40649387e-06 3.44940543e-06
-1.00000000e-01 5.74102463e-06 3.63771033e-06
-5.00000000e-02 6.04018940e-06 3.80568490e-06
0.00000000e+00 6.29251600e-06 3.94943357e-06
5.00000000e-02 6.49025240e-06 4.06725163e-06
1.00000000e-01 6.62975073e-06 4.15909127e-06
1.50000000e-01 6.71096377e-06 4.22573937e-06
2.00000000e-01 6.73666370e-06 4.26825763e-06
2.50000000e-01 6.71180407e-06 4.28797107e-06
3.00000000e-01 6.64305207e-06 4.28683487e-06
3.50000000e-01 6.53825707e-06 4.26777127e-06
4.00000000e-01 6.40573723e-06 4.23464197e-06
4.50000000e-01 6.25351503e-06 4.19180087e-06
5.00000000e-01 6.08871330e-06 4.14344947e-06
5.50000000e-01 5.91725780e-06 4.09308503e-06
6.00000000e-01 5.74389903e-06 4.04321600e-06
6.50000000e-01 5.57239293e-06 3.99535990e-06
7.00000000e-01 5.40569373e-06 3.95018190e-06
7.50000000e-01 5.24600400e-06 3.90763557e-06
8.00000000e-01 5.09472667e-06 3.86708790e-06
8.50000000e-01 4.95244820e-06 3.82748313e-06
9.00000000e-01 4.81905807e-06 3.78760243e-06
9.50000000e-01 4.69399017e-06 3.74637980e-06
1.00000000e+00 4.57645143e-06 3.70315037e-06
1.05000000e+00 4.46555030e-06 3.65771643e-06
1.10000000e+00 4.36027363e-06 3.61016047e-06
1.15000000e+00 4.25937370e-06 3.56051693e-06
1.20000000e+00 4.16129873e-06 3.50847010e-06
1.25000000e+00 4.06425957e-06 3.45328247e-06
1.30000000e+00 3.96649057e-06 3.39402337e-06
1.35000000e+00 3.86663717e-06 3.33002390e-06
1.40000000e+00 3.76418120e-06 3.26135813e-06
1.45000000e+00 3.65974587e-06 3.18911277e-06
1.50000000e+00 3.55514917e-06 3.11533873e-06
1.55000000e+00 3.45317910e-06 3.04272293e-06
1.60000000e+00 3.35714957e-06 2.97413587e-06
1.65000000e+00 3.27040840e-06 2.91223357e-06
1.70000000e+00 3.19594053e-06 2.85921083e-06
1.75000000e+00 3.13614910e-06 2.81672560e-06
1.80000000e+00 3.09279467e-06 2.78594470e-06
1.85000000e+00 3.06702513e-06 2.76763670e-06
1.90000000e+00 3.05942343e-06 2.76224710e-06
1.95000000e+00 3.07002283e-06 2.76990853e-06
2.00000000e+00 3.09825493e-06 2.79038617e-06
2.05000000e+00 3.14284960e-06 2.82299550e-06
2.10000000e+00 3.20172653e-06 2.86655300e-06
2.15000000e+00 3.27195930e-06 2.91941950e-06
2.20000000e+00 3.34988253e-06 2.97967133e-06
2.25000000e+00 3.43140157e-06 3.04538827e-06
2.30000000e+00 3.51247720e-06 3.11497973e-06
2.35000000e+00 3.58964270e-06 3.18743737e-06
2.40000000e+00 3.66036820e-06 3.26240933e-06
2.45000000e+00 3.72314563e-06 3.34007883e-06
2.50000000e+00 3.77734730e-06 3.42093497e-06
2.55000000e+00 3.82302487e-06 3.50558110e-06
2.60000000e+00 3.86081357e-06 3.59467763e-06
2.65000000e+00 3.89193750e-06 3.68900420e-06
2.70000000e+00 3.91820217e-06 3.78954450e-06
2.75000000e+00 3.94186443e-06 3.89750770e-06
2.80000000e+00 3.96541723e-06 4.01425487e-06
2.85000000e+00 3.99138687e-06 4.14116443e-06
2.90000000e+00 4.02221310e-06 4.27945873e-06
2.95000000e+00 4.06017033e-06 4.42999857e-06
3.00000000e+00 4.10725513e-06 4.59307827e-06
3.05000000e+00 4.16500413e-06 4.76829933e-06
3.10000000e+00 4.23430413e-06 4.95466990e-06
3.15000000e+00 4.31529123e-06 5.15097800e-06
3.20000000e+00 4.40740203e-06 5.35635560e-06
3.25000000e+00 4.50955050e-06 5.57076940e-06
3.30000000e+00 4.62034913e-06 5.79517730e-06
3.35000000e+00 4.73831697e-06 6.03125447e-06
3.40000000e+00 4.86203723e-06 6.28086373e-06
3.45000000e+00 4.99027580e-06 6.54554550e-06
3.50000000e+00 5.12204340e-06 6.82621920e-06
3.55000000e+00 5.25663473e-06 7.12306330e-06
3.60000000e+00 5.39367503e-06 7.43541770e-06
3.65000000e+00 5.53318880e-06 7.76160840e-06
3.70000000e+00 5.67567800e-06 8.09874627e-06
3.75000000e+00 5.82216870e-06 8.44267633e-06
3.80000000e+00 5.97417887e-06 8.78821060e-06
3.85000000e+00 6.13358017e-06 9.12969747e-06
3.90000000e+00 6.30234883e-06 9.46174877e-06
3.95000000e+00 6.48222260e-06 9.77992157e-06
4.00000000e+00 6.67431670e-06 1.00810487e-05
4.05000000e+00 6.87870527e-06 1.03630137e-05
4.10000000e+00 7.09404507e-06 1.06239681e-05
4.15000000e+00 7.31729447e-06 1.08614218e-05
4.20000000e+00 7.54373400e-06 1.10718341e-05
4.25000000e+00 7.76742753e-06 1.12511492e-05
4.30000000e+00 7.98221360e-06 1.13960829e-05
4.35000000e+00 8.18300813e-06 1.15054189e-05
4.40000000e+00 8.36696190e-06 1.15805248e-05
4.45000000e+00 8.53399940e-06 1.16248284e-05
4.50000000e+00 8.68650567e-06 1.16426858e-05
4.55000000e+00 8.82832513e-06 1.16383922e-05
4.60000000e+00 8.96350187e-06 1.16158617e-05
4.65000000e+00 9.09525527e-06 1.15790286e-05
4.70000000e+00 9.22546700e-06 1.15325429e-05
4.75000000e+00 9.35475720e-06 1.14822014e-05
4.80000000e+00 9.48292860e-06 1.14347313e-05
4.85000000e+00 9.60951963e-06 1.13969279e-05
4.90000000e+00 9.73420163e-06 1.13744729e-05
4.95000000e+00 9.85689220e-06 1.13708583e-05
5.00000000e+00 9.97759487e-06 1.13867245e-05
5.05000000e+00 1.00960607e-05 1.14197512e-05
5.10000000e+00 1.02113866e-05 1.14650401e-05
5.15000000e+00 1.03216695e-05 1.15159052e-05
5.20000000e+00 1.04238817e-05 1.15648572e-05
5.25000000e+00 1.05141028e-05 1.16046023e-05
5.30000000e+00 1.05882114e-05 1.16289226e-05
5.35000000e+00 1.06429140e-05 1.16333650e-05
5.40000000e+00 1.06767868e-05 1.16157985e-05
5.45000000e+00 1.06909252e-05 1.15768045e-05
5.50000000e+00 1.06888840e-05 1.15197787e-05
5.55000000e+00 1.06759352e-05 1.14505351e-05
5.60000000e+00 1.06579508e-05 1.13763307e-05
5.65000000e+00 1.06403810e-05 1.13044510e-05
5.70000000e+00 1.06276376e-05 1.12407590e-05
5.75000000e+00 1.06229452e-05 1.11886333e-05
5.80000000e+00 1.06285208e-05 1.11485873e-05
5.85000000e+00 1.06458976e-05 1.11186082e-05
5.90000000e+00 1.06762098e-05 1.10950249e-05
5.95000000e+00 1.07202887e-05 1.10736411e-05
6.00000000e+00 1.07785175e-05 1.10508268e-05
6.05000000e+00 1.08504742e-05 1.10243642e-05
6.10000000e+00 1.09345134e-05 1.09938993e-05
6.15000000e+00 1.10274903e-05 1.09609642e-05
6.20000000e+00 1.11247819e-05 1.09285681e-05
6.25000000e+00 1.12206197e-05 1.09004581e-05
6.30000000e+00 1.13086244e-05 1.08802091e-05
6.35000000e+00 1.13824438e-05 1.08703844e-05
6.40000000e+00 1.14364511e-05 1.08719825e-05
6.45000000e+00 1.14664278e-05 1.08842866e-05
6.50000000e+00 1.14701009e-05 1.09050536e-05
6.55000000e+00 1.14472910e-05 1.09309188e-05
6.60000000e+00 1.13996151e-05 1.09578611e-05
6.65000000e+00 1.13298864e-05 1.09817094e-05
6.70000000e+00 1.12416019e-05 1.09986764e-05
6.75000000e+00 1.11387675e-05 1.10059352e-05
6.80000000e+00 1.10260228e-05 1.10020864e-05
6.85000000e+00 1.09086973e-05 1.09873579e-05
6.90000000e+00 1.07924829e-05 1.09633850e-05
6.95000000e+00 1.06826862e-05 1.09326263e-05
7.00000000e+00 1.05833373e-05 1.08976362e-05
7.05000000e+00 1.04965633e-05 1.08604723e-05
7.10000000e+00 1.04224250e-05 1.08224103e-05
7.15000000e+00 1.03592314e-05 1.07839853e-05
7.20000000e+00 1.03041059e-05 1.07451917e-05
7.25000000e+00 1.02536087e-05 1.07057047e-05
7.30000000e+00 1.02042602e-05 1.06650147e-05
7.35000000e+00 1.01529188e-05 1.06224982e-05
7.40000000e+00 1.00970069e-05 1.05774883e-05
7.45000000e+00 1.00346305e-05 1.05293953e-05
7.50000000e+00 9.96466527e-06 1.04778709e-05
7.55000000e+00 9.88686617e-06 1.04229539e-05
7.60000000e+00 9.80200557e-06 1.03651619e-05
7.65000000e+00 9.71193130e-06 1.03054824e-05
7.70000000e+00 9.61942380e-06 1.02452862e-05
7.75000000e+00 9.52781863e-06 1.01861665e-05
7.80000000e+00 9.44050300e-06 1.01297260e-05
7.85000000e+00 9.36048253e-06 1.00773173e-05
7.90000000e+00 9.29016323e-06 1.00297516e-05
7.95000000e+00 9.23134523e-06 9.98703000e-06
8.00000000e+00 9.18531663e-06 9.94819367e-06
8.05000000e+00 9.15289907e-06 9.91139787e-06
8.10000000e+00 9.13438503e-06 9.87425947e-06
8.15000000e+00 9.12940077e-06 9.83442763e-06
8.20000000e+00 9.13678570e-06 9.79021347e-06
8.25000000e+00 9.15455147e-06 9.74107583e-06
8.30000000e+00 9.17993497e-06 9.68779880e-06
8.35000000e+00 9.20954010e-06 9.63233710e-06
8.40000000e+00 9.23957380e-06 9.57742527e-06
8.45000000e+00 9.26621917e-06 9.52610530e-06
8.50000000e+00 9.28615970e-06 9.48128243e-06
8.55000000e+00 9.29717933e-06 9.44535683e-06
8.60000000e+00 9.29865853e-06 9.41993627e-06
8.65000000e+00 9.29176270e-06 9.40565143e-06
8.70000000e+00 9.27922160e-06 9.40212313e-06
8.75000000e+00 9.26475327e-06 9.40811987e-06
8.80000000e+00 9.25232567e-06 9.42189490e-06
8.85000000e+00 9.24545553e-06 9.44161260e-06
8.90000000e+00 9.24669650e-06 9.46573227e-06
8.95000000e+00 9.25735267e-06 9.49324510e-06
9.00000000e+00 9.27742207e-06 9.52371887e-06
9.05000000e+00 9.30572307e-06 9.55717240e-06
9.10000000e+00 9.34018527e-06 9.59384707e-06
9.15000000e+00 9.37824673e-06 9.63395657e-06
9.20000000e+00 9.41729130e-06 9.67748717e-06
9.25000000e+00 9.45503443e-06 9.72411383e-06
9.30000000e+00 9.48978000e-06 9.77325593e-06
9.35000000e+00 9.52049300e-06 9.82424380e-06
9.40000000e+00 9.54671020e-06 9.87652700e-06
9.45000000e+00 9.56836520e-06 9.92984570e-06
9.50000000e+00 9.58564823e-06 9.98431013e-06
9.55000000e+00 9.59899937e-06 1.00403785e-05
9.60000000e+00 9.60924227e-06 1.00987382e-05
9.65000000e+00 9.61774700e-06 1.01600981e-05
9.70000000e+00 9.62643937e-06 1.02249104e-05
9.75000000e+00 9.63751693e-06 1.02930691e-05
9.80000000e+00 9.65290733e-06 1.03636922e-05
9.85000000e+00 9.67367353e-06 1.04350881e-05
9.90000000e+00 9.69964443e-06 1.05049695e-05
9.95000000e+00 9.72945930e-06 1.05708557e-05
1.00000000e+01 9.76102693e-06 1.06305383e-05
1.00500000e+01 9.79220507e-06 1.06824538e-05
1.01000000e+01 9.82143590e-06 1.07258819e-05
1.01500000e+01 9.84810913e-06 1.07609701e-05
1.02000000e+01 9.87260227e-06 1.07886539e-05
1.02500000e+01 9.89607783e-06 1.08105074e-05
1.03000000e+01 9.92019660e-06 1.08285319e-05
1.03500000e+01 9.94685207e-06 1.08448560e-05
1.04000000e+01 9.97793850e-06 1.08613742e-05
1.04500000e+01 1.00150905e-05 1.08793997e-05
1.05000000e+01 1.00593405e-05 1.08994468e-05
1.05500000e+01 1.01107289e-05 1.09212003e-05
1.06000000e+01 1.01679865e-05 1.09436681e-05
1.06500000e+01 1.02284534e-05 1.09654196e-05
1.07000000e+01 1.02883319e-05 1.09847786e-05
1.07500000e+01 1.03432532e-05 1.09998975e-05
1.08000000e+01 1.03889881e-05 1.10087120e-05
1.08500000e+01 1.04220720e-05 1.10088658e-05
1.09000000e+01 1.04401507e-05 1.09977404e-05
1.09500000e+01 1.04420187e-05 1.09726615e-05
1.10000000e+01 1.04274179e-05 1.09312711e-05
1.10500000e+01 1.03967692e-05 1.08719525e-05
1.11000000e+01 1.03509223e-05 1.07941531e-05
1.11500000e+01 1.02909936e-05 1.06985324e-05
1.12000000e+01 1.02182879e-05 1.05869292e-05
1.12500000e+01 1.01342930e-05 1.04621930e-05
1.13000000e+01 1.00407153e-05 1.03279127e-05
1.13500000e+01 9.93950473e-06 1.01880382e-05
1.14000000e+01 9.83282260e-06 1.00464119e-05
1.14500000e+01 9.72290543e-06 9.90630943e-06
1.15000000e+01 9.61183793e-06 9.77009687e-06
1.15500000e+01 9.50128050e-06 9.63913167e-06
1.16000000e+01 9.39222607e-06 9.51390360e-06
1.16500000e+01 9.28487557e-06 9.39435163e-06
1.17000000e+01 9.17868670e-06 9.28020623e-06
1.17500000e+01 9.07263627e-06 9.17125250e-06
1.18000000e+01 8.96563230e-06 9.06742513e-06
1.18500000e+01 8.85697333e-06 8.96875707e-06
1.19000000e+01 8.74665653e-06 8.87524323e-06
1.19500000e+01 8.63541437e-06 8.78670307e-06
1.20000000e+01 8.52442227e-06 8.70272073e-06
1.20500000e+01 8.41481443e-06 8.62268637e-06
1.21000000e+01 8.30720787e-06 8.54594960e-06
1.21500000e+01 8.20143387e-06 8.47202347e-06
1.22000000e+01 8.09658197e-06 8.40074660e-06
1.22500000e+01 7.99131487e-06 8.33232270e-06
1.23000000e+01 7.88432410e-06 8.26720307e-06
1.23500000e+01 7.77473563e-06 8.20584820e-06
1.24000000e+01 7.66235133e-06 8.14847707e-06
1.24500000e+01 7.54766917e-06 8.09491217e-06
1.25000000e+01 7.43174463e-06 8.04458797e-06
1.25500000e+01 7.31599933e-06 7.99667493e-06
1.26000000e+01 7.20206253e-06 7.95021310e-06
1.26500000e+01 7.09166997e-06 7.90415617e-06
1.27000000e+01 6.98658573e-06 7.85729637e-06
1.27500000e+01 6.88849980e-06 7.80816267e-06
1.28000000e+01 6.79889677e-06 7.75501573e-06
1.28500000e+01 6.71892297e-06 7.69605997e-06
1.29000000e+01 6.64928790e-06 7.62984273e-06
1.29500000e+01 6.59020487e-06 7.55567973e-06
1.30000000e+01 6.54135813e-06 7.47390340e-06
1.30500000e+01 6.50186557e-06 7.38577747e-06
1.31000000e+01 6.47023533e-06 7.29310867e-06
1.31500000e+01 6.44436823e-06 7.19770983e-06
1.32000000e+01 6.42168323e-06 7.10096243e-06
1.32500000e+01 6.39942630e-06 7.00362067e-06
1.33000000e+01 6.37513463e-06 6.90586910e-06
1.33500000e+01 6.34712243e-06 6.80753697e-06
1.34000000e+01 6.31480070e-06 6.70832867e-06
1.34500000e+01 6.27868970e-06 6.60799017e-06
1.35000000e+01 6.24011043e-06 6.50641210e-06
1.35500000e+01 6.20073040e-06 6.40370823e-06
1.36000000e+01 6.16214520e-06 6.30029210e-06
1.36500000e+01 6.12564290e-06 6.19693260e-06
1.37000000e+01 6.09215080e-06 6.09473390e-06
1.37500000e+01 6.06229513e-06 5.99502060e-06
1.38000000e+01 6.03645890e-06 5.89914443e-06
1.38500000e+01 6.01479953e-06 5.80827877e-06
1.39000000e+01 5.99723060e-06 5.72325367e-06
1.39500000e+01 5.98340827e-06 5.64447983e-06
1.40000000e+01 5.97275937e-06 5.57195507e-06
1.40500000e+01 5.96456277e-06 5.50534160e-06
1.41000000e+01 5.95808000e-06 5.44409033e-06
1.41500000e+01 5.95269017e-06 5.38757567e-06
1.42000000e+01 5.94798590e-06 5.33520253e-06
1.42500000e+01 5.94378833e-06 5.28646150e-06
1.43000000e+01 5.94010130e-06 5.24092853e-06
1.43500000e+01 5.93703630e-06 5.19823323e-06
1.44000000e+01 5.93474433e-06 5.15803207e-06
1.44500000e+01 5.93337407e-06 5.11999400e-06
1.45000000e+01 5.93303313e-06 5.08378340e-06
1.45500000e+01 5.93373947e-06 5.04901437e-06
1.46000000e+01 5.93535727e-06 5.01518160e-06
1.46500000e+01 5.93753703e-06 4.98160163e-06
1.47000000e+01 5.93968073e-06 4.94741493e-06
1.47500000e+01 5.94097020e-06 4.91167240e-06
1.48000000e+01 5.94046987e-06 4.87348440e-06
1.48500000e+01 5.93731063e-06 4.83217300e-06
1.49000000e+01 5.93089837e-06 4.78737537e-06
1.49500000e+01 5.92107860e-06 4.73908080e-06
1.50000000e+01 5.90817000e-06 4.68761673e-06
1.50500000e+01 5.89284363e-06 4.63359287e-06
1.51000000e+01 5.87588973e-06 4.57780140e-06
1.51500000e+01 5.85796927e-06 4.52108877e-06
1.52000000e+01 5.83945697e-06 4.46421190e-06
1.52500000e+01 5.82040087e-06 4.40774150e-06
1.53000000e+01 5.80057423e-06 4.35203497e-06
1.53500000e+01 5.77955427e-06 4.29729267e-06
1.54000000e+01 5.75681957e-06 4.24366700e-06
1.54500000e+01 5.73184767e-06 4.19138030e-06
1.55000000e+01 5.70425233e-06 4.14080493e-06
1.55500000e+01 5.67392163e-06 4.09245687e-06
1.56000000e+01 5.64112050e-06 4.04689590e-06
1.56500000e+01 5.60649057e-06 4.00456067e-06
1.57000000e+01 5.57093390e-06 3.96559210e-06
1.57500000e+01 5.53539953e-06 3.92971057e-06
1.58000000e+01 5.50064080e-06 3.89619470e-06
1.58500000e+01 5.46702190e-06 3.86398550e-06
1.59000000e+01 5.43442690e-06 3.83191483e-06
1.59500000e+01 5.40226980e-06 3.79899010e-06
1.60000000e+01 5.36957020e-06 3.76465143e-06
1.60500000e+01 5.33506487e-06 3.72889100e-06
1.61000000e+01 5.29735323e-06 3.69220583e-06
1.61500000e+01 5.25508590e-06 3.65542183e-06
1.62000000e+01 5.20716060e-06 3.61946650e-06
1.62500000e+01 5.15289480e-06 3.58517270e-06
1.63000000e+01 5.09210757e-06 3.55313187e-06
1.63500000e+01 5.02512070e-06 3.52361773e-06
1.64000000e+01 4.95269480e-06 3.49656387e-06
1.64500000e+01 4.87591770e-06 3.47159597e-06
1.65000000e+01 4.79606400e-06 3.44811803e-06
1.65500000e+01 4.71443890e-06 3.42543633e-06
1.66000000e+01 4.63224577e-06 3.40288677e-06
1.66500000e+01 4.55050667e-06 3.37991697e-06
1.67000000e+01 4.47002877e-06 3.35609730e-06
1.67500000e+01 4.39139617e-06 3.33106817e-06
1.68000000e+01 4.31496140e-06 3.30446023e-06
1.68500000e+01 4.24083623e-06 3.27584363e-06
1.69000000e+01 4.16886883e-06 3.24471810e-06
1.69500000e+01 4.09861083e-06 3.21054427e-06
1.70000000e+01 4.02931243e-06 3.17278397e-06
1.70500000e+01 3.95996553e-06 3.13093127e-06
1.71000000e+01 3.88942297e-06 3.08455067e-06
1.71500000e+01 3.81657067e-06 3.03333267e-06
1.72000000e+01 3.74050763e-06 2.97716467e-06
1.72500000e+01 3.66065707e-06 2.91619210e-06
1.73000000e+01 3.57677273e-06 2.85084037e-06
1.73500000e+01 3.48886497e-06 2.78177437e-06
1.74000000e+01 3.39710213e-06 2.70981130e-06
1.74500000e+01 3.30172790e-06 2.63579197e-06
1.75000000e+01 3.20300663e-06 2.56044600e-06
1.75500000e+01 3.10119630e-06 2.48426807e-06
1.76000000e+01 2.99653663e-06 2.40743247e-06
1.76500000e+01 2.88924407e-06 2.32976483e-06
1.77000000e+01 2.77951550e-06 2.25079770e-06
1.77500000e+01 2.66754357e-06 2.16990873e-06
1.78000000e+01 2.55354940e-06 2.08652400e-06
1.78500000e+01 2.43784057e-06 2.00032227e-06
1.79000000e+01 2.32087800e-06 1.91137867e-06
1.79500000e+01 2.20333333e-06 1.82020913e-06
1.80000000e+01 2.08609390e-06 1.72770990e-06
1.80500000e+01 1.97021883e-06 1.63503407e-06
1.81000000e+01 1.85685473e-06 1.54343853e-06
1.81500000e+01 1.74713777e-06 1.45415301e-06
1.82000000e+01 1.64210383e-06 1.36827399e-06
1.82500000e+01 1.54260877e-06 1.28669006e-06
1.83000000e+01 1.44927400e-06 1.21003922e-06
1.83500000e+01 1.36245780e-06 1.13869661e-06
1.84000000e+01 1.28226239e-06 1.07279323e-06
1.84500000e+01 1.20857056e-06 1.01225585e-06
1.85000000e+01 1.14109700e-06 9.56858810e-07
1.85500000e+01 1.07944551e-06 9.06277253e-07
1.86000000e+01 1.02315989e-06 8.60132967e-07
1.86500000e+01 9.71763163e-07 8.18028400e-07
1.87000000e+01 9.24784873e-07 7.79571587e-07
1.87500000e+01 8.81779347e-07 7.44390723e-07
1.88000000e+01 8.42334857e-07 7.12143033e-07
1.88500000e+01 8.06077523e-07 6.82517103e-07
1.89000000e+01 7.72672063e-07 6.55234203e-07
1.89500000e+01 7.41820333e-07 6.30046497e-07
1.90000000e+01 7.13258000e-07 6.06734827e-07
1.90500000e+01 6.86751903e-07 5.85105883e-07
1.91000000e+01 6.62096337e-07 5.64989303e-07
1.91500000e+01 6.39109903e-07 5.46235250e-07
1.92000000e+01 6.17632607e-07 5.28711633e-07
1.92500000e+01 5.97523040e-07 5.12301863e-07
1.93000000e+01 5.78656027e-07 4.96902950e-07
1.93500000e+01 5.60920727e-07 4.82423750e-07
1.94000000e+01 5.44218637e-07 4.68783303e-07
1.94500000e+01 5.28461917e-07 4.55909653e-07
1.95000000e+01 5.13572350e-07 4.43738693e-07
1.95500000e+01 4.99479863e-07 4.32213150e-07
1.96000000e+01 4.86121627e-07 4.21281720e-07
1.96500000e+01 4.73441103e-07 4.10898287e-07
1.97000000e+01 4.61387493e-07 4.01021413e-07
1.97500000e+01 4.49914777e-07 3.91613730e-07
1.98000000e+01 4.38981407e-07 3.82641427e-07
1.98500000e+01 4.28549657e-07 3.74073843e-07
1.99000000e+01 4.18585257e-07 3.65883203e-07
1.99500000e+01 4.09056977e-07 3.58044213e-07
2.00000000e+01 3.99936317e-07 3.50533797e-07
2.00500000e+01 3.91197173e-07 3.43330893e-07
2.01000000e+01 3.82815713e-07 3.36416230e-07
2.01500000e+01 3.74770030e-07 3.29772093e-07
2.02000000e+01 3.67039927e-07 3.23382243e-07
2.02500000e+01 3.59606910e-07 3.17231733e-07
2.03000000e+01 3.52453853e-07 3.11306783e-07
2.03500000e+01 3.45564943e-07 3.05594693e-07
2.04000000e+01 3.38925517e-07 3.00083670e-07
2.04500000e+01 3.32522057e-07 2.94762827e-07
2.05000000e+01 3.26341940e-07 2.89622073e-07
2.05500000e+01 3.20373493e-07 2.84652017e-07
2.06000000e+01 3.14605833e-07 2.79843907e-07
2.06500000e+01 3.09028830e-07 2.75189650e-07
2.07000000e+01 3.03633027e-07 2.70681637e-07
2.07500000e+01 2.98409560e-07 2.66312803e-07
2.08000000e+01 2.93350207e-07 2.62076530e-07
2.08500000e+01 2.88447203e-07 2.57966633e-07
2.09000000e+01 2.83693313e-07 2.53977303e-07
2.09500000e+01 2.79081703e-07 2.50103090e-07
2.10000000e+01 2.74606033e-07 2.46338893e-07
2.10500000e+01 2.70260283e-07 2.42679903e-07
2.11000000e+01 2.66038797e-07 2.39121613e-07
2.11500000e+01 2.61936220e-07 2.35659743e-07
2.12000000e+01 2.57947597e-07 2.32290290e-07
2.12500000e+01 2.54068123e-07 2.29009477e-07
2.13000000e+01 2.50293373e-07 2.25813727e-07
2.13500000e+01 2.46619093e-07 2.22699633e-07
2.14000000e+01 2.43041307e-07 2.19664027e-07
2.14500000e+01 2.39556193e-07 2.16703860e-07
2.15000000e+01 2.36160167e-07 2.13816253e-07
2.15500000e+01 2.32849873e-07 2.10998540e-07
2.16000000e+01 2.29622020e-07 2.08248070e-07
2.16500000e+01 2.26473580e-07 2.05562443e-07
2.17000000e+01 2.23401617e-07 2.02939273e-07
2.17500000e+01 2.20403387e-07 2.00376380e-07
2.18000000e+01 2.17476220e-07 1.97871653e-07
2.18500000e+01 2.14617643e-07 1.95423063e-07
2.19000000e+01 2.11825203e-07 1.93028717e-07
2.19500000e+01 2.09096677e-07 1.90686767e-07
2.20000000e+01 2.06429877e-07 1.88395493e-07
2.20500000e+01 2.03822707e-07 1.86153197e-07
2.21000000e+01 2.01273217e-07 1.83958300e-07
2.21500000e+01 1.98779480e-07 1.81809323e-07
2.22000000e+01 1.96339713e-07 1.79704750e-07
2.22500000e+01 1.93952147e-07 1.77643243e-07
2.23000000e+01 1.91615143e-07 1.75623420e-07
2.23500000e+01 1.89327140e-07 1.73644053e-07
2.24000000e+01 1.87086570e-07 1.71703893e-07
2.24500000e+01 1.84892030e-07 1.69801777e-07
2.25000000e+01 1.82742057e-07 1.67936570e-07
2.25500000e+01 1.80635373e-07 1.66107187e-07
2.26000000e+01 1.78570637e-07 1.64312627e-07
2.26500000e+01 1.76546617e-07 1.62551847e-07
2.27000000e+01 1.74562187e-07 1.60823947e-07
2.27500000e+01 1.72616140e-07 1.59127937e-07
2.28000000e+01 1.70707430e-07 1.57462980e-07
2.28500000e+01 1.68834950e-07 1.55828217e-07
2.29000000e+01 1.66997737e-07 1.54222797e-07
2.29500000e+01 1.65194763e-07 1.52645997e-07
2.30000000e+01 1.63425100e-07 1.51096970e-07
2.30500000e+01 1.61687893e-07 1.49575080e-07
2.31000000e+01 1.59982197e-07 1.48079513e-07
2.31500000e+01 1.58307227e-07 1.46609670e-07
2.32000000e+01 1.56662123e-07 1.45164853e-07
2.32500000e+01 1.55046153e-07 1.43744423e-07
2.33000000e+01 1.53458503e-07 1.42347810e-07
2.33500000e+01 1.51898473e-07 1.40974363e-07
2.34000000e+01 1.50365390e-07 1.39623563e-07
2.34500000e+01 1.48858507e-07 1.38294803e-07
2.35000000e+01 1.47377233e-07 1.36987597e-07
2.35500000e+01 1.45920870e-07 1.35701393e-07
2.36000000e+01 1.44488860e-07 1.34435697e-07
2.36500000e+01 1.43080570e-07 1.33190057e-07
2.37000000e+01 1.41695437e-07 1.31963947e-07
2.37500000e+01 1.40332917e-07 1.30756970e-07
2.38000000e+01 1.38992440e-07 1.29568633e-07
2.38500000e+01 1.37673530e-07 1.28398553e-07
2.39000000e+01 1.36375633e-07 1.27246290e-07
2.39500000e+01 1.35098300e-07 1.26111447e-07
2.40000000e+01 1.33841037e-07 1.24993667e-07
2.40500000e+01 1.32603387e-07 1.23892520e-07
2.41000000e+01 1.31384903e-07 1.22807693e-07
2.41500000e+01 1.30185140e-07 1.21738783e-07
2.42000000e+01 1.29003727e-07 1.20685500e-07
2.42500000e+01 1.27840197e-07 1.19647443e-07
2.43000000e+01 1.26694200e-07 1.18624340e-07
2.43500000e+01 1.25565330e-07 1.17615867e-07
2.44000000e+01 1.24453227e-07 1.16621693e-07
2.44500000e+01 1.23357517e-07 1.15641560e-07
2.45000000e+01 1.22277847e-07 1.14675133e-07
2.45500000e+01 1.21213917e-07 1.13722180e-07
2.46000000e+01 1.20165333e-07 1.12782370e-07
2.46500000e+01 1.19131830e-07 1.11855487e-07
2.47000000e+01 1.18113047e-07 1.10941253e-07
2.47500000e+01 1.17108717e-07 1.10039407e-07
2.48000000e+01 1.16118526e-07 1.09149737e-07
2.48500000e+01 1.15142181e-07 1.08271950e-07
2.49000000e+01 1.14179434e-07 1.07405877e-07
2.49500000e+01 1.13229963e-07 1.06551230e-07
2.50000000e+01 1.12293554e-07 1.05707837e-07
2.50500000e+01 1.11369902e-07 1.04875453e-07
2.51000000e+01 1.10458792e-07 1.04053876e-07
2.51500000e+01 1.09559954e-07 1.03242926e-07
2.52000000e+01 1.08673157e-07 1.02442364e-07
2.52500000e+01 1.07798187e-07 1.01652038e-07
2.53000000e+01 1.06934780e-07 1.00871717e-07
2.53500000e+01 1.06082762e-07 1.00101253e-07
2.54000000e+01 1.05241870e-07 9.93404423e-08
2.54500000e+01 1.04411930e-07 9.85891127e-08
2.55000000e+01 1.03592720e-07 9.78471177e-08
2.55500000e+01 1.02784051e-07 9.71142543e-08
2.56000000e+01 1.01985717e-07 9.63903933e-08
2.56500000e+01 1.01197525e-07 9.56753397e-08
2.57000000e+01 1.00419318e-07 9.49689727e-08
2.57500000e+01 9.96508773e-08 9.42711147e-08
2.58000000e+01 9.88920583e-08 9.35816350e-08
2.58500000e+01 9.81426667e-08 9.29003853e-08
2.59000000e+01 9.74025503e-08 9.22272093e-08
2.59500000e+01 9.66715337e-08 9.15619980e-08
2.60000000e+01 9.59494527e-08 9.09045827e-08
2.60500000e+01 9.52361787e-08 9.02548673e-08
2.61000000e+01 9.45315203e-08 8.96126833e-08
2.61500000e+01 9.38353583e-08 8.89779347e-08
2.62000000e+01 9.31475283e-08 8.83504910e-08
2.62500000e+01 9.24679003e-08 8.77302207e-08
2.63000000e+01 9.17963233e-08 8.71170290e-08
2.63500000e+01 9.11326627e-08 8.65107707e-08
2.64000000e+01 9.04768047e-08 8.59113650e-08
2.64500000e+01 8.98285840e-08 8.53186670e-08
2.65000000e+01 8.91879130e-08 8.47326003e-08
2.65500000e+01 8.85546297e-08 8.41530377e-08
2.66000000e+01 8.79286370e-08 8.35798803e-08
2.66500000e+01 8.73098043e-08 8.30130443e-08
2.67000000e+01 8.66980123e-08 8.24524020e-08
2.67500000e+01 8.60931690e-08 8.18978850e-08
2.68000000e+01 8.54951293e-08 8.13493683e-08
2.68500000e+01 8.49038163e-08 8.08067867e-08
2.69000000e+01 8.43190940e-08 8.02700293e-08
2.69500000e+01 8.37408817e-08 7.97390110e-08
2.70000000e+01 8.31690577e-08 7.92136610e-08
2.70500000e+01 8.26035283e-08 7.86938660e-08
2.71000000e+01 8.20442073e-08 7.81795700e-08
2.71500000e+01 8.14909747e-08 7.76706617e-08
2.72000000e+01 8.09437643e-08 7.71670867e-08
2.72500000e+01 8.04024533e-08 7.66687473e-08
2.73000000e+01 7.98669763e-08 7.61755703e-08
2.73500000e+01 7.93372287e-08 7.56874947e-08
2.74000000e+01 7.88131337e-08 7.52044213e-08
2.74500000e+01 7.82945967e-08 7.47263017e-08
2.75000000e+01 7.77815337e-08 7.42530380e-08
2.75500000e+01 7.72738820e-08 7.37845887e-08
2.76000000e+01 7.67715330e-08 7.33208543e-08
2.76500000e+01 7.62744313e-08 7.28617893e-08
2.77000000e+01 7.57824853e-08 7.24073227e-08
2.77500000e+01 7.52956283e-08 7.19573797e-08
2.78000000e+01 7.48137787e-08 7.15119160e-08
2.78500000e+01 7.43368610e-08 7.10708437e-08
2.79000000e+01 7.38648233e-08 7.06341267e-08
2.79500000e+01 7.33975683e-08 7.02016793e-08
2.80000000e+01 7.29350547e-08 6.97734600e-08
2.80500000e+01 7.24771873e-08 6.93494080e-08
2.81000000e+01 7.20239217e-08 6.89294563e-08
2.81500000e+01 7.15751813e-08 6.85135670e-08
2.82000000e+01 7.11309010e-08 6.81016620e-08
2.82500000e+01 7.06910353e-08 6.76937110e-08
2.83000000e+01 7.02554980e-08 6.72896360e-08
2.83500000e+01 6.98242537e-08 6.68894063e-08
2.84000000e+01 6.93972180e-08 6.64929570e-08
2.84500000e+01 6.89743537e-08 6.61002387e-08
2.85000000e+01 6.85555910e-08 6.57112167e-08
2.85500000e+01 6.81408763e-08 6.53258193e-08
2.86000000e+01 6.77301630e-08 6.49440220e-08
2.86500000e+01 6.73233807e-08 6.45657543e-08
2.87000000e+01 6.69204977e-08 6.41909903e-08
2.87500000e+01 6.65214383e-08 6.38196713e-08
2.88000000e+01 6.61261707e-08 6.34517547e-08
2.88500000e+01 6.57346323e-08 6.30872090e-08
2.89000000e+01 6.53467817e-08 6.27259720e-08
2.89500000e+01 6.49625627e-08 6.23680203e-08
2.90000000e+01 6.45819273e-08 6.20132920e-08
2.90500000e+01 6.42048427e-08 6.16617640e-08
2.91000000e+01 6.38312420e-08 6.13133850e-08
2.91500000e+01 6.34610973e-08 6.09681193e-08
2.92000000e+01 6.30943527e-08 6.06259297e-08
2.92500000e+01 6.27309720e-08 6.02867700e-08
2.93000000e+01 6.23709047e-08 5.99506173e-08
2.93500000e+01 6.20141087e-08 5.96174150e-08
2.94000000e+01 6.16605557e-08 5.92871480e-08
2.94500000e+01 6.13101847e-08 5.89597583e-08
2.95000000e+01 6.09629723e-08 5.86352257e-08
2.95500000e+01 6.06188677e-08 5.83135127e-08
2.96000000e+01 6.02778393e-08 5.79945787e-08
2.96500000e+01 5.99398423e-08 5.76784027e-08
2.97000000e+01 5.96048383e-08 5.73649350e-08
2.97500000e+01 5.92728040e-08 5.70541607e-08
2.98000000e+01 5.89436823e-08 5.67460290e-08
2.98500000e+01 5.86174580e-08 5.64405247e-08
2.99000000e+01 5.82940750e-08 5.61376057e-08
2.99500000e+01 5.79735153e-08 5.58372433e-08
3.00000000e+01 5.76557347e-08 5.55394170e-08
3.00500000e+01 5.73407023e-08 5.52440817e-08
3.01000000e+01 5.70283900e-08 5.49512240e-08
3.01500000e+01 5.67187537e-08 5.46607983e-08
3.02000000e+01 5.64117763e-08 5.43727913e-08
3.02500000e+01 5.61074100e-08 5.40871650e-08
3.03000000e+01 5.58056373e-08 5.38038937e-08
3.03500000e+01 5.55064183e-08 5.35229600e-08
3.04000000e+01 5.52097260e-08 5.32443210e-08
3.04500000e+01 5.49155350e-08 5.29679667e-08
3.05000000e+01 5.46238053e-08 5.26938547e-08
3.05500000e+01 5.43345230e-08 5.24219747e-08
3.06000000e+01 5.40476430e-08 5.21522907e-08
3.06500000e+01 5.37631517e-08 5.18847803e-08
3.07000000e+01 5.34810120e-08 5.16194280e-08
3.07500000e+01 5.32012033e-08 5.13561957e-08
3.08000000e+01 5.29236930e-08 5.10950730e-08
3.08500000e+01 5.26484543e-08 5.08360227e-08
3.09000000e+01 5.23754733e-08 5.05790373e-08
3.09500000e+01 5.21047077e-08 5.03240777e-08
3.10000000e+01 5.18361450e-08 5.00711330e-08
3.10500000e+01 5.15697530e-08 4.98201797e-08
3.11000000e+01 5.13055127e-08 4.95711897e-08
3.11500000e+01 5.10433943e-08 4.93241530e-08
3.12000000e+01 5.07833743e-08 4.90790347e-08
3.12500000e+01 5.05254397e-08 4.88358280e-08
3.13000000e+01 5.02695520e-08 4.85944977e-08
3.13500000e+01 5.00157040e-08 4.83550343e-08
3.14000000e+01 4.97638573e-08 4.81174157e-08
3.14500000e+01 5.53807527e-08 5.35554020e-08
3.15000000e+01 6.08630760e-08 5.88646423e-08
3.15500000e+01 6.62139170e-08 6.40480550e-08
3.16000000e+01 6.58769260e-08 6.37296280e-08
3.16500000e+01 7.10720167e-08 6.87641767e-08
3.17000000e+01 7.61424537e-08 7.36793673e-08
3.17500000e+01 7.57547733e-08 7.33127190e-08
3.18000000e+01 8.06779717e-08 7.80870757e-08
3.18500000e+01 8.54829450e-08 8.27481813e-08
3.19000000e+01 8.50485943e-08 8.23370510e-08
3.19500000e+01 9.53121017e-08 9.22861760e-08
3.20000000e+01 9.98317903e-08 9.66744577e-08
3.20500000e+01 9.93253060e-08 9.61946380e-08
3.21000000e+01 1.03713812e-07 1.00457252e-07
3.21500000e+01 1.07996159e-07 1.04618019e-07
3.22000000e+01 1.07450965e-07 1.04101166e-07
3.22500000e+01 1.11609299e-07 1.08143030e-07
3.23000000e+01 1.15666929e-07 1.12088250e-07
3.23500000e+01 1.15086248e-07 1.11537363e-07
3.24000000e+01 1.19026627e-07 1.15370070e-07
3.24500000e+01 1.22871460e-07 1.19111013e-07
3.25000000e+01 1.27571157e-07 1.23681987e-07
3.25500000e+01 1.31272907e-07 1.27285977e-07
3.26000000e+01 1.34884237e-07 1.30803033e-07
3.26500000e+01 1.34214910e-07 1.30167160e-07
3.27000000e+01 1.37721790e-07 1.33583837e-07
3.27500000e+01 1.41142877e-07 1.36918007e-07
3.28000000e+01 1.40447133e-07 1.36256600e-07
3.28500000e+01 1.43769440e-07 1.39495747e-07
3.29000000e+01 1.43064013e-07 1.38824877e-07
3.29500000e+01 1.46290543e-07 1.41971857e-07
3.30000000e+01 1.49437933e-07 1.45042653e-07
3.30500000e+01 1.53756440e-07 1.49251637e-07
3.31000000e+01 1.56783057e-07 1.52206537e-07
3.31500000e+01 1.56022383e-07 1.51482357e-07
3.32000000e+01 1.58961553e-07 1.54352980e-07
3.32500000e+01 1.61827923e-07 1.57153440e-07
3.33000000e+01 1.61048277e-07 1.56410743e-07
3.33500000e+01 1.63831890e-07 1.59131407e-07
3.34000000e+01 1.63046293e-07 1.58382770e-07
3.34500000e+01 1.65749627e-07 1.61025970e-07
3.35000000e+01 1.68385773e-07 1.63604337e-07
3.35500000e+01 1.67583997e-07 1.62839853e-07
3.36000000e+01 1.70144137e-07 1.65344833e-07
3.36500000e+01 1.74115210e-07 1.69222707e-07
3.37000000e+01 1.76573700e-07 1.71629907e-07
3.37500000e+01 1.78970337e-07 1.73977343e-07
3.38000000e+01 1.78128173e-07 1.73173590e-07
3.38500000e+01 1.80455380e-07 1.75453893e-07
3.39000000e+01 1.79610180e-07 1.74646950e-07
3.39500000e+01 1.81870020e-07 1.76862100e-07
3.40000000e+01 1.81022143e-07 1.76052320e-07
3.40500000e+01 1.83216577e-07 1.78204177e-07
3.41000000e+01 1.85355437e-07 1.80302253e-07
3.41500000e+01 1.84497333e-07 1.79482313e-07
3.42000000e+01 1.86574197e-07 1.81520367e-07
3.42500000e+01 1.90245360e-07 1.85111603e-07
3.43000000e+01 1.92236333e-07 1.87066830e-07
3.43500000e+01 1.91354760e-07 1.86223840e-07
3.44000000e+01 1.93287737e-07 1.88122840e-07
3.44500000e+01 1.92405407e-07 1.87278847e-07
3.45000000e+01 1.94282047e-07 1.89123220e-07
3.45500000e+01 1.96110173e-07 1.90920567e-07
3.46000000e+01 1.95221120e-07 1.90069750e-07
3.46500000e+01 1.96995837e-07 1.91815257e-07
3.47000000e+01 1.96106820e-07 1.90964200e-07
3.47500000e+01 1.97829677e-07 1.92659363e-07
3.48000000e+01 1.96940880e-07 1.91808260e-07
3.48500000e+01 1.98613350e-07 1.93454490e-07
3.49000000e+01 2.02011663e-07 1.96784057e-07
3.49500000e+01 2.03611680e-07 1.98360237e-07
3.50000000e+01 2.02705400e-07 1.97491823e-07
3.50500000e+01 2.04258223e-07 1.99022097e-07
3.51000000e+01 2.05769743e-07 2.00512307e-07
3.51500000e+01 2.04860037e-07 1.99640217e-07
3.52000000e+01 2.06326820e-07 2.01086867e-07
3.52500000e+01 2.05418627e-07 2.00215997e-07
3.53000000e+01 2.06841920e-07 2.01620307e-07
3.53500000e+01 2.05935447e-07 2.00750860e-07
3.54000000e+01 2.07316453e-07 2.02113990e-07
3.54500000e+01 2.06411863e-07 2.01246090e-07
3.55000000e+01 2.07751790e-07 2.02569203e-07
3.55500000e+01 2.10914113e-07 2.05671843e-07
3.56000000e+01 2.12192570e-07 2.06935417e-07
3.56500000e+01 2.11275107e-07 2.06054643e-07
3.57000000e+01 2.12515073e-07 2.07280670e-07
3.57500000e+01 2.11600153e-07 2.06402090e-07
3.58000000e+01 2.12802677e-07 2.07591620e-07
3.58500000e+01 2.11890420e-07 2.06715363e-07
3.59000000e+01 2.13056603e-07 2.07869397e-07
3.59500000e+01 2.12147097e-07 2.06995587e-07
3.60000000e+01 2.13277900e-07 2.08115097e-07
3.60500000e+01 2.12371310e-07 2.07243843e-07
3.61000000e+01 2.13467723e-07 2.08329770e-07
3.61500000e+01 2.12564113e-07 2.07461160e-07
3.62000000e+01 2.13627090e-07 2.08514430e-07
3.62500000e+01 2.16574063e-07 2.11409330e-07
3.63000000e+01 2.17584903e-07 2.12411987e-07
3.63500000e+01 2.16671993e-07 2.11533943e-07
3.64000000e+01 2.17651510e-07 2.12505973e-07
3.64500000e+01 2.16742073e-07 2.11631073e-07
3.65000000e+01 2.17691117e-07 2.12573273e-07
3.65500000e+01 2.16785240e-07 2.11701587e-07
3.66000000e+01 2.17704630e-07 2.12614757e-07
3.66500000e+01 2.16802387e-07 2.11746400e-07
3.67000000e+01 2.17692950e-07 2.12631343e-07
3.67500000e+01 2.16794413e-07 2.11766337e-07
3.68000000e+01 2.17656923e-07 2.12623830e-07
3.68500000e+01 2.16762163e-07 2.11762257e-07
3.69000000e+01 2.17597373e-07 2.12593017e-07
3.69500000e+01 2.20357030e-07 2.15306827e-07
3.70000000e+01 2.21147787e-07 2.16094323e-07
3.70500000e+01 2.20246467e-07 2.15225967e-07
3.71000000e+01 2.21011643e-07 2.15988423e-07
3.71500000e+01 2.20114423e-07 2.15123837e-07
3.72000000e+01 2.20854733e-07 2.15861860e-07
3.72500000e+01 2.19961710e-07 2.15001130e-07
3.73000000e+01 2.20677783e-07 2.15715397e-07
3.73500000e+01 2.19788973e-07 2.14858550e-07
3.74000000e+01 2.20481490e-07 2.15549677e-07
3.74500000e+01 2.19596937e-07 2.14696737e-07
3.75000000e+01 2.18717530e-07 2.13848690e-07
3.75500000e+01 2.19386260e-07 2.14516410e-07
3.76000000e+01 2.18511083e-07 2.13672257e-07
3.76500000e+01 2.19157600e-07 2.14318133e-07
3.77000000e+01 2.21745247e-07 2.16865197e-07
3.77500000e+01 2.22353813e-07 2.17474083e-07
3.78000000e+01 2.21474130e-07 2.16625223e-07
3.78500000e+01 2.22061840e-07 2.17213620e-07
3.79000000e+01 2.21186697e-07 2.16368917e-07
3.79500000e+01 2.21754117e-07 2.16937360e-07
3.80000000e+01 2.20883510e-07 2.16096890e-07
3.80500000e+01 2.21431170e-07 2.16645913e-07
3.81000000e+01 2.20565103e-07 2.15809633e-07
3.81500000e+01 2.21093550e-07 2.16339737e-07
3.82000000e+01 2.20232057e-07 2.15507720e-07
3.82500000e+01 2.19375400e-07 2.14680343e-07
3.83000000e+01 2.19884853e-07 2.15191667e-07
3.83500000e+01 2.19032763e-07 2.14368497e-07
3.84000000e+01 2.19524050e-07 2.14861933e-07
3.84500000e+01 2.21961027e-07 2.17262650e-07
3.85000000e+01 2.22419763e-07 2.17724340e-07
3.85500000e+01 2.21564727e-07 2.16897963e-07
3.86000000e+01 2.22006453e-07 2.17342857e-07
3.86500000e+01 2.21156127e-07 2.16520900e-07
3.87000000e+01 2.21581283e-07 2.16949473e-07
3.87500000e+01 2.20735687e-07 2.16131933e-07
3.88000000e+01 2.19894793e-07 2.15318867e-07
3.88500000e+01 2.20303880e-07 2.15731493e-07
3.89000000e+01 2.19467630e-07 2.14922767e-07
3.89500000e+01 2.19861060e-07 2.15319983e-07
3.90000000e+01 2.19029507e-07 2.14515660e-07
3.90500000e+01 2.19407703e-07 2.14897803e-07
3.91000000e+01 2.18580847e-07 2.14097887e-07
3.91500000e+01 2.17758487e-07 2.13302263e-07
3.92000000e+01 2.18122013e-07 2.13669870e-07
3.92500000e+01 2.20419510e-07 2.15934807e-07
3.93000000e+01 2.20755063e-07 2.16275050e-07
3.93500000e+01 2.19930947e-07 2.15477390e-07
3.94000000e+01 2.20252610e-07 2.15803930e-07
3.94500000e+01 2.19433257e-07 2.15010767e-07
3.95000000e+01 2.19741443e-07 2.15323943e-07
3.95500000e+01 2.18926863e-07 2.14535267e-07
3.96000000e+01 2.18116643e-07 2.13750733e-07
3.96500000e+01 2.18412047e-07 2.14051240e-07
3.97000000e+01 2.17606567e-07 2.13271167e-07
3.97500000e+01 2.17889227e-07 2.13559043e-07
3.98000000e+01 2.17088417e-07 2.12783383e-07
3.98500000e+01 2.17358640e-07 2.13058953e-07
3.99000000e+01 2.16562543e-07 2.12287750e-07
3.99500000e+01 2.15770673e-07 2.11520563e-07
4.00000000e+01 2.16029273e-07 2.11784547e-07
4.00500000e+01 2.15242057e-07 2.11021737e-07
4.01000000e+01 2.18437980e-07 2.14169703e-07
4.01500000e+01 2.17645210e-07 2.13401373e-07
4.02000000e+01 2.17868307e-07 2.13630460e-07
4.02500000e+01 2.17080287e-07 2.12866603e-07
4.03000000e+01 2.16296360e-07 2.12106657e-07
4.03500000e+01 2.16509057e-07 2.12325397e-07
4.04000000e+01 2.15729840e-07 2.11569893e-07
4.04500000e+01 2.15931840e-07 2.11778013e-07
4.05000000e+01 2.15157307e-07 2.11026957e-07
4.05500000e+01 2.14386773e-07 2.10279737e-07
4.06000000e+01 2.14578990e-07 2.10478077e-07
4.06500000e+01 2.13813107e-07 2.09735227e-07
4.07000000e+01 2.13995193e-07 2.09923523e-07
4.07500000e+01 2.13233917e-07 2.09185033e-07
4.08000000e+01 2.13406117e-07 2.09363550e-07
4.08500000e+01 2.12649437e-07 2.08629430e-07
4.09000000e+01 2.11896637e-07 2.07899000e-07
4.09500000e+01 2.14860770e-07 2.10820590e-07
4.10000000e+01 2.14103093e-07 2.10085307e-07
4.10500000e+01 2.14245867e-07 2.10234780e-07
4.11000000e+01 2.13492843e-07 2.09503890e-07
4.11500000e+01 2.12743620e-07 2.08776660e-07
4.12000000e+01 2.12878257e-07 2.08917947e-07
4.12500000e+01 2.12133597e-07 2.08195070e-07
4.13000000e+01 2.12259480e-07 2.08327680e-07
4.13500000e+01 2.11519423e-07 2.07609123e-07
4.14000000e+01 2.10783020e-07 2.06894090e-07
4.14500000e+01 2.10901267e-07 2.07019027e-07
4.15000000e+01 2.10169377e-07 2.06308303e-07
4.15500000e+01 2.10279357e-07 2.06425007e-07
4.16000000e+01 2.09551987e-07 2.05718557e-07
4.16500000e+01 2.08828200e-07 2.05015533e-07
4.17000000e+01 2.08930993e-07 2.05125057e-07
4.17500000e+01 2.08211640e-07 2.04426250e-07
4.18000000e+01 2.08306607e-07 2.04527980e-07
4.18500000e+01 2.10248887e-07 2.06446020e-07
4.19000000e+01 2.10325957e-07 2.06530163e-07
4.19500000e+01 2.09606837e-07 2.05831393e-07
4.20000000e+01 2.08891240e-07 2.05135980e-07
4.20500000e+01 2.08961953e-07 2.05213710e-07
4.21000000e+01 2.08250790e-07 2.04522517e-07
4.21500000e+01 2.07543113e-07 2.03834653e-07
4.22000000e+01 2.07607627e-07 2.03906190e-07
4.22500000e+01 2.06904333e-07 2.03222497e-07
4.23000000e+01 2.06961953e-07 2.03287140e-07
4.23500000e+01 2.06263000e-07 2.02607590e-07
4.24000000e+01 2.05567433e-07 2.01931317e-07
4.24500000e+01 2.05619270e-07 2.01990123e-07
4.25000000e+01 2.04928023e-07 2.01317937e-07
4.25500000e+01 2.04973307e-07 2.01370217e-07
4.26000000e+01 2.04286337e-07 2.00702103e-07
4.26500000e+01 2.03602647e-07 2.00037183e-07
4.27000000e+01 2.03642520e-07 2.00083993e-07
4.27500000e+01 2.05489750e-07 2.01908953e-07
4.28000000e+01 2.05514007e-07 2.01940417e-07
4.28500000e+01 2.04830833e-07 2.01275787e-07
4.29000000e+01 2.04150887e-07 2.00614267e-07
4.29500000e+01 2.04170243e-07 2.00640760e-07
4.30000000e+01 2.03494557e-07 1.99983290e-07
4.30500000e+01 2.03508117e-07 2.00004000e-07
4.31000000e+01 2.02836640e-07 1.99350577e-07
4.31500000e+01 2.02168320e-07 1.98700163e-07
4.32000000e+01 2.02177300e-07 1.98716227e-07
4.32500000e+01 2.01513143e-07 1.98069793e-07
4.33000000e+01 2.00852120e-07 1.97426363e-07
4.33500000e+01 2.00856633e-07 1.97437933e-07
4.34000000e+01 2.00199730e-07 1.96798433e-07
4.34500000e+01 2.00198907e-07 1.96804653e-07
4.35000000e+01 1.99546073e-07 1.96169063e-07
4.35500000e+01 1.98896300e-07 1.95536423e-07
4.36000000e+01 1.98891307e-07 1.95538407e-07
4.36500000e+01 1.98245570e-07 1.94909620e-07
4.37000000e+01 2.00003017e-07 1.96646543e-07
4.37500000e+01 1.99985423e-07 1.96636067e-07
4.38000000e+01 1.99339317e-07 1.96006813e-07
4.38500000e+01 1.99316893e-07 1.95991520e-07
4.39000000e+01 1.98674860e-07 1.95366123e-07
4.39500000e+01 1.98035733e-07 1.94743547e-07
4.40000000e+01 1.98009700e-07 1.94724570e-07
4.40500000e+01 1.97374563e-07 1.94105823e-07
4.41000000e+01 1.96742353e-07 1.93489867e-07
4.41500000e+01 1.96712803e-07 1.93467310e-07
4.42000000e+01 1.96084517e-07 1.92855127e-07
4.42500000e+01 1.96050520e-07 1.92828127e-07
4.43000000e+01 1.95426153e-07 1.92219700e-07
4.43500000e+01 1.94804643e-07 1.91614013e-07
4.44000000e+01 1.94767377e-07 1.91583657e-07
4.44500000e+01 1.94149713e-07 1.90981657e-07
4.45000000e+01 1.93534830e-07 1.90382370e-07
4.45500000e+01 1.93494413e-07 1.90348800e-07
4.46000000e+01 1.92883370e-07 1.89753160e-07
4.46500000e+01 1.92838850e-07 1.89715473e-07
4.47000000e+01 1.94508663e-07 1.91366420e-07
4.47500000e+01 1.93897343e-07 1.90770413e-07
4.48000000e+01 1.93842083e-07 1.90722103e-07
4.48500000e+01 1.93234570e-07 1.90129743e-07
4.49000000e+01 1.92629770e-07 1.89539990e-07
4.49500000e+01 1.92571777e-07 1.89488897e-07
4.50000000e+01 1.91970727e-07 1.88902757e-07
4.50500000e+01 1.91372383e-07 1.88319210e-07
4.51000000e+01 1.91311763e-07 1.88265403e-07
4.51500000e+01 1.90717103e-07 1.87685393e-07
4.52000000e+01 1.90652887e-07 1.87628000e-07
4.52500000e+01 1.90061950e-07 1.87051560e-07
4.53000000e+01 1.89473607e-07 1.86477640e-07
4.53500000e+01 1.89406940e-07 1.86417703e-07
4.54000000e+01 1.88822253e-07 1.85847303e-07
4.54500000e+01 1.88240113e-07 1.85279353e-07
4.55000000e+01 1.88171137e-07 1.85217017e-07
4.55500000e+01 1.87592607e-07 1.84652533e-07
4.56000000e+01 1.87016607e-07 1.84090483e-07
4.56500000e+01 1.86945353e-07 1.84025833e-07
4.57000000e+01 1.86372907e-07 1.83467213e-07
4.57500000e+01 1.87962713e-07 1.85039530e-07
4.58000000e+01 1.87882110e-07 1.84965603e-07
4.58500000e+01 1.87309447e-07 1.84406670e-07
4.59000000e+01 1.86739267e-07 1.83850147e-07
4.59500000e+01 1.86656670e-07 1.83774147e-07
4.60000000e+01 1.86090013e-07 1.83221003e-07
4.60500000e+01 1.86004437e-07 1.83142003e-07
4.61000000e+01 1.85441270e-07 1.82592227e-07
4.61500000e+01 1.84880530e-07 1.82044787e-07
4.62000000e+01 1.84793123e-07 1.81963883e-07
4.62500000e+01 1.84235857e-07 1.81419780e-07
4.63000000e+01 1.83680980e-07 1.80877973e-07
4.63500000e+01 1.83591777e-07 1.80795233e-07
4.64000000e+01 1.83040313e-07 1.80256710e-07
4.64500000e+01 1.82491220e-07 1.79720493e-07
4.65000000e+01 1.82400310e-07 1.79635960e-07
4.65500000e+01 1.81854580e-07 1.79102980e-07
4.66000000e+01 1.81311153e-07 1.78572240e-07
4.66500000e+01 1.81218630e-07 1.78486013e-07
4.67000000e+01 1.80678567e-07 1.77958487e-07
4.67500000e+01 1.80140767e-07 1.77433157e-07
4.68000000e+01 1.82098803e-07 1.79368820e-07
4.68500000e+01 1.81558510e-07 1.78840997e-07
4.69000000e+01 1.81020520e-07 1.78315390e-07
4.69500000e+01 1.80918390e-07 1.78219570e-07
4.70000000e+01 1.80383673e-07 1.77697120e-07
4.70500000e+01 1.79851197e-07 1.77176867e-07
4.71000000e+01 1.79747720e-07 1.77079613e-07
4.71500000e+01 1.79218527e-07 1.76562503e-07
4.72000000e+01 1.79112697e-07 1.76462887e-07
4.72500000e+01 1.78586737e-07 1.75948907e-07
4.73000000e+01 1.78062957e-07 1.75437017e-07
4.73500000e+01 1.77955920e-07 1.75336117e-07
4.74000000e+01 1.77435350e-07 1.74827323e-07
4.74500000e+01 1.76916937e-07 1.74320617e-07
4.75000000e+01 1.76808697e-07 1.74218473e-07
4.75500000e+01 1.76293433e-07 1.73714803e-07
4.76000000e+01 1.75780337e-07 1.73213233e-07
4.76500000e+01 1.75670967e-07 1.73109867e-07
4.77000000e+01 1.75160963e-07 1.72611287e-07
4.77500000e+01 1.74653067e-07 1.72114753e-07
4.78000000e+01 1.74542630e-07 1.72010243e-07
4.78500000e+01 1.74037820e-07 1.71516680e-07
4.79000000e+01 1.73535090e-07 1.71025120e-07
4.79500000e+01 1.75366913e-07 1.72836697e-07
4.80000000e+01 1.74861887e-07 1.72342850e-07
4.80500000e+01 1.74358947e-07 1.71851010e-07
4.81000000e+01 1.74240537e-07 1.71738530e-07
4.81500000e+01 1.73740637e-07 1.71249630e-07
4.82000000e+01 1.73242767e-07 1.70762730e-07
4.82500000e+01 1.73123500e-07 1.70649313e-07
4.83000000e+01 1.72628647e-07 1.70165300e-07
4.83500000e+01 1.72135807e-07 1.69683237e-07
4.84000000e+01 1.72015717e-07 1.69568953e-07
4.84500000e+01 1.71525840e-07 1.69089753e-07
4.85000000e+01 1.71037957e-07 1.68612493e-07
4.85500000e+01 1.70917107e-07 1.68497360e-07
4.86000000e+01 1.70432160e-07 1.68022923e-07
4.86500000e+01 1.69949167e-07 1.67550400e-07
4.87000000e+01 1.69827563e-07 1.67434467e-07
4.87500000e+01 1.69347490e-07 1.66964740e-07
4.88000000e+01 1.68869330e-07 1.66496880e-07
4.88500000e+01 1.68393080e-07 1.66030867e-07
4.89000000e+01 1.68271740e-07 1.65915103e-07
4.89500000e+01 1.67798360e-07 1.65451863e-07
4.90000000e+01 1.67326863e-07 1.64990450e-07
4.90500000e+01 1.67204853e-07 1.64873943e-07
4.91000000e+01 1.68581200e-07 1.66236317e-07
4.91500000e+01 1.68109450e-07 1.65774597e-07
4.92000000e+01 1.67981370e-07 1.65652057e-07
4.92500000e+01 1.67512447e-07 1.65193073e-07
4.93000000e+01 1.67045400e-07 1.64735893e-07
4.93500000e+01 1.66916767e-07 1.64612773e-07
4.94000000e+01 1.66452503e-07 1.64158297e-07
4.94500000e+01 1.65990080e-07 1.63705603e-07
4.95000000e+01 1.65860963e-07 1.63581913e-07
4.95500000e+01 1.65401297e-07 1.63131887e-07
4.96000000e+01 1.64943427e-07 1.62683620e-07
4.96500000e+01 1.64813860e-07 1.62559410e-07
4.97000000e+01 1.64358717e-07 1.62113770e-07
4.97500000e+01 1.63905367e-07 1.61669867e-07
4.98000000e+01 1.63775360e-07 1.61545180e-07
4.98500000e+01 1.63324690e-07 1.61103873e-07
4.99000000e+01 1.62875800e-07 1.60664287e-07
4.99500000e+01 1.62745407e-07 1.60539133e-07
5.00000000e+01 1.62299157e-07 1.60102107e-07
5.00500000e+01 1.61854643e-07 1.59666787e-07
5.01000000e+01 1.61411867e-07 1.59233130e-07
5.01500000e+01 1.61282010e-07 1.59108427e-07
5.02000000e+01 1.60841837e-07 1.58677297e-07
5.02500000e+01 1.60403377e-07 1.58247837e-07
5.03000000e+01 1.62023437e-07 1.59851013e-07
5.03500000e+01 1.61583020e-07 1.59419593e-07
5.04000000e+01 1.61144290e-07 1.58989803e-07
5.04500000e+01 1.61008797e-07 1.58859437e-07
5.05000000e+01 1.60572647e-07 1.58432163e-07
5.05500000e+01 1.60138183e-07 1.58006520e-07
5.06000000e+01 1.60002457e-07 1.57875857e-07
5.06500000e+01 1.59570547e-07 1.57452687e-07
5.07000000e+01 1.59140293e-07 1.57031123e-07
5.07500000e+01 1.59004353e-07 1.56900207e-07
5.08000000e+01 1.58576630e-07 1.56481090e-07
5.08500000e+01 1.58150537e-07 1.56063560e-07
5.09000000e+01 1.57726063e-07 1.55647603e-07
5.09500000e+01 1.57590820e-07 1.55517303e-07
5.10000000e+01 1.57168820e-07 1.55103750e-07
5.10500000e+01 1.56748443e-07 1.54691763e-07
5.11000000e+01 1.56613047e-07 1.54561233e-07
5.11500000e+01 1.56195107e-07 1.54151617e-07
5.12000000e+01 1.55778743e-07 1.53743550e-07
5.12500000e+01 1.55643203e-07 1.53612823e-07
5.13000000e+01 1.55229290e-07 1.53207110e-07
5.13500000e+01 1.54816913e-07 1.52802897e-07
5.14000000e+01 1.54681260e-07 1.52672007e-07
5.14500000e+01 1.54271287e-07 1.52270130e-07
5.15000000e+01 1.53862863e-07 1.51869750e-07
5.15500000e+01 1.55116117e-07 1.53110853e-07
5.16000000e+01 1.54976593e-07 1.52976090e-07
5.16500000e+01 1.54567870e-07 1.52575390e-07
5.17000000e+01 1.54160687e-07 1.52176173e-07
5.17500000e+01 1.54021137e-07 1.52041327e-07
5.18000000e+01 1.53616307e-07 1.51644390e-07
5.18500000e+01 1.53212990e-07 1.51248927e-07
5.19000000e+01 1.53073420e-07 1.51114030e-07
5.19500000e+01 1.52672447e-07 1.50720830e-07
5.20000000e+01 1.52272950e-07 1.50329077e-07
5.20500000e+01 1.51874933e-07 1.49938767e-07
5.21000000e+01 1.51736193e-07 1.49804620e-07
5.21500000e+01 1.51340470e-07 1.49416530e-07
5.22000000e+01 1.50946230e-07 1.49029880e-07
5.22500000e+01 1.50807517e-07 1.48895693e-07
5.23000000e+01 1.50415520e-07 1.48511223e-07
5.23500000e+01 1.50024970e-07 1.48128180e-07
5.24000000e+01 1.49635863e-07 1.47746520e-07
5.24500000e+01 1.49498003e-07 1.47613110e-07
5.25000000e+01 1.49111123e-07 1.47233617e-07
5.25500000e+01 1.48725663e-07 1.46855507e-07
5.26000000e+01 1.48587830e-07 1.46722087e-07
5.26500000e+01 1.48204587e-07 1.46346120e-07
5.27000000e+01 1.47822733e-07 1.45971520e-07
5.27500000e+01 1.47684973e-07 1.45838103e-07
5.28000000e+01 1.47305290e-07 1.45465620e-07
5.28500000e+01 1.48500733e-07 1.46649747e-07
5.29000000e+01 1.48119963e-07 1.46276147e-07
5.29500000e+01 1.47978850e-07 1.46139390e-07
5.30000000e+01 1.47600247e-07 1.45767900e-07
5.30500000e+01 1.47223003e-07 1.45397750e-07
5.31000000e+01 1.47082037e-07 1.45261083e-07
5.31500000e+01 1.46706957e-07 1.44893017e-07
5.32000000e+01 1.46333213e-07 1.44526260e-07
5.32500000e+01 1.45960833e-07 1.44160830e-07
5.33000000e+01 1.45820780e-07 1.44025020e-07
5.33500000e+01 1.45450513e-07 1.43661637e-07
5.34000000e+01 1.45081570e-07 1.43299550e-07
5.34500000e+01 1.44941687e-07 1.43163840e-07
5.35000000e+01 1.44574823e-07 1.42803790e-07
5.35500000e+01 1.44209280e-07 1.42445013e-07
5.36000000e+01 1.43845070e-07 1.42087520e-07
5.36500000e+01 1.43706100e-07 1.41952667e-07
5.37000000e+01 1.43343927e-07 1.41597163e-07
5.37500000e+01 1.42983037e-07 1.41242923e-07
5.38000000e+01 1.42844257e-07 1.41108203e-07
5.38500000e+01 1.42485407e-07 1.40755940e-07
5.39000000e+01 1.42127823e-07 1.40404907e-07
5.39500000e+01 1.41771520e-07 1.40055127e-07
5.40000000e+01 1.41633660e-07 1.39921267e-07
5.40500000e+01 1.41279367e-07 1.39573433e-07
5.41000000e+01 1.40926313e-07 1.39226807e-07
5.41500000e+01 1.40788647e-07 1.39093097e-07
5.42000000e+01 1.40437573e-07 1.38748410e-07
5.42500000e+01 1.41575617e-07 1.39875933e-07
5.43000000e+01 1.41223480e-07 1.39530160e-07
5.43500000e+01 1.41082897e-07 1.39393543e-07
5.44000000e+01 1.40732713e-07 1.39049677e-07
5.44500000e+01 1.40383760e-07 1.38707013e-07
5.45000000e+01 1.40243440e-07 1.38570603e-07
5.45500000e+01 1.39896433e-07 1.38229833e-07
5.46000000e+01 1.39550657e-07 1.37890250e-07
5.46500000e+01 1.39206067e-07 1.37551847e-07
5.47000000e+01 1.39066713e-07 1.37416350e-07
5.47500000e+01 1.38724067e-07 1.37079817e-07
5.48000000e+01 1.38382597e-07 1.36744437e-07
5.48500000e+01 1.38042320e-07 1.36410217e-07
5.49000000e+01 1.37903947e-07 1.36275650e-07
5.49500000e+01 1.37565557e-07 1.35943267e-07
5.50000000e+01 1.37228347e-07 1.35612037e-07
5.50500000e+01 1.37090233e-07 1.35477677e-07
5.51000000e+01 1.36754890e-07 1.35148270e-07
5.51500000e+01 1.36420703e-07 1.34819990e-07
5.52000000e+01 1.36087673e-07 1.34492833e-07
5.52500000e+01 1.35950537e-07 1.34359383e-07
5.53000000e+01 1.35619347e-07 1.34034013e-07
5.53500000e+01 1.35289290e-07 1.33709767e-07
5.54000000e+01 1.34960373e-07 1.33386623e-07
5.54500000e+01 1.34824200e-07 1.33254073e-07
5.55000000e+01 1.34497093e-07 1.32932687e-07
5.55500000e+01 1.34171110e-07 1.32612403e-07
5.56000000e+01 1.34035213e-07 1.32480103e-07
5.56500000e+01 1.35120957e-07 1.33556037e-07
5.57000000e+01 1.34794600e-07 1.33235353e-07
5.57500000e+01 1.34469353e-07 1.32915750e-07
5.58000000e+01 1.34330917e-07 1.32780913e-07
5.58500000e+01 1.34007447e-07 1.32463043e-07
5.59000000e+01 1.33685093e-07 1.32146263e-07
5.59500000e+01 1.33363833e-07 1.31830550e-07
5.60000000e+01 1.33226393e-07 1.31696637e-07
5.60500000e+01 1.32906877e-07 1.31382637e-07
5.61000000e+01 1.32588447e-07 1.31069687e-07
5.61500000e+01 1.32451350e-07 1.30936077e-07
5.62000000e+01 1.32134653e-07 1.30624817e-07
5.62500000e+01 1.31819043e-07 1.30314613e-07
5.63000000e+01 1.31504487e-07 1.30005447e-07
5.63500000e+01 1.31368377e-07 1.29872770e-07
5.64000000e+01 1.31055537e-07 1.29565270e-07
5.64500000e+01 1.30743753e-07 1.29258793e-07
5.65000000e+01 1.30433010e-07 1.28953347e-07
5.65500000e+01 1.30297873e-07 1.28821600e-07
5.66000000e+01 1.29988823e-07 1.28517793e-07
5.66500000e+01 1.29680807e-07 1.28214997e-07
5.67000000e+01 1.29373827e-07 1.27913207e-07
5.67500000e+01 1.29239657e-07 1.27782380e-07
5.68000000e+01 1.28934337e-07 1.27482213e-07
5.68500000e+01 1.28630033e-07 1.27183043e-07
5.69000000e+01 1.28326740e-07 1.26884857e-07
5.69500000e+01 1.28193543e-07 1.26754943e-07
5.70000000e+01 1.27891887e-07 1.26458353e-07
5.70500000e+01 1.27591243e-07 1.26162743e-07
5.71000000e+01 1.27458387e-07 1.26033140e-07
5.71500000e+01 1.28492250e-07 1.27057877e-07
5.72000000e+01 1.28191193e-07 1.26761853e-07
5.72500000e+01 1.27891133e-07 1.26466797e-07
5.73000000e+01 1.27756043e-07 1.26334957e-07
5.73500000e+01 1.27457590e-07 1.26041463e-07
5.74000000e+01 1.27160137e-07 1.25748953e-07
5.74500000e+01 1.26863653e-07 1.25457387e-07
5.75000000e+01 1.26729553e-07 1.25326473e-07
5.75500000e+01 1.26434670e-07 1.25036473e-07
5.76000000e+01 1.26140747e-07 1.24747403e-07
5.76500000e+01 1.25847783e-07 1.24459287e-07
5.77000000e+01 1.25714663e-07 1.24329310e-07
5.77500000e+01 1.25423287e-07 1.24042723e-07
5.78000000e+01 1.25132840e-07 1.23757053e-07
5.78500000e+01 1.24843353e-07 1.23472313e-07
5.79000000e+01 1.24711213e-07 1.23343283e-07
5.79500000e+01 1.24423263e-07 1.23060043e-07
5.80000000e+01 1.24136257e-07 1.22777733e-07
5.80500000e+01 1.23850183e-07 1.22496333e-07
5.81000000e+01 1.23719013e-07 1.22368217e-07
5.81500000e+01 1.23434457e-07 1.22088297e-07
5.82000000e+01 1.23150833e-07 1.21809277e-07
5.82500000e+01 1.22868120e-07 1.21531167e-07
5.83000000e+01 1.22737907e-07 1.21403953e-07
5.83500000e+01 1.22456687e-07 1.21127303e-07
5.84000000e+01 1.22176387e-07 1.20851537e-07
5.84500000e+01 1.21896997e-07 1.20576660e-07
5.85000000e+01 1.21767723e-07 1.20450350e-07
5.85500000e+01 1.21489807e-07 1.20176910e-07
5.86000000e+01 1.21212773e-07 1.19904347e-07
5.86500000e+01 1.20936640e-07 1.19632650e-07
5.87000000e+01 1.22068483e-07 1.20754497e-07
5.87500000e+01 1.21791033e-07 1.20481493e-07
5.88000000e+01 1.21514480e-07 1.20209377e-07
5.88500000e+01 1.21238803e-07 1.19938110e-07
5.89000000e+01 1.21108503e-07 1.19810720e-07
5.89500000e+01 1.20834280e-07 1.19540870e-07
5.90000000e+01 1.20560933e-07 1.19271873e-07
5.90500000e+01 1.20288457e-07 1.19003743e-07
5.91000000e+01 1.20159113e-07 1.18877280e-07
5.91500000e+01 1.19888077e-07 1.18610533e-07
5.92000000e+01 1.19617890e-07 1.18344637e-07
5.92500000e+01 1.19348570e-07 1.18079577e-07
5.93000000e+01 1.19220173e-07 1.17954023e-07
5.93500000e+01 1.18952260e-07 1.17690327e-07
5.94000000e+01 1.18685193e-07 1.17427477e-07
5.94500000e+01 1.18418977e-07 1.17165450e-07
5.95000000e+01 1.18291533e-07 1.17040807e-07
5.95500000e+01 1.18026691e-07 1.16780127e-07
5.96000000e+01 1.17762701e-07 1.16520277e-07
5.96500000e+01 1.17499532e-07 1.16261233e-07
5.97000000e+01 1.17373031e-07 1.16137477e-07
5.97500000e+01 1.17111232e-07 1.15879780e-07
5.98000000e+01 1.16850254e-07 1.15622877e-07
5.98500000e+01 1.16590104e-07 1.15366787e-07
5.99000000e+01 1.16464527e-07 1.15243913e-07
5.99500000e+01 1.16205720e-07 1.14989137e-07
6.00000000e+01 1.15947719e-07 1.14735153e-07
6.00500000e+01 1.15690536e-07 1.14481963e-07
6.01000000e+01 1.15434163e-07 1.14229563e-07
6.01500000e+01 1.15310022e-07 1.14108070e-07
6.02000000e+01 1.15054965e-07 1.13856970e-07
6.02500000e+01 1.14800695e-07 1.13606627e-07
6.03000000e+01 1.15738944e-07 1.14536967e-07
6.03500000e+01 1.15613015e-07 1.14413690e-07
6.04000000e+01 1.15358310e-07 1.14162903e-07
6.04500000e+01 1.15104399e-07 1.13912903e-07
6.05000000e+01 1.14851274e-07 1.13663660e-07
6.05500000e+01 1.14726289e-07 1.13541287e-07
6.06000000e+01 1.14474464e-07 1.13293323e-07
6.06500000e+01 1.14223414e-07 1.13046113e-07
6.07000000e+01 1.13973152e-07 1.12799673e-07
6.07500000e+01 1.13849084e-07 1.12678180e-07
6.08000000e+01 1.13600098e-07 1.12432990e-07
6.08500000e+01 1.13351883e-07 1.12188553e-07
6.09000000e+01 1.13104431e-07 1.11944870e-07
6.09500000e+01 1.12857744e-07 1.11701927e-07
6.10000000e+01 1.12735089e-07 1.11581797e-07
6.10500000e+01 1.12489651e-07 1.11340080e-07
6.11000000e+01 1.12244977e-07 1.11099107e-07
6.11500000e+01 1.12001048e-07 1.10858870e-07
6.12000000e+01 1.11879292e-07 1.10739600e-07
6.12500000e+01 1.11636604e-07 1.10500570e-07
6.13000000e+01 1.11394660e-07 1.10262267e-07
6.13500000e+01 1.11153451e-07 1.10024700e-07
6.14000000e+01 1.11032576e-07 1.09906283e-07
6.14500000e+01 1.10792610e-07 1.09669913e-07
6.15000000e+01 1.10553355e-07 1.09434240e-07
6.15500000e+01 1.10314830e-07 1.09199290e-07
6.16000000e+01 1.10077044e-07 1.08965067e-07
6.16500000e+01 1.09957524e-07 1.08847947e-07
6.17000000e+01 1.09720938e-07 1.08614893e-07
6.17500000e+01 1.09485053e-07 1.08382527e-07
6.18000000e+01 1.09249904e-07 1.08150885e-07
6.18500000e+01 1.09131252e-07 1.08034606e-07
6.19000000e+01 1.08897273e-07 1.07804102e-07
6.19500000e+01 1.08664013e-07 1.07574300e-07
6.20000000e+01 1.09556114e-07 1.08459060e-07
6.20500000e+01 1.09321927e-07 1.08228344e-07
6.21000000e+01 1.09202148e-07 1.08110930e-07
6.21500000e+01 1.08969142e-07 1.07881358e-07
6.22000000e+01 1.08736815e-07 1.07652461e-07
6.22500000e+01 1.08505203e-07 1.07424260e-07
6.23000000e+01 1.08386303e-07 1.07307697e-07
6.23500000e+01 1.08155859e-07 1.07080626e-07
6.24000000e+01 1.07926100e-07 1.06854234e-07
6.24500000e+01 1.07697012e-07 1.06628507e-07
6.25000000e+01 1.07468622e-07 1.06403480e-07
6.25500000e+01 1.07351041e-07 1.06288186e-07
6.26000000e+01 1.07123800e-07 1.06064251e-07
6.26500000e+01 1.06897226e-07 1.05840985e-07
6.27000000e+01 1.06671330e-07 1.05618382e-07
6.27500000e+01 1.06554606e-07 1.05503922e-07
6.28000000e+01 1.06329837e-07 1.05282414e-07
6.28500000e+01 1.06105738e-07 1.05061562e-07
6.29000000e+01 1.05882302e-07 1.04841366e-07
6.29500000e+01 1.05659527e-07 1.04621835e-07
6.30000000e+01 1.05544085e-07 1.04508608e-07
6.30500000e+01 1.05322417e-07 1.04290139e-07
6.31000000e+01 1.05101411e-07 1.04072334e-07
6.31500000e+01 1.04881060e-07 1.03855156e-07
6.32000000e+01 1.04766442e-07 1.03742723e-07
6.32500000e+01 1.04547176e-07 1.03526616e-07
6.33000000e+01 1.04328560e-07 1.03311135e-07
6.33500000e+01 1.04110580e-07 1.03096284e-07
6.34000000e+01 1.03893256e-07 1.02882087e-07
6.34500000e+01 1.03779894e-07 1.02770873e-07
6.35000000e+01 1.03563624e-07 1.02557698e-07
6.35500000e+01 1.03347995e-07 1.02345157e-07
6.36000000e+01 1.03133007e-07 1.02133241e-07
6.36500000e+01 1.03020457e-07 1.02022802e-07
6.37000000e+01 1.02806524e-07 1.01811915e-07
6.37500000e+01 1.02593215e-07 1.01601633e-07
6.38000000e+01 1.03440175e-07 1.02441799e-07
6.38500000e+01 1.03225980e-07 1.02230648e-07
6.39000000e+01 1.03112411e-07 1.02119191e-07
6.39500000e+01 1.02899260e-07 1.01909061e-07
6.40000000e+01 1.02686736e-07 1.01699558e-07
6.40500000e+01 1.02474831e-07 1.01490647e-07
6.41000000e+01 1.02263556e-07 1.01282341e-07
6.41500000e+01 1.02151227e-07 1.01172080e-07
6.42000000e+01 1.01940973e-07 1.00964781e-07
6.42500000e+01 1.01731322e-07 1.00758084e-07
6.43000000e+01 1.01522284e-07 1.00551981e-07
6.43500000e+01 1.01313839e-07 1.00346476e-07
6.44000000e+01 1.01202729e-07 1.00237394e-07
6.44500000e+01 1.00995305e-07 1.00032883e-07
6.45000000e+01 1.00788481e-07 9.98289630e-08
6.45500000e+01 1.00582266e-07 9.96256223e-08
6.46000000e+01 1.00471945e-07 9.95172967e-08
6.46500000e+01 1.00266723e-07 9.93149313e-08
6.47000000e+01 1.00062086e-07 9.91131487e-08
6.47500000e+01 9.98580437e-08 9.89119443e-08
6.48000000e+01 9.96545877e-08 9.87113273e-08
6.48500000e+01 9.95454427e-08 9.86041490e-08
6.49000000e+01 9.93429623e-08 9.84044827e-08
6.49500000e+01 9.91410680e-08 9.82054007e-08
6.50000000e+01 9.89397620e-08 9.80068730e-08
6.50500000e+01 9.87390337e-08 9.78089133e-08
6.51000000e+01 9.86310503e-08 9.77028610e-08
6.51500000e+01 9.84312803e-08 9.75058450e-08
6.52000000e+01 9.82320773e-08 9.73093890e-08
6.52500000e+01 9.80334470e-08 9.71135030e-08
6.53000000e+01 9.78353843e-08 9.69181647e-08
6.53500000e+01 9.77285453e-08 9.68132273e-08
6.54000000e+01 9.75314283e-08 9.66188300e-08
6.54500000e+01 9.73348730e-08 9.64249697e-08
6.55000000e+01 9.71388947e-08 9.62316630e-08
6.55500000e+01 9.69434477e-08 9.60388913e-08
6.56000000e+01 9.68377420e-08 9.59350443e-08
6.56500000e+01 9.76421217e-08 9.67331283e-08
6.57000000e+01 9.74462097e-08 9.65398870e-08
6.57500000e+01 9.72508653e-08 9.63472097e-08
6.58000000e+01 9.70560600e-08 9.61550580e-08
6.58500000e+01 9.69494297e-08 9.60502987e-08
6.59000000e+01 9.67555610e-08 9.58590640e-08
6.59500000e+01 9.65622587e-08 9.56683690e-08
6.60000000e+01 9.63694747e-08 9.54781983e-08
6.60500000e+01 9.61772440e-08 9.52885613e-08
6.61000000e+01 9.60717397e-08 9.51848847e-08
6.61500000e+01 9.58804107e-08 9.49961387e-08
6.62000000e+01 9.56896287e-08 9.48079427e-08
6.62500000e+01 9.54993767e-08 9.46202520e-08
6.63000000e+01 9.53096593e-08 9.44330960e-08
6.63500000e+01 9.52052513e-08 9.43304920e-08
6.64000000e+01 9.50164460e-08 9.41442140e-08
6.64500000e+01 9.48281560e-08 9.39584473e-08
6.65000000e+01 9.46403963e-08 9.37732007e-08
6.65500000e+01 9.44531570e-08 9.35884690e-08
6.66000000e+01 9.43498323e-08 9.34869083e-08
6.66500000e+01 9.41634827e-08 9.33030560e-08
6.67000000e+01 9.39776433e-08 9.31196997e-08
6.67500000e+01 9.37923230e-08 9.29368507e-08
6.68000000e+01 9.36075207e-08 9.27545247e-08
6.68500000e+01 9.35052663e-08 9.26540000e-08
6.69000000e+01 9.33213443e-08 9.24725180e-08
6.69500000e+01 9.31379183e-08 9.22915263e-08
6.70000000e+01 9.29550083e-08 9.21110403e-08
6.70500000e+01 9.27725923e-08 9.19310430e-08
6.71000000e+01 9.25906943e-08 9.17515617e-08
6.71500000e+01 9.24898350e-08 9.16524007e-08
6.72000000e+01 9.23087847e-08 9.14737430e-08
6.72500000e+01 9.21282237e-08 9.12955777e-08
6.73000000e+01 9.19481737e-08 9.11179030e-08
6.73500000e+01 9.17686263e-08 9.09407097e-08
6.74000000e+01 9.16687927e-08 9.08425460e-08
6.74500000e+01 9.14900810e-08 9.06661770e-08
6.75000000e+01 9.13118573e-08 9.04902933e-08
6.75500000e+01 9.20763000e-08 9.12489037e-08
6.76000000e+01 9.18972683e-08 9.10722240e-08
6.76500000e+01 9.17965973e-08 9.09732157e-08
6.77000000e+01 9.16183953e-08 9.07973570e-08
6.77500000e+01 9.14406723e-08 9.06219560e-08
6.78000000e+01 9.12634497e-08 9.04470333e-08
6.78500000e+01 9.10867037e-08 9.02725917e-08
6.79000000e+01 9.09870667e-08 9.01745873e-08
6.79500000e+01 9.08111330e-08 9.00009427e-08
6.80000000e+01 9.06356830e-08 8.98277723e-08
6.80500000e+01 9.04607123e-08 8.96550827e-08
6.81000000e+01 9.02862197e-08 8.94828520e-08
6.81500000e+01 9.01121950e-08 8.93110900e-08
6.82000000e+01 9.00138900e-08 8.92143930e-08
6.82500000e+01 8.98406807e-08 8.90434173e-08
6.83000000e+01 8.96679420e-08 8.88729073e-08
6.83500000e+01 8.94956767e-08 8.87028583e-08
6.84000000e+01 8.93238627e-08 8.85332603e-08
6.84500000e+01 8.92265430e-08 8.84375173e-08
6.85000000e+01 8.90555173e-08 8.82686980e-08
6.85500000e+01 8.88849610e-08 8.81003380e-08
6.86000000e+01 8.87148617e-08 8.79324237e-08
6.86500000e+01 8.85452233e-08 8.77649747e-08
6.87000000e+01 8.83760557e-08 8.75979660e-08
6.87500000e+01 8.82800330e-08 8.75034817e-08
6.88000000e+01 8.81116247e-08 8.73372283e-08
6.88500000e+01 8.79436767e-08 8.71714233e-08
6.89000000e+01 8.77761800e-08 8.70060647e-08
6.89500000e+01 8.76091240e-08 8.68411487e-08
6.90000000e+01 8.75140523e-08 8.67475933e-08
6.90500000e+01 8.73477640e-08 8.65834233e-08
6.91000000e+01 8.71819233e-08 8.64197053e-08
6.91500000e+01 8.70165227e-08 8.62564053e-08
6.92000000e+01 8.68515797e-08 8.60935433e-08
6.92500000e+01 8.66870653e-08 8.59311177e-08
6.93000000e+01 8.65932473e-08 8.58387800e-08
6.93500000e+01 8.64294767e-08 8.56770833e-08
6.94000000e+01 8.62661477e-08 8.55158193e-08
6.94500000e+01 8.61032440e-08 8.53549827e-08
6.95000000e+01 8.59407893e-08 8.51945783e-08
6.95500000e+01 8.57787583e-08 8.50346030e-08
6.96000000e+01 8.65720477e-08 8.58219207e-08
6.96500000e+01 8.64091337e-08 8.56610437e-08
6.97000000e+01 8.62466430e-08 8.55005947e-08
6.97500000e+01 8.60845800e-08 8.53405620e-08
6.98000000e+01 8.59229427e-08 8.51809543e-08
6.98500000e+01 8.58295717e-08 8.50890370e-08
6.99000000e+01 8.56686730e-08 8.49301573e-08
6.99500000e+01 8.55081907e-08 8.47716830e-08
7.00000000e+01 8.53481447e-08 8.46136483e-08
7.00500000e+01 8.51885167e-08 8.44560110e-08
7.01000000e+01 8.50293057e-08 8.42987820e-08
7.01500000e+01 8.49371470e-08 8.42080413e-08
7.02000000e+01 8.47786580e-08 8.40515197e-08
7.02500000e+01 8.46205843e-08 8.38954110e-08
7.03000000e+01 8.44629263e-08 8.37397137e-08
7.03500000e+01 8.43056783e-08 8.35844237e-08
7.04000000e+01 8.41488450e-08 8.34295360e-08
7.04500000e+01 8.40578593e-08 8.33399470e-08
7.05000000e+01 8.39017347e-08 8.31857647e-08
7.05500000e+01 8.37460170e-08 8.30319670e-08
7.06000000e+01 8.35907123e-08 8.28785733e-08
7.06500000e+01 8.34357977e-08 8.27255733e-08
7.07000000e+01 8.32812973e-08 8.25729737e-08
7.07500000e+01 8.31914853e-08 8.24845287e-08
7.08000000e+01 8.30376630e-08 8.23326080e-08
7.08500000e+01 8.28842567e-08 8.21810877e-08
7.09000000e+01 8.27312453e-08 8.20299540e-08
7.09500000e+01 8.25786240e-08 8.18792167e-08
7.10000000e+01 8.24264103e-08 8.17288710e-08
7.10500000e+01 8.23377380e-08 8.16415273e-08
7.11000000e+01 8.21861957e-08 8.14918417e-08
7.11500000e+01 8.20350580e-08 8.13425460e-08
7.12000000e+01 8.18842990e-08 8.11936297e-08
7.12500000e+01 8.17339350e-08 8.10451013e-08
7.13000000e+01 8.15839563e-08 8.08969557e-08
7.13500000e+01 8.14963893e-08 8.08107067e-08
7.14000000e+01 8.13470767e-08 8.06632220e-08
7.14500000e+01 8.11981527e-08 8.05161093e-08
7.15000000e+01 8.10496193e-08 8.03693690e-08
7.15500000e+01 8.09014620e-08 8.02230090e-08
7.16000000e+01 8.07536953e-08 8.00770273e-08
7.16500000e+01 8.06672247e-08 7.99918500e-08
7.17000000e+01 8.13537803e-08 8.06734230e-08
7.17500000e+01 8.12055477e-08 8.05269883e-08
7.18000000e+01 8.10576887e-08 8.03809160e-08
7.18500000e+01 8.09102143e-08 8.02352313e-08
7.19000000e+01 8.07631210e-08 8.00899107e-08
7.19500000e+01 8.06762123e-08 8.00042767e-08
7.20000000e+01 8.05297643e-08 7.98595867e-08
7.20500000e+01 8.03836953e-08 7.97152690e-08
7.21000000e+01 8.02379987e-08 7.95713217e-08
7.21500000e+01 8.00926687e-08 7.94277353e-08
7.22000000e+01 7.99477040e-08 7.92845147e-08
7.22500000e+01 7.98031213e-08 7.91416637e-08
7.23000000e+01 7.97175500e-08 7.90573513e-08
7.23500000e+01 7.95735950e-08 7.89151220e-08
7.24000000e+01 7.94300080e-08 7.87732430e-08
7.24500000e+01 7.92867870e-08 7.86317267e-08
7.25000000e+01 7.91439293e-08 7.84905717e-08
7.25500000e+01 7.90014420e-08 7.83497777e-08
7.26000000e+01 7.89169243e-08 7.82664900e-08
7.26500000e+01 7.87750397e-08 7.81262983e-08
7.27000000e+01 7.86335270e-08 7.79864667e-08
7.27500000e+01 7.84923670e-08 7.78469823e-08
7.28000000e+01 7.83515683e-08 7.77078627e-08
7.28500000e+01 7.82111200e-08 7.75690783e-08
7.29000000e+01 7.81276530e-08 7.74868067e-08
7.29500000e+01 7.79878100e-08 7.73486170e-08
7.30000000e+01 7.78483353e-08 7.72107863e-08
7.30500000e+01 7.77092037e-08 7.70732970e-08
7.31000000e+01 7.75704257e-08 7.69361553e-08
7.31500000e+01 7.74319923e-08 7.67993590e-08
7.32000000e+01 7.72939103e-08 7.66629027e-08
7.32500000e+01 7.72116913e-08 7.65818737e-08
7.33000000e+01 7.70742017e-08 7.64459990e-08
7.33500000e+01 7.69370710e-08 7.63104680e-08
7.34000000e+01 7.68002770e-08 7.61752787e-08
7.34500000e+01 7.66638253e-08 7.60404220e-08
7.35000000e+01 7.65277147e-08 7.59059050e-08
7.35500000e+01 7.63919487e-08 7.57717270e-08
7.36000000e+01 7.63109583e-08 7.56918963e-08
7.36500000e+01 7.61757710e-08 7.55582877e-08
7.37000000e+01 7.60409163e-08 7.54250163e-08
7.37500000e+01 7.59064103e-08 7.52920780e-08
7.38000000e+01 7.57722377e-08 7.51594573e-08
7.38500000e+01 7.56384007e-08 7.50271777e-08
7.39000000e+01 7.55583813e-08 7.49482870e-08
7.39500000e+01 7.62075933e-08 7.55929110e-08
7.40000000e+01 7.60733037e-08 7.54601793e-08
7.40500000e+01 7.59393507e-08 7.53277847e-08
7.41000000e+01 7.58057253e-08 7.51957067e-08
7.41500000e+01 7.56724270e-08 7.50639550e-08
7.42000000e+01 7.55394620e-08 7.49325320e-08
7.42500000e+01 7.54592543e-08 7.48534407e-08
7.43000000e+01 7.53268653e-08 7.47225750e-08
7.43500000e+01 7.51947987e-08 7.45920270e-08
7.44000000e+01 7.50630580e-08 7.44618040e-08
7.44500000e+01 7.49316377e-08 7.43318960e-08
7.45000000e+01 7.48005453e-08 7.42023170e-08
7.45500000e+01 7.46697800e-08 7.40730540e-08
7.46000000e+01 7.45907427e-08 7.39951147e-08
7.46500000e+01 7.44605280e-08 7.38664030e-08
7.47000000e+01 7.43306437e-08 7.37380010e-08
7.47500000e+01 7.42010727e-08 7.36099093e-08
7.48000000e+01 7.40718187e-08 7.34821343e-08
7.48500000e+01 7.39428823e-08 7.33546673e-08
7.49000000e+01 7.38142613e-08 7.32275153e-08
7.49500000e+01 7.37363803e-08 7.31507147e-08
7.50000000e+01 7.36082993e-08 7.30240937e-08
7.50500000e+01 7.34805357e-08 7.28977850e-08
7.51000000e+01 7.33530877e-08 7.27717967e-08
7.51500000e+01 7.32259473e-08 7.26461020e-08
7.52000000e+01 7.30991317e-08 7.25207167e-08
7.52500000e+01 7.29726110e-08 7.23956323e-08
7.53000000e+01 7.28958627e-08 7.23199313e-08
7.53500000e+01 7.27698780e-08 7.21953747e-08
7.54000000e+01 7.26441963e-08 7.20711157e-08
7.54500000e+01 7.25188243e-08 7.19471667e-08
7.55000000e+01 7.23937527e-08 7.18235090e-08
7.55500000e+01 7.22689890e-08 7.17001633e-08
7.56000000e+01 7.21445240e-08 7.15771030e-08
7.56500000e+01 7.20688847e-08 7.15024813e-08
7.57000000e+01 7.19449447e-08 7.13799383e-08
7.57500000e+01 7.18213133e-08 7.12576950e-08
7.58000000e+01 7.16979737e-08 7.11357420e-08
7.58500000e+01 7.15749283e-08 7.10140790e-08
7.59000000e+01 7.14521843e-08 7.08927183e-08
7.59500000e+01 7.13297410e-08 7.07716483e-08
7.60000000e+01 7.12075897e-08 7.06508703e-08
7.60500000e+01 7.11332300e-08 7.05775187e-08
7.61000000e+01 7.10115973e-08 7.04572407e-08
7.61500000e+01 7.08902517e-08 7.03372477e-08
7.62000000e+01 7.07692023e-08 7.02175467e-08
7.62500000e+01 7.13836833e-08 7.08277970e-08
7.63000000e+01 7.12619807e-08 7.07074513e-08
7.63500000e+01 7.11405670e-08 7.05873947e-08
7.64000000e+01 7.10659950e-08 7.05138177e-08
7.64500000e+01 7.09450887e-08 7.03942563e-08
7.65000000e+01 7.08244687e-08 7.02749843e-08
7.65500000e+01 7.07041397e-08 7.01559850e-08
7.66000000e+01 7.05841007e-08 7.00372733e-08
7.66500000e+01 7.04643483e-08 6.99188487e-08
7.67000000e+01 7.03448827e-08 6.98007017e-08
7.67500000e+01 7.02257027e-08 6.96828400e-08
7.68000000e+01 7.01523883e-08 6.96105017e-08
7.68500000e+01 7.00336967e-08 6.94931210e-08
7.69000000e+01 6.99152917e-08 6.93760227e-08
7.69500000e+01 6.97971650e-08 6.92592063e-08
7.70000000e+01 6.96793233e-08 6.91426633e-08
7.70500000e+01 6.95617680e-08 6.90263927e-08
7.71000000e+01 6.94444867e-08 6.89104013e-08
7.71500000e+01 6.93274840e-08 6.87946810e-08
7.72000000e+01 6.92553947e-08 6.87235387e-08
7.72500000e+01 6.91388727e-08 6.86082953e-08
7.73000000e+01 6.90226233e-08 6.84933253e-08
7.73500000e+01 6.89066537e-08 6.83786260e-08
7.74000000e+01 6.87909550e-08 6.82642013e-08
7.74500000e+01 6.86755337e-08 6.81500423e-08
7.75000000e+01 6.85603913e-08 6.80361490e-08
7.75500000e+01 6.84892953e-08 6.79659810e-08
7.76000000e+01 6.83746223e-08 6.78525550e-08
7.76500000e+01 6.82602123e-08 6.77393923e-08
7.77000000e+01 6.81460767e-08 6.76264997e-08
7.77500000e+01 6.80322057e-08 6.75138727e-08
7.78000000e+01 6.79186003e-08 6.74015023e-08
7.78500000e+01 6.78052653e-08 6.72894030e-08
7.79000000e+01 6.76922017e-08 6.71775703e-08
7.79500000e+01 6.75794050e-08 6.70659923e-08
7.80000000e+01 6.75096807e-08 6.69971663e-08
7.80500000e+01 6.73973377e-08 6.68860363e-08
7.81000000e+01 6.72852587e-08 6.67751700e-08
7.81500000e+01 6.71734390e-08 6.66645593e-08
7.82000000e+01 6.70618857e-08 6.65542153e-08
7.82500000e+01 6.69505963e-08 6.64441280e-08
7.83000000e+01 6.68395577e-08 6.63342870e-08
7.83500000e+01 6.67287900e-08 6.62247203e-08
7.84000000e+01 6.66601973e-08 6.61570040e-08
7.84500000e+01 6.65498707e-08 6.60478603e-08
7.85000000e+01 6.64398087e-08 6.59389817e-08
7.85500000e+01 6.63299963e-08 6.58303453e-08
7.86000000e+01 6.62204403e-08 6.57219653e-08
7.86500000e+01 6.61111433e-08 6.56138453e-08
7.87000000e+01 6.66914393e-08 6.61902517e-08
7.87500000e+01 6.65815310e-08 6.60815193e-08
7.88000000e+01 6.65128887e-08 6.60137567e-08
7.88500000e+01 6.64034190e-08 6.59054577e-08
7.89000000e+01 6.62942167e-08 6.57974120e-08
7.89500000e+01 6.61852553e-08 6.56896130e-08
7.90000000e+01 6.60765533e-08 6.55820667e-08
7.90500000e+01 6.59680970e-08 6.54747653e-08
7.91000000e+01 6.58598877e-08 6.53677080e-08
7.91500000e+01 6.57519330e-08 6.52609060e-08
7.92000000e+01 6.56442247e-08 6.51543420e-08
7.92500000e+01 6.55768660e-08 6.50878400e-08
7.93000000e+01 6.54695930e-08 6.49817050e-08
7.93500000e+01 6.53625797e-08 6.48758177e-08
7.94000000e+01 6.52557940e-08 6.47701630e-08
7.94500000e+01 6.51492687e-08 6.46647620e-08
7.95000000e+01 6.50429750e-08 6.45595927e-08
7.95500000e+01 6.49369297e-08 6.44546680e-08
7.96000000e+01 6.48311327e-08 6.43499923e-08
7.96500000e+01 6.47255750e-08 6.42455487e-08
7.97000000e+01 6.46594563e-08 6.41802603e-08
7.97500000e+01 6.45543233e-08 6.40762383e-08
7.98000000e+01 6.44494260e-08 6.39724403e-08
7.98500000e+01 6.43447787e-08 6.38688900e-08
7.99000000e+01 6.42403603e-08 6.37655663e-08
7.99500000e+01 6.41361820e-08 6.36624817e-08
8.00000000e+01 6.40322457e-08 6.35596363e-08
