-2.00000000e+01 3.29512160e-08
-1.99500000e+01 3.30791103e-08
-1.99000000e+01 3.32077673e-08
-1.98500000e+01 3.33371953e-08
-1.98000000e+01 3.34674037e-08
-1.97500000e+01 3.35983937e-08
-1.97000000e+01 3.37301770e-08
-1.96500000e+01 3.38627557e-08
-1.96000000e+01 3.39961353e-08
-1.95500000e+01 3.41303267e-08
-1.95000000e+01 3.42653370e-08
-1.94500000e+01 3.44011720e-08
-1.94000000e+01 3.45378337e-08
-1.93500000e+01 3.46753370e-08
-1.93000000e+01 3.48136823e-08
-1.92500000e+01 3.49528813e-08
-1.92000000e+01 3.50929387e-08
-1.91500000e+01 3.52338630e-08
-1.91000000e+01 3.53756603e-08
-1.90500000e+01 3.55183367e-08
-1.90000000e+01 3.56619037e-08
-1.89500000e+01 3.58063687e-08
-1.89000000e+01 3.59517360e-08
-1.88500000e+01 3.60980133e-08
-1.88000000e+01 3.62452100e-08
-1.87500000e+01 3.63933350e-08
-1.87000000e+01 3.65423963e-08
-1.86500000e+01 3.66923987e-08
-1.86000000e+01 3.68433560e-08
-1.85500000e+01 3.69952703e-08
-1.85000000e+01 3.71481540e-08
-1.84500000e+01 3.73020130e-08
-1.84000000e+01 3.74568587e-08
-1.83500000e+01 3.76126987e-08
-1.83000000e+01 3.77695393e-08
-1.82500000e+01 3.79273937e-08
-1.82000000e+01 3.80862683e-08
-1.81500000e+01 3.82461723e-08
-1.81000000e+01 3.84071130e-08
-1.80500000e+01 3.85691040e-08
-1.80000000e+01 3.87321520e-08
-1.79500000e+01 3.88962650e-08
-1.79000000e+01 3.90614567e-08
-1.78500000e+01 3.92277337e-08
-1.78000000e+01 3.93951067e-08
-1.77500000e+01 3.95635843e-08
-1.77000000e+01 3.97331790e-08
-1.76500000e+01 3.99038983e-08
-1.76000000e+01 4.00757550e-08
-1.75500000e+01 4.02487593e-08
-1.75000000e+01 4.04229200e-08
-1.74500000e+01 4.05982487e-08
-1.74000000e+01 4.07747543e-08
-1.73500000e+01 4.09524510e-08
-1.73000000e+01 4.11313470e-08
-1.72500000e+01 4.13114560e-08
-1.72000000e+01 4.14927883e-08
-1.71500000e+01 4.16753520e-08
-1.71000000e+01 4.18591667e-08
-1.70500000e+01 4.20442347e-08
-1.70000000e+01 4.22305740e-08
-1.69500000e+01 4.24181930e-08
-1.69000000e+01 4.26071070e-08
-1.68500000e+01 4.27973277e-08
-1.68000000e+01 4.29888640e-08
-1.67500000e+01 4.31817333e-08
-1.67000000e+01 4.33759463e-08
-1.66500000e+01 4.35715160e-08
-1.66000000e+01 4.37684527e-08
-1.65500000e+01 4.39667747e-08
-1.65000000e+01 4.41664923e-08
-1.64500000e+01 4.43676177e-08
-1.64000000e+01 4.45701687e-08
-1.63500000e+01 4.47741570e-08
-1.63000000e+01 4.49795963e-08
-1.62500000e+01 4.51864990e-08
-1.62000000e+01 4.53948840e-08
-1.61500000e+01 4.56047640e-08
-1.61000000e+01 4.58161503e-08
-1.60500000e+01 4.60290633e-08
-1.60000000e+01 4.62435160e-08
-1.59500000e+01 4.64595230e-08
-1.59000000e+01 4.66770993e-08
-1.58500000e+01 4.68962627e-08
-1.58000000e+01 4.71170270e-08
-1.57500000e+01 4.73394110e-08
-1.57000000e+01 4.75634300e-08
-1.56500000e+01 4.77890977e-08
-1.56000000e+01 4.80164383e-08
-1.55500000e+01 4.82454593e-08
-1.55000000e+01 4.84761850e-08
-1.54500000e+01 4.87086280e-08
-1.54000000e+01 4.89428110e-08
-1.53500000e+01 4.91787497e-08
-1.53000000e+01 4.94164590e-08
-1.52500000e+01 4.96559657e-08
-1.52000000e+01 4.98972787e-08
-1.51500000e+01 5.01404233e-08
-1.51000000e+01 5.03854140e-08
-1.50500000e+01 5.06322757e-08
-1.50000000e+01 5.08810260e-08
-1.49500000e+01 5.11316807e-08
-1.49000000e+01 5.13842673e-08
-1.48500000e+01 5.16388027e-08
-1.48000000e+01 5.18953070e-08
-1.47500000e+01 5.21537997e-08
-1.47000000e+01 5.24143070e-08
-1.46500000e+01 5.26768487e-08
-1.46000000e+01 5.29414423e-08
-1.45500000e+01 5.32081180e-08
-1.45000000e+01 5.34768943e-08
-1.44500000e+01 5.37477937e-08
-1.44000000e+01 5.40208373e-08
-1.43500000e+01 5.42960540e-08
-1.43000000e+01 5.45734633e-08
-1.42500000e+01 5.48530927e-08
-1.42000000e+01 5.51349663e-08
-1.41500000e+01 5.54191080e-08
-1.41000000e+01 5.57055433e-08
-1.40500000e+01 5.59942950e-08
-1.40000000e+01 5.62853947e-08
-1.39500000e+01 5.65788633e-08
-1.39000000e+01 5.68747333e-08
-1.38500000e+01 5.71730297e-08
-1.38000000e+01 5.74737757e-08
-1.37500000e+01 5.77770097e-08
-1.37000000e+01 5.80827480e-08
-1.36500000e+01 5.83910277e-08
-1.36000000e+01 5.87018730e-08
-1.35500000e+01 5.90153180e-08
-1.35000000e+01 5.93313920e-08
-1.34500000e+01 5.96501213e-08
-1.34000000e+01 5.99715437e-08
-1.33500000e+01 6.02956877e-08
-1.33000000e+01 6.06225847e-08
-1.32500000e+01 6.09522647e-08
-1.32000000e+01 6.12847670e-08
-1.31500000e+01 6.16201220e-08
-1.31000000e+01 6.19583597e-08
-1.30500000e+01 6.22995223e-08
-1.30000000e+01 6.26436420e-08
-1.29500000e+01 6.29907533e-08
-1.29000000e+01 6.33408897e-08
-1.28500000e+01 6.36940947e-08
-1.28000000e+01 6.40504023e-08
-1.27500000e+01 6.44098470e-08
-1.27000000e+01 6.47724750e-08
-1.26500000e+01 6.51383217e-08
-1.26000000e+01 6.55074257e-08
-1.25500000e+01 6.58798257e-08
-1.25000000e+01 6.62555690e-08
-1.24500000e+01 6.66346910e-08
-1.24000000e+01 6.70172400e-08
-1.23500000e+01 6.74032573e-08
-1.23000000e+01 6.77927823e-08
-1.22500000e+01 6.81858713e-08
-1.22000000e+01 6.85825537e-08
-1.21500000e+01 6.89828883e-08
-1.21000000e+01 6.93869130e-08
-1.20500000e+01 6.97946837e-08
-1.20000000e+01 7.02062457e-08
-1.19500000e+01 7.06216430e-08
-1.19000000e+01 7.10409390e-08
-1.18500000e+01 7.14641687e-08
-1.18000000e+01 7.18913953e-08
-1.17500000e+01 7.23226633e-08
-1.17000000e+01 7.27580347e-08
-1.16500000e+01 7.31975613e-08
-1.16000000e+01 7.36412930e-08
-1.15500000e+01 7.40892950e-08
-1.15000000e+01 7.45416213e-08
-1.14500000e+01 7.49983293e-08
-1.14000000e+01 7.54594757e-08
-1.13500000e+01 7.59251283e-08
-1.13000000e+01 7.63953460e-08
-1.12500000e+01 7.68701853e-08
-1.12000000e+01 7.73497213e-08
-1.11500000e+01 7.78340133e-08
-1.11000000e+01 7.83231280e-08
-1.10500000e+01 7.88171270e-08
-1.10000000e+01 7.93160900e-08
-1.09500000e+01 7.98200777e-08
-1.09000000e+01 8.03291687e-08
-1.08500000e+01 8.08434340e-08
-1.08000000e+01 8.13629453e-08
-1.07500000e+01 8.18877787e-08
-1.07000000e+01 8.24180060e-08
-1.06500000e+01 8.29537153e-08
-1.06000000e+01 8.34949763e-08
-1.05500000e+01 8.40418810e-08
-1.05000000e+01 8.45945063e-08
-1.04500000e+01 8.51529313e-08
-1.04000000e+01 8.57172583e-08
-1.03500000e+01 8.62875550e-08
-1.03000000e+01 8.68639247e-08
-1.02500000e+01 8.74464470e-08
-1.02000000e+01 8.80352317e-08
-1.01500000e+01 8.86303593e-08
-1.01000000e+01 8.92319287e-08
-1.00500000e+01 8.98400463e-08
-1.00000000e+01 9.04548070e-08
-9.95000000e+00 9.10763147e-08
-9.90000000e+00 9.17046643e-08
-9.85000000e+00 9.23399817e-08
-9.80000000e+00 9.29823657e-08
-9.75000000e+00 9.36319193e-08
-9.70000000e+00 9.42887737e-08
-9.65000000e+00 9.49530363e-08
-9.60000000e+00 9.56248250e-08
-9.55000000e+00 9.63042537e-08
-9.50000000e+00 9.69914623e-08
-9.45000000e+00 9.76865677e-08
-9.40000000e+00 9.83896890e-08
-9.35000000e+00 9.91009793e-08
-9.30000000e+00 9.98205623e-08
-9.25000000e+00 1.00548575e-07
-9.20000000e+00 1.01285146e-07
-9.15000000e+00 1.02030445e-07
-9.10000000e+00 1.02784594e-07
-9.05000000e+00 1.03547757e-07
-9.00000000e+00 1.04320091e-07
-8.95000000e+00 1.05101734e-07
-8.90000000e+00 1.05892872e-07
-8.85000000e+00 1.06693639e-07
-8.80000000e+00 1.07504231e-07
-8.75000000e+00 1.08324795e-07
-8.70000000e+00 1.09155528e-07
-8.65000000e+00 1.09996597e-07
-8.60000000e+00 1.10848187e-07
-8.55000000e+00 1.11710500e-07
-8.50000000e+00 1.12583700e-07
-8.45000000e+00 1.13468013e-07
-8.40000000e+00 1.14363620e-07
-8.35000000e+00 1.15270743e-07
-8.30000000e+00 1.16189590e-07
-8.25000000e+00 1.17120363e-07
-8.20000000e+00 1.18063310e-07
-8.15000000e+00 1.19018640e-07
-8.10000000e+00 1.19986600e-07
-8.05000000e+00 1.20967407e-07
-8.00000000e+00 1.21961330e-07
-7.95000000e+00 1.22968610e-07
-7.90000000e+00 1.23989500e-07
-7.85000000e+00 1.25024280e-07
-7.80000000e+00 1.26073213e-07
-7.75000000e+00 1.27136573e-07
-7.70000000e+00 1.28214643e-07
-7.65000000e+00 1.29307733e-07
-7.60000000e+00 1.30416123e-07
-7.55000000e+00 1.31540143e-07
-7.50000000e+00 1.32680097e-07
-7.45000000e+00 1.33836323e-07
-7.40000000e+00 1.35009143e-07
-7.35000000e+00 1.36198897e-07
-7.30000000e+00 1.37405960e-07
-7.25000000e+00 1.38630667e-07
-7.20000000e+00 1.39873423e-07
-7.15000000e+00 1.41134597e-07
-7.10000000e+00 1.42414573e-07
-7.05000000e+00 1.43713790e-07
-7.00000000e+00 1.45032623e-07
-6.95000000e+00 1.46371540e-07
-6.90000000e+00 1.47730950e-07
-6.85000000e+00 1.49111350e-07
-6.80000000e+00 1.50513183e-07
-6.75000000e+00 1.51936923e-07
-6.70000000e+00 1.53383097e-07
-6.65000000e+00 1.54852207e-07
-6.60000000e+00 1.56344777e-07
-6.55000000e+00 1.57861343e-07
-6.50000000e+00 1.59402497e-07
-6.45000000e+00 1.60968797e-07
-6.40000000e+00 1.62560837e-07
-6.35000000e+00 1.64179257e-07
-6.30000000e+00 1.65824687e-07
-6.25000000e+00 1.67497787e-07
-6.20000000e+00 1.69199207e-07
-6.15000000e+00 1.70929693e-07
-6.10000000e+00 1.72689953e-07
-6.05000000e+00 1.74480723e-07
-6.00000000e+00 1.76302807e-07
-5.95000000e+00 1.78156983e-07
-5.90000000e+00 1.80044097e-07
-5.85000000e+00 1.81964987e-07
-5.80000000e+00 1.83920563e-07
-5.75000000e+00 1.85911747e-07
-5.70000000e+00 1.87939467e-07
-5.65000000e+00 1.90004747e-07
-5.60000000e+00 1.92108563e-07
-5.55000000e+00 1.94252023e-07
-5.50000000e+00 1.96436180e-07
-5.45000000e+00 1.98662227e-07
-5.40000000e+00 2.00931307e-07
-5.35000000e+00 2.03244690e-07
-5.30000000e+00 2.05603613e-07
-5.25000000e+00 2.08009407e-07
-5.20000000e+00 2.10463460e-07
-5.15000000e+00 2.12967230e-07
-5.10000000e+00 2.15522170e-07
-5.05000000e+00 2.18129843e-07
-5.00000000e+00 2.20791893e-07
-4.95000000e+00 2.23509953e-07
-4.90000000e+00 2.26285793e-07
-4.85000000e+00 2.29121247e-07
-4.80000000e+00 2.32018233e-07
-4.75000000e+00 2.34978703e-07
-4.70000000e+00 2.38004737e-07
-4.65000000e+00 2.41098530e-07
-4.60000000e+00 2.44262313e-07
-4.55000000e+00 2.47498447e-07
-4.50000000e+00 2.50809407e-07
-4.45000000e+00 2.54197783e-07
-4.40000000e+00 2.57666300e-07
-4.35000000e+00 2.61217740e-07
-4.30000000e+00 2.64855113e-07
-4.25000000e+00 2.68581540e-07
-4.20000000e+00 2.72400237e-07
-4.15000000e+00 2.76314653e-07
-4.10000000e+00 2.80328397e-07
-4.05000000e+00 2.84445260e-07
-4.00000000e+00 2.88669180e-07
-3.95000000e+00 2.93004373e-07
-3.90000000e+00 2.97455240e-07
-3.85000000e+00 3.02026433e-07
-3.80000000e+00 3.06722800e-07
-3.75000000e+00 3.11549533e-07
-3.70000000e+00 3.16512083e-07
-3.65000000e+00 3.21616220e-07
-3.60000000e+00 3.26868000e-07
-3.55000000e+00 3.32273873e-07
-3.50000000e+00 3.37840727e-07
-3.45000000e+00 3.43575673e-07
-3.40000000e+00 3.49486447e-07
-3.35000000e+00 3.55581170e-07
-3.30000000e+00 3.61868553e-07
-3.25000000e+00 3.68357700e-07
-3.20000000e+00 3.75058453e-07
-3.15000000e+00 3.81981277e-07
-3.10000000e+00 3.89137227e-07
-3.05000000e+00 3.96538197e-07
-3.00000000e+00 4.04196887e-07
-2.95000000e+00 4.12126897e-07
-2.90000000e+00 4.20342760e-07
-2.85000000e+00 4.28860033e-07
-2.80000000e+00 4.37695457e-07
-2.75000000e+00 4.46867103e-07
-2.70000000e+00 4.56394150e-07
-2.65000000e+00 4.66297513e-07
-2.60000000e+00 4.76599677e-07
-2.55000000e+00 4.87324957e-07
-2.50000000e+00 4.98499497e-07
-2.45000000e+00 5.10151797e-07
-2.40000000e+00 5.22312730e-07
-2.35000000e+00 5.35015700e-07
-2.30000000e+00 5.48297133e-07
-2.25000000e+00 5.62196757e-07
-2.20000000e+00 5.76757927e-07
-2.15000000e+00 5.92027953e-07
-2.10000000e+00 6.08058680e-07
-2.05000000e+00 6.24906990e-07
-2.00000000e+00 6.42635477e-07
-1.95000000e+00 6.61312753e-07
-1.90000000e+00 6.81014853e-07
-1.85000000e+00 7.01825693e-07
-1.80000000e+00 7.23838287e-07
-1.75000000e+00 7.47155607e-07
-1.70000000e+00 7.71892520e-07
-1.65000000e+00 7.98176970e-07
-1.60000000e+00 8.26151717e-07
-1.55000000e+00 8.55976750e-07
-1.50000000e+00 8.87831733e-07
-1.45000000e+00 9.21918767e-07
-1.40000000e+00 9.58465533e-07
-1.35000000e+00 9.97729650e-07
-1.30000000e+00 1.04000269e-06
-1.25000000e+00 1.08561626e-06
-1.20000000e+00 1.13494666e-06
-1.15000000e+00 1.18842391e-06
-1.10000000e+00 1.24653892e-06
-1.05000000e+00 1.30985321e-06
-1.00000000e+00 1.37900925e-06
-9.50000000e-01 1.45474373e-06
-9.00000000e-01 1.53790004e-06
-8.50000000e-01 1.62944135e-06
-8.00000000e-01 1.73046673e-06
-7.50000000e-01 1.84222198e-06
-7.00000000e-01 1.96610853e-06
-6.50000000e-01 2.10368088e-06
-6.00000000e-01 2.25663527e-06
-5.50000000e-01 2.42676553e-06
-5.00000000e-01 2.61588950e-06
-4.50000000e-01 2.82570990e-06
-4.00000000e-01 3.05761363e-06
-3.50000000e-01 3.31237030e-06
-3.00000000e-01 3.58973897e-06
-2.50000000e-01 3.88801153e-06
-2.00000000e-01 4.20354753e-06
-1.50000000e-01 4.53041573e-06
-1.00000000e-01 4.86027240e-06
-5.00000000e-02 5.18260757e-06
0.00000000e+00 5.48539917e-06
5.00000000e-02 5.75620877e-06
1.00000000e-01 5.98363753e-06
1.50000000e-01 6.15897027e-06
2.00000000e-01 6.27759230e-06
2.50000000e-01 6.33972667e-06
3.00000000e-01 6.35020027e-06
3.50000000e-01 6.31728960e-06
4.00000000e-01 6.25105043e-06
4.50000000e-01 6.16166497e-06
5.00000000e-01 6.05824240e-06
5.50000000e-01 5.94826450e-06
6.00000000e-01 5.83753950e-06
6.50000000e-01 5.73038687e-06
7.00000000e-01 5.62982187e-06
7.50000000e-01 5.53766360e-06
8.00000000e-01 5.45466140e-06
8.50000000e-01 5.38071647e-06
9.00000000e-01 5.31517803e-06
9.50000000e-01 5.25713923e-06
1.00000000e+00 5.20560790e-06
1.05000000e+00 5.15953370e-06
1.10000000e+00 5.11768160e-06
1.15000000e+00 5.07849617e-06
1.20000000e+00 5.04010663e-06
1.25000000e+00 5.00055210e-06
1.30000000e+00 4.95822857e-06
1.35000000e+00 4.91238843e-06
1.40000000e+00 4.86356413e-06
1.45000000e+00 4.81374930e-06
1.50000000e+00 4.76629680e-06
1.55000000e+00 4.72553477e-06
1.60000000e+00 4.69621690e-06
1.65000000e+00 4.68294840e-06
1.70000000e+00 4.68972740e-06
1.75000000e+00 4.71965030e-06
1.80000000e+00 4.77475817e-06
1.85000000e+00 4.85596390e-06
1.90000000e+00 4.96298177e-06
1.95000000e+00 5.09421597e-06
2.00000000e+00 5.24661230e-06
2.05000000e+00 5.41555970e-06
2.10000000e+00 5.59501583e-06
2.15000000e+00 5.77799140e-06
2.20000000e+00 5.95743257e-06
2.25000000e+00 6.12730303e-06
2.30000000e+00 6.28351670e-06
2.35000000e+00 6.42441463e-06
2.40000000e+00 6.55072550e-06
2.45000000e+00 6.66518013e-06
2.50000000e+00 6.77201607e-06
2.55000000e+00 6.87648813e-06
2.60000000e+00 6.98433147e-06
2.65000000e+00 7.10107367e-06
2.70000000e+00 7.23122580e-06
2.75000000e+00 7.37753650e-06
2.80000000e+00 7.54054117e-06
2.85000000e+00 7.71851913e-06
2.90000000e+00 7.90785153e-06
2.95000000e+00 8.10374037e-06
3.00000000e+00 8.30123887e-06
3.05000000e+00 8.49648093e-06
3.10000000e+00 8.68781783e-06
3.15000000e+00 8.87640483e-06
3.20000000e+00 9.06591080e-06
3.25000000e+00 9.26137057e-06
3.30000000e+00 9.46760457e-06
3.35000000e+00 9.68779570e-06
3.40000000e+00 9.92270930e-06
3.45000000e+00 1.01707370e-05
3.50000000e+00 1.04286290e-05
3.55000000e+00 1.06925242e-05
3.60000000e+00 1.09588163e-05
3.65000000e+00 1.12245890e-05
3.70000000e+00 1.14875586e-05
3.75000000e+00 1.17456039e-05
3.80000000e+00 1.19960199e-05
3.85000000e+00 1.22347424e-05
3.90000000e+00 1.24558639e-05
3.95000000e+00 1.26518356e-05
4.00000000e+00 1.28144544e-05
4.05000000e+00 1.29364387e-05
4.10000000e+00 1.30130711e-05
4.15000000e+00 1.30433537e-05
4.20000000e+00 1.30303245e-05
4.25000000e+00 1.29805531e-05
4.30000000e+00 1.29031107e-05
4.35000000e+00 1.28084010e-05
4.40000000e+00 1.27071470e-05
4.45000000e+00 1.26095843e-05
4.50000000e+00 1.25247784e-05
4.55000000e+00 1.24599234e-05
4.60000000e+00 1.24196213e-05
4.65000000e+00 1.24052127e-05
4.70000000e+00 1.24143006e-05
4.75000000e+00 1.24405840e-05
4.80000000e+00 1.24741373e-05
4.85000000e+00 1.25022703e-05
4.90000000e+00 1.25110385e-05
4.95000000e+00 1.24873238e-05
5.00000000e+00 1.24210954e-05
5.05000000e+00 1.23072354e-05
5.10000000e+00 1.21463341e-05
5.15000000e+00 1.19442377e-05
5.20000000e+00 1.17106201e-05
5.25000000e+00 1.14571278e-05
5.30000000e+00 1.11956585e-05
5.35000000e+00 1.09371363e-05
5.40000000e+00 1.06908410e-05
5.45000000e+00 1.04641430e-05
5.50000000e+00 1.02624467e-05
5.55000000e+00 1.00891801e-05
5.60000000e+00 9.94583220e-06
5.65000000e+00 9.83210317e-06
5.70000000e+00 9.74625827e-06
5.75000000e+00 9.68563930e-06
5.80000000e+00 9.64720800e-06
5.85000000e+00 9.62794403e-06
5.90000000e+00 9.62503810e-06
5.95000000e+00 9.63591333e-06
6.00000000e+00 9.65819700e-06
6.05000000e+00 9.68973053e-06
6.10000000e+00 9.72866940e-06
6.15000000e+00 9.77359180e-06
6.20000000e+00 9.82352973e-06
6.25000000e+00 9.87781550e-06
6.30000000e+00 9.93569987e-06
6.35000000e+00 9.99582253e-06
6.40000000e+00 1.00557599e-05
6.45000000e+00 1.01119397e-05
6.50000000e+00 1.01600940e-05
6.55000000e+00 1.01961770e-05
6.60000000e+00 1.02173933e-05
6.65000000e+00 1.02229291e-05
6.70000000e+00 1.02141265e-05
6.75000000e+00 1.01941489e-05
6.80000000e+00 1.01673739e-05
6.85000000e+00 1.01387329e-05
6.90000000e+00 1.01130789e-05
6.95000000e+00 1.00945772e-05
7.00000000e+00 1.00861383e-05
7.05000000e+00 1.00889820e-05
7.10000000e+00 1.01024603e-05
7.15000000e+00 1.01242055e-05
7.20000000e+00 1.01506033e-05
7.25000000e+00 1.01775083e-05
7.30000000e+00 1.02010569e-05
7.35000000e+00 1.02184016e-05
7.40000000e+00 1.02281640e-05
7.45000000e+00 1.02304627e-05
7.50000000e+00 1.02265210e-05
7.55000000e+00 1.02180447e-05
7.60000000e+00 1.02066421e-05
7.65000000e+00 1.01934842e-05
7.70000000e+00 1.01792366e-05
7.75000000e+00 1.01641415e-05
7.80000000e+00 1.01481059e-05
7.85000000e+00 1.01307365e-05
7.90000000e+00 1.01113372e-05
7.95000000e+00 1.00889296e-05
8.00000000e+00 1.00623414e-05
8.05000000e+00 1.00303641e-05
8.10000000e+00 9.99195210e-06
8.15000000e+00 9.94642327e-06
8.20000000e+00 9.89358667e-06
8.25000000e+00 9.83375513e-06
8.30000000e+00 9.76762783e-06
8.35000000e+00 9.69611427e-06
8.40000000e+00 9.62019727e-06
8.45000000e+00 9.54091270e-06
8.50000000e+00 9.45943110e-06
8.55000000e+00 9.37713320e-06
8.60000000e+00 9.29558337e-06
8.65000000e+00 9.21639620e-06
8.70000000e+00 9.14107967e-06
8.75000000e+00 9.07095613e-06
8.80000000e+00 9.00716723e-06
8.85000000e+00 8.95067153e-06
8.90000000e+00 8.90213673e-06
8.95000000e+00 8.86171017e-06
9.00000000e+00 8.82878607e-06
9.05000000e+00 8.80193250e-06
9.10000000e+00 8.77909630e-06
9.15000000e+00 8.75805700e-06
9.20000000e+00 8.73698987e-06
9.25000000e+00 8.71493933e-06
9.30000000e+00 8.69205103e-06
9.35000000e+00 8.66950707e-06
9.40000000e+00 8.64921433e-06
9.45000000e+00 8.63336730e-06
9.50000000e+00 8.62400707e-06
9.55000000e+00 8.62266517e-06
9.60000000e+00 8.63011280e-06
9.65000000e+00 8.64620950e-06
9.70000000e+00 8.66984167e-06
9.75000000e+00 8.69898220e-06
9.80000000e+00 8.73092957e-06
9.85000000e+00 8.76273970e-06
9.90000000e+00 8.79177770e-06
9.95000000e+00 8.81619190e-06
1.00000000e+01 8.83510230e-06
1.00500000e+01 8.84840557e-06
1.01000000e+01 8.85632277e-06
1.01500000e+01 8.85897050e-06
1.02000000e+01 8.85622227e-06
1.02500000e+01 8.84793350e-06
1.03000000e+01 8.83435387e-06
1.03500000e+01 8.81644337e-06
1.04000000e+01 8.79585543e-06
1.04500000e+01 8.77457643e-06
1.05000000e+01 8.75439233e-06
1.05500000e+01 8.73642403e-06
1.06000000e+01 8.72089553e-06
1.06500000e+01 8.70716563e-06
1.07000000e+01 8.69395060e-06
1.07500000e+01 8.67961477e-06
1.08000000e+01 8.66244343e-06
1.08500000e+01 8.64085297e-06
1.09000000e+01 8.61354083e-06
1.09500000e+01 8.57959967e-06
1.10000000e+01 8.53861797e-06
1.10500000e+01 8.49076160e-06
1.11000000e+01 8.43682800e-06
1.11500000e+01 8.37823550e-06
1.12000000e+01 8.31693363e-06
1.12500000e+01 8.25522213e-06
1.13000000e+01 8.19548347e-06
1.13500000e+01 8.13984967e-06
1.14000000e+01 8.08986847e-06
1.14500000e+01 8.04625697e-06
1.15000000e+01 8.00883747e-06
1.15500000e+01 7.97669067e-06
1.16000000e+01 7.94849433e-06
1.16500000e+01 7.92292020e-06
1.17000000e+01 7.89896010e-06
1.17500000e+01 7.87607317e-06
1.18000000e+01 7.85415393e-06
1.18500000e+01 7.83335643e-06
1.19000000e+01 7.81387813e-06
1.19500000e+01 7.79578120e-06
1.20000000e+01 7.77890297e-06
1.20500000e+01 7.76286803e-06
1.21000000e+01 7.74717010e-06
1.21500000e+01 7.73125630e-06
1.22000000e+01 7.71456530e-06
1.22500000e+01 7.69649537e-06
1.23000000e+01 7.67633067e-06
1.23500000e+01 7.65319653e-06
1.24000000e+01 7.62609483e-06
1.24500000e+01 7.59405833e-06
1.25000000e+01 7.55641217e-06
1.25500000e+01 7.51310197e-06
1.26000000e+01 7.46497860e-06
1.26500000e+01 7.41390543e-06
1.27000000e+01 7.36258537e-06
1.27500000e+01 7.31409500e-06
1.28000000e+01 7.27126600e-06
1.28500000e+01 7.23609790e-06
1.29000000e+01 7.20939270e-06
1.29500000e+01 7.19071647e-06
1.30000000e+01 7.17867930e-06
1.30500000e+01 7.17144520e-06
1.31000000e+01 7.16730697e-06
1.31500000e+01 7.16514020e-06
1.32000000e+01 7.16455980e-06
1.32500000e+01 7.16572753e-06
1.33000000e+01 7.16890730e-06
1.33500000e+01 7.17398587e-06
1.34000000e+01 7.18018737e-06
1.34500000e+01 7.18612733e-06
1.35000000e+01 7.19016230e-06
1.35500000e+01 7.19086773e-06
1.36000000e+01 7.18739983e-06
1.36500000e+01 7.17957163e-06
1.37000000e+01 7.16760800e-06
1.37500000e+01 7.15169130e-06
1.38000000e+01 7.13151540e-06
1.38500000e+01 7.10605343e-06
1.39000000e+01 7.07366313e-06
1.39500000e+01 7.03249540e-06
1.40000000e+01 6.98104540e-06
1.40500000e+01 6.91862900e-06
1.41000000e+01 6.84560900e-06
1.41500000e+01 6.76332977e-06
1.42000000e+01 6.67382070e-06
1.42500000e+01 6.57942417e-06
1.43000000e+01 6.48247133e-06
1.43500000e+01 6.38508363e-06
1.44000000e+01 6.28911037e-06
1.44500000e+01 6.19615777e-06
1.45000000e+01 6.10763850e-06
1.45500000e+01 6.02476420e-06
1.46000000e+01 5.94845730e-06
1.46500000e+01 5.87920643e-06
1.47000000e+01 5.81694760e-06
1.47500000e+01 5.76102990e-06
1.48000000e+01 5.71030477e-06
1.48500000e+01 5.66331057e-06
1.49000000e+01 5.61849737e-06
1.49500000e+01 5.57442253e-06
1.50000000e+01 5.52987753e-06
1.50500000e+01 5.48393167e-06
1.51000000e+01 5.43593330e-06
1.51500000e+01 5.38549720e-06
1.52000000e+01 5.33250873e-06
1.52500000e+01 5.27715810e-06
1.53000000e+01 5.21996043e-06
1.53500000e+01 5.16172653e-06
1.54000000e+01 5.10345543e-06
1.54500000e+01 5.04615430e-06
1.55000000e+01 4.99063193e-06
1.55500000e+01 4.93732583e-06
1.56000000e+01 4.88622350e-06
1.56500000e+01 4.83690047e-06
1.57000000e+01 4.78863970e-06
1.57500000e+01 4.74058063e-06
1.58000000e+01 4.69183483e-06
1.58500000e+01 4.64156610e-06
1.59000000e+01 4.58904197e-06
1.59500000e+01 4.53368067e-06
1.60000000e+01 4.47511947e-06
1.60500000e+01 4.41328177e-06
1.61000000e+01 4.34841213e-06
1.61500000e+01 4.28105223e-06
1.62000000e+01 4.21194130e-06
1.62500000e+01 4.14187717e-06
1.63000000e+01 4.07158290e-06
1.63500000e+01 4.00163027e-06
1.64000000e+01 3.93244010e-06
1.64500000e+01 3.86432497e-06
1.65000000e+01 3.79753923e-06
1.65500000e+01 3.73228263e-06
1.66000000e+01 3.66866510e-06
1.66500000e+01 3.60665467e-06
1.67000000e+01 3.54603427e-06
1.67500000e+01 3.48640363e-06
1.68000000e+01 3.42721887e-06
1.68500000e+01 3.36786383e-06
1.69000000e+01 3.30774430e-06
1.69500000e+01 3.24638207e-06
1.70000000e+01 3.18348120e-06
1.70500000e+01 3.11893567e-06
1.71000000e+01 3.05278343e-06
1.71500000e+01 2.98514680e-06
1.72000000e+01 2.91618203e-06
1.72500000e+01 2.84606270e-06
1.73000000e+01 2.77497383e-06
1.73500000e+01 2.70309573e-06
1.74000000e+01 2.63056437e-06
1.74500000e+01 2.55741713e-06
1.75000000e+01 2.48356663e-06
1.75500000e+01 2.40881803e-06
1.76000000e+01 2.33292890e-06
1.76500000e+01 2.25568393e-06
1.77000000e+01 2.17696863e-06
1.77500000e+01 2.09681313e-06
1.78000000e+01 2.01539693e-06
1.78500000e+01 1.93301513e-06
1.79000000e+01 1.85002843e-06
1.79500000e+01 1.76681933e-06
1.80000000e+01 1.68377240e-06
1.80500000e+01 1.60128613e-06
1.81000000e+01 1.51980170e-06
1.81500000e+01 1.43983410e-06
1.82000000e+01 1.36197673e-06
1.82500000e+01 1.28687410e-06
1.83000000e+01 1.21515620e-06
1.83500000e+01 1.14736050e-06
1.84000000e+01 1.08386720e-06
1.84500000e+01 1.02487151e-06
1.85000000e+01 9.70390583e-07
1.85500000e+01 9.20296270e-07
1.86000000e+01 8.74356807e-07
1.86500000e+01 8.32278837e-07
1.87000000e+01 7.93740480e-07
1.87500000e+01 7.58415527e-07
1.88000000e+01 7.25989520e-07
1.88500000e+01 6.96168510e-07
1.89000000e+01 6.68684057e-07
1.89500000e+01 6.43293820e-07
1.90000000e+01 6.19781500e-07
1.90500000e+01 5.97955037e-07
1.91000000e+01 5.77644737e-07
1.91500000e+01 5.58700537e-07
1.92000000e+01 5.40990040e-07
1.92500000e+01 5.24396430e-07
1.93000000e+01 5.08816457e-07
1.93500000e+01 4.94158593e-07
1.94000000e+01 4.80341733e-07
1.94500000e+01 4.67293797e-07
1.95000000e+01 4.54950557e-07
1.95500000e+01 4.43254657e-07
1.96000000e+01 4.32154737e-07
1.96500000e+01 4.21604823e-07
1.97000000e+01 4.11563437e-07
1.97500000e+01 4.01993200e-07
1.98000000e+01 3.92860360e-07
1.98500000e+01 3.84134403e-07
1.99000000e+01 3.75787530e-07
1.99500000e+01 3.67794450e-07
2.00000000e+01 3.60132237e-07
2.00500000e+01 3.52779833e-07
2.01000000e+01 3.45717973e-07
2.01500000e+01 3.38928980e-07
2.02000000e+01 3.32396693e-07
2.02500000e+01 3.26106143e-07
2.03000000e+01 3.20043553e-07
2.03500000e+01 3.14196220e-07
2.04000000e+01 3.08552427e-07
2.04500000e+01 3.03101230e-07
2.05000000e+01 2.97832520e-07
2.05500000e+01 2.92736910e-07
2.06000000e+01 2.87805660e-07
2.06500000e+01 2.83030617e-07
2.07000000e+01 2.78404143e-07
2.07500000e+01 2.73919200e-07
2.08000000e+01 2.69569120e-07
2.08500000e+01 2.65347673e-07
2.09000000e+01 2.61249010e-07
2.09500000e+01 2.57267697e-07
2.10000000e+01 2.53398553e-07
2.10500000e+01 2.49636747e-07
2.11000000e+01 2.45977720e-07
2.11500000e+01 2.42417207e-07
2.12000000e+01 2.38951137e-07
2.12500000e+01 2.35575667e-07
2.13000000e+01 2.32287213e-07
2.13500000e+01 2.29082333e-07
2.14000000e+01 2.25957813e-07
2.14500000e+01 2.22910543e-07
2.15000000e+01 2.19937677e-07
2.15500000e+01 2.17036403e-07
2.16000000e+01 2.14204130e-07
2.16500000e+01 2.11438330e-07
2.17000000e+01 2.08736683e-07
2.17500000e+01 2.06096920e-07
2.18000000e+01 2.03516880e-07
2.18500000e+01 2.00994517e-07
2.19000000e+01 1.98527903e-07
2.19500000e+01 1.96115150e-07
2.20000000e+01 1.93754487e-07
2.20500000e+01 1.91444227e-07
2.21000000e+01 1.89182757e-07
2.21500000e+01 1.86968497e-07
2.22000000e+01 1.84799970e-07
2.22500000e+01 1.82675790e-07
2.23000000e+01 1.80594543e-07
2.23500000e+01 1.78554950e-07
2.24000000e+01 1.76555760e-07
2.24500000e+01 1.74595787e-07
2.25000000e+01 1.72673840e-07
2.25500000e+01 1.70788850e-07
2.26000000e+01 1.68939730e-07
2.26500000e+01 1.67125463e-07
2.27000000e+01 1.65345093e-07
2.27500000e+01 1.63597620e-07
2.28000000e+01 1.61882203e-07
2.28500000e+01 1.60197917e-07
2.29000000e+01 1.58543953e-07
2.29500000e+01 1.56919460e-07
2.30000000e+01 1.55323680e-07
2.30500000e+01 1.53755873e-07
2.31000000e+01 1.52215270e-07
2.31500000e+01 1.50701213e-07
2.32000000e+01 1.49212993e-07
2.32500000e+01 1.47749983e-07
2.33000000e+01 1.46311520e-07
2.33500000e+01 1.44897003e-07
2.34000000e+01 1.43505870e-07
2.34500000e+01 1.42137510e-07
2.35000000e+01 1.40791390e-07
2.35500000e+01 1.39466973e-07
2.36000000e+01 1.38163763e-07
2.36500000e+01 1.36881220e-07
2.37000000e+01 1.35618883e-07
2.37500000e+01 1.34376300e-07
2.38000000e+01 1.33152980e-07
2.38500000e+01 1.31948510e-07
2.39000000e+01 1.30762450e-07
2.39500000e+01 1.29594400e-07
2.40000000e+01 1.28443940e-07
2.40500000e+01 1.27310700e-07
2.41000000e+01 1.26194287e-07
2.41500000e+01 1.25094337e-07
2.42000000e+01 1.24010497e-07
2.42500000e+01 1.22942425e-07
2.43000000e+01 1.21889793e-07
2.43500000e+01 1.20852251e-07
2.44000000e+01 1.19829511e-07
2.44500000e+01 1.18821234e-07
2.45000000e+01 1.17827139e-07
2.45500000e+01 1.16846945e-07
2.46000000e+01 1.15880340e-07
2.46500000e+01 1.14927080e-07
2.47000000e+01 1.13986873e-07
2.47500000e+01 1.13059480e-07
2.48000000e+01 1.12144627e-07
2.48500000e+01 1.11242076e-07
2.49000000e+01 1.10351594e-07
2.49500000e+01 1.09472931e-07
2.50000000e+01 1.08605869e-07
2.50500000e+01 1.07750182e-07
2.51000000e+01 1.06905665e-07
2.51500000e+01 1.06072086e-07
2.52000000e+01 1.05249253e-07
2.52500000e+01 1.04436971e-07
2.53000000e+01 1.03635029e-07
2.53500000e+01 1.02843247e-07
2.54000000e+01 1.02061432e-07
2.54500000e+01 1.01289413e-07
2.55000000e+01 1.00527003e-07
2.55500000e+01 9.97740303e-08
2.56000000e+01 9.90303360e-08
2.56500000e+01 9.82957400e-08
2.57000000e+01 9.75700913e-08
2.57500000e+01 9.68532307e-08
2.58000000e+01 9.61450113e-08
2.58500000e+01 9.54452703e-08
2.59000000e+01 9.47538773e-08
2.59500000e+01 9.40706737e-08
2.60000000e+01 9.33955223e-08
2.60500000e+01 9.27283027e-08
2.61000000e+01 9.20688537e-08
2.61500000e+01 9.14170717e-08
2.62000000e+01 9.07728123e-08
2.62500000e+01 9.01359640e-08
2.63000000e+01 8.95063937e-08
2.63500000e+01 8.88839813e-08
2.64000000e+01 8.82686220e-08
2.64500000e+01 8.76601813e-08
2.65000000e+01 8.70585723e-08
2.65500000e+01 8.64636670e-08
2.66000000e+01 8.58753720e-08
2.66500000e+01 8.52935690e-08
2.67000000e+01 8.47181587e-08
2.67500000e+01 8.41490517e-08
2.68000000e+01 8.35861350e-08
2.68500000e+01 8.30293187e-08
2.69000000e+01 8.24785087e-08
2.69500000e+01 8.19336180e-08
2.70000000e+01 8.13945447e-08
2.70500000e+01 8.08612050e-08
2.71000000e+01 8.03335187e-08
2.71500000e+01 7.98113887e-08
2.72000000e+01 7.92947380e-08
2.72500000e+01 7.87834843e-08
2.73000000e+01 7.82775523e-08
2.73500000e+01 7.77768530e-08
2.74000000e+01 7.72813190e-08
2.74500000e+01 7.67908663e-08
2.75000000e+01 7.63054240e-08
2.75500000e+01 7.58249203e-08
2.76000000e+01 7.53492843e-08
2.76500000e+01 7.48784497e-08
2.77000000e+01 7.44123387e-08
2.77500000e+01 7.39508933e-08
2.78000000e+01 7.34940383e-08
2.78500000e+01 7.30417133e-08
2.79000000e+01 7.25938597e-08
2.79500000e+01 7.21504017e-08
2.80000000e+01 7.17112933e-08
2.80500000e+01 7.12764643e-08
2.81000000e+01 7.08458623e-08
2.81500000e+01 7.04194217e-08
2.82000000e+01 6.99970890e-08
2.82500000e+01 6.95788137e-08
2.83000000e+01 6.91645303e-08
2.83500000e+01 6.87541913e-08
2.84000000e+01 6.83477423e-08
2.84500000e+01 6.79451360e-08
2.85000000e+01 6.75463123e-08
2.85500000e+01 6.71512253e-08
2.86000000e+01 6.67598303e-08
2.86500000e+01 6.63720697e-08
2.87000000e+01 6.59879007e-08
2.87500000e+01 6.56072760e-08
2.88000000e+01 6.52301530e-08
2.88500000e+01 6.48564797e-08
2.89000000e+01 6.44862133e-08
2.89500000e+01 6.41193170e-08
2.90000000e+01 6.37557377e-08
2.90500000e+01 6.33954377e-08
2.91000000e+01 6.30383760e-08
2.91500000e+01 6.26845137e-08
2.92000000e+01 6.23338050e-08
2.92500000e+01 6.19862160e-08
2.93000000e+01 6.16417027e-08
2.93500000e+01 6.13002277e-08
2.94000000e+01 6.09617593e-08
2.94500000e+01 6.06262483e-08
2.95000000e+01 6.02936723e-08
2.95500000e+01 5.99639863e-08
2.96000000e+01 5.96371603e-08
2.96500000e+01 5.93131540e-08
2.97000000e+01 5.89919360e-08
2.97500000e+01 5.86734760e-08
2.98000000e+01 5.83577337e-08
2.98500000e+01 5.80446813e-08
2.99000000e+01 5.77342853e-08
2.99500000e+01 5.74265183e-08
3.00000000e+01 5.71213423e-08
3.00500000e+01 5.68187297e-08
3.01000000e+01 5.65186540e-08
3.01500000e+01 5.62210783e-08
3.02000000e+01 5.59259777e-08
3.02500000e+01 5.56333233e-08
3.03000000e+01 5.53430887e-08
3.03500000e+01 5.50552413e-08
3.04000000e+01 5.47697550e-08
3.04500000e+01 5.44866080e-08
3.05000000e+01 5.42057653e-08
3.05500000e+01 5.39272043e-08
3.06000000e+01 5.36509003e-08
3.06500000e+01 5.33768290e-08
3.07000000e+01 5.31049610e-08
3.07500000e+01 5.28352760e-08
3.08000000e+01 5.25677450e-08
3.08500000e+01 5.23023453e-08
3.09000000e+01 5.20390577e-08
3.09500000e+01 5.17778493e-08
3.10000000e+01 5.15187087e-08
3.10500000e+01 5.12616050e-08
3.11000000e+01 5.10065207e-08
3.11500000e+01 5.07534297e-08
3.12000000e+01 5.05023110e-08
3.12500000e+01 5.02531473e-08
3.13000000e+01 5.00059097e-08
3.13500000e+01 4.97605857e-08
3.14000000e+01 5.53852353e-08
3.14500000e+01 5.51124917e-08
3.15000000e+01 6.05756420e-08
3.15500000e+01 6.59096087e-08
3.16000000e+01 7.11173400e-08
3.16500000e+01 7.07645693e-08
3.17000000e+01 7.58231963e-08
3.17500000e+01 8.07620580e-08
3.18000000e+01 8.03616653e-08
3.18500000e+01 8.51594637e-08
3.19000000e+01 9.54509783e-08
3.19500000e+01 9.49778017e-08
3.20000000e+01 9.94956073e-08
3.20500000e+01 1.03905711e-07
3.21000000e+01 1.03392834e-07
3.21500000e+01 1.07677059e-07
3.22000000e+01 1.11859082e-07
3.22500000e+01 1.11309699e-07
3.23000000e+01 1.15372619e-07
3.23500000e+01 1.19338527e-07
3.24000000e+01 1.18755633e-07
3.24500000e+01 1.22608827e-07
3.25000000e+01 1.31669027e-07
3.25500000e+01 1.31029167e-07
3.26000000e+01 1.34652550e-07
3.26500000e+01 1.34001047e-07
3.27000000e+01 1.37521367e-07
3.27500000e+01 1.40956927e-07
3.28000000e+01 1.40279263e-07
3.28500000e+01 1.43617267e-07
3.29000000e+01 1.46874760e-07
3.29500000e+01 1.46173260e-07
3.30000000e+01 1.49338363e-07
3.30500000e+01 1.53675507e-07
3.31000000e+01 1.56721653e-07
3.31500000e+01 1.59693650e-07
3.32000000e+01 1.58939250e-07
3.32500000e+01 1.61826783e-07
3.33000000e+01 1.64643860e-07
3.33500000e+01 1.63871340e-07
3.34000000e+01 1.66608413e-07
3.34500000e+01 1.65830250e-07
3.35000000e+01 1.68489647e-07
3.35500000e+01 1.67706267e-07
3.36000000e+01 1.70290280e-07
3.36500000e+01 1.77592123e-07
3.37000000e+01 1.76772070e-07
3.37500000e+01 1.79194310e-07
3.38000000e+01 1.78370640e-07
3.38500000e+01 1.80723907e-07
3.39000000e+01 1.83018797e-07
3.39500000e+01 1.82183270e-07
3.40000000e+01 1.84412767e-07
3.40500000e+01 1.83574673e-07
3.41000000e+01 1.85740673e-07
3.41500000e+01 1.84900333e-07
3.42000000e+01 1.87004657e-07
3.42500000e+01 1.93598367e-07
3.43000000e+01 1.92728603e-07
3.43500000e+01 1.94696893e-07
3.44000000e+01 1.93826100e-07
3.44500000e+01 1.95737947e-07
3.45000000e+01 1.94866383e-07
3.45500000e+01 1.96723367e-07
3.46000000e+01 1.95851303e-07
3.46500000e+01 1.97654990e-07
3.47000000e+01 1.96782653e-07
3.47500000e+01 1.98534577e-07
3.48000000e+01 2.00241670e-07
3.48500000e+01 1.99363777e-07
3.49000000e+01 2.05326083e-07
3.49500000e+01 2.04430147e-07
3.50000000e+01 2.06017443e-07
3.50500000e+01 2.05122373e-07
3.51000000e+01 2.06663617e-07
3.51500000e+01 2.05769603e-07
3.52000000e+01 2.07266037e-07
3.52500000e+01 2.06373250e-07
3.53000000e+01 2.07826140e-07
3.53500000e+01 2.06934780e-07
3.54000000e+01 2.08345307e-07
3.54500000e+01 2.07455487e-07
3.55000000e+01 2.08824843e-07
3.55500000e+01 2.14245983e-07
3.56000000e+01 2.13337273e-07
3.56500000e+01 2.14610167e-07
3.57000000e+01 2.13703737e-07
3.57500000e+01 2.14938910e-07
3.58000000e+01 2.14034850e-07
3.58500000e+01 2.15233347e-07
3.59000000e+01 2.14331810e-07
3.59500000e+01 2.15494600e-07
3.60000000e+01 2.14595687e-07
3.60500000e+01 2.15723777e-07
3.61000000e+01 2.14827577e-07
3.61500000e+01 2.15921887e-07
3.62000000e+01 2.15028543e-07
3.62500000e+01 2.19965540e-07
3.63000000e+01 2.19059617e-07
3.63500000e+01 2.20069937e-07
3.64000000e+01 2.19167247e-07
3.64500000e+01 2.20146760e-07
3.65000000e+01 2.19247357e-07
3.65500000e+01 2.20196853e-07
3.66000000e+01 2.19300897e-07
3.66500000e+01 2.20221173e-07
3.67000000e+01 2.19328647e-07
3.67500000e+01 2.20220553e-07
3.68000000e+01 2.19331537e-07
3.68500000e+01 2.20195797e-07
3.69000000e+01 2.19310380e-07
3.69500000e+01 2.22116160e-07
3.70000000e+01 2.22934293e-07
3.70500000e+01 2.22043520e-07
3.71000000e+01 2.22835790e-07
3.71500000e+01 2.21948847e-07
3.72000000e+01 2.22715980e-07
3.72500000e+01 2.21832947e-07
3.73000000e+01 2.22575580e-07
3.73500000e+01 2.21696487e-07
3.74000000e+01 2.22415270e-07
3.74500000e+01 2.21540187e-07
3.75000000e+01 2.22235743e-07
3.75500000e+01 2.21364690e-07
3.76000000e+01 2.22037663e-07
3.76500000e+01 2.21170650e-07
3.77000000e+01 2.25315450e-07
3.77500000e+01 2.24439483e-07
3.78000000e+01 2.25053003e-07
3.78500000e+01 2.24181320e-07
3.79000000e+01 2.23314533e-07
3.79500000e+01 2.23906843e-07
3.80000000e+01 2.23044340e-07
3.80500000e+01 2.23616590e-07
3.81000000e+01 2.22758387e-07
3.81500000e+01 2.23311143e-07
3.82000000e+01 2.22457267e-07
3.82500000e+01 2.22990983e-07
3.83000000e+01 2.22141437e-07
3.83500000e+01 2.22656653e-07
3.84000000e+01 2.21811477e-07
3.84500000e+01 2.24296127e-07
3.85000000e+01 2.24778290e-07
3.85500000e+01 2.23930100e-07
3.86000000e+01 2.24394970e-07
3.86500000e+01 2.23551243e-07
3.87000000e+01 2.23999237e-07
3.87500000e+01 2.23160017e-07
3.88000000e+01 2.23591567e-07
3.88500000e+01 2.22756893e-07
3.89000000e+01 2.23172453e-07
3.89500000e+01 2.22342247e-07
3.90000000e+01 2.21516543e-07
3.90500000e+01 2.21916560e-07
3.91000000e+01 2.21095310e-07
3.91500000e+01 2.21480197e-07
3.92000000e+01 2.20663437e-07
3.92500000e+01 2.24188840e-07
3.93000000e+01 2.23365493e-07
3.93500000e+01 2.22546470e-07
3.94000000e+01 2.22889117e-07
3.94500000e+01 2.22074693e-07
3.95000000e+01 2.22403487e-07
3.95500000e+01 2.21593643e-07
3.96000000e+01 2.21909013e-07
3.96500000e+01 2.21103720e-07
3.97000000e+01 2.21405997e-07
3.97500000e+01 2.20605277e-07
3.98000000e+01 2.19808717e-07
3.98500000e+01 2.20098613e-07
3.99000000e+01 2.19306580e-07
3.99500000e+01 2.19584067e-07
4.00000000e+01 2.18796573e-07
4.00500000e+01 2.19061953e-07
4.01000000e+01 2.21271997e-07
4.01500000e+01 2.20482840e-07
4.02000000e+01 2.20724737e-07
4.02500000e+01 2.19940133e-07
4.03000000e+01 2.20170720e-07
4.03500000e+01 2.19390683e-07
4.04000000e+01 2.18614640e-07
4.04500000e+01 2.18834787e-07
4.05000000e+01 2.18063250e-07
4.05500000e+01 2.18272683e-07
4.06000000e+01 2.17505650e-07
4.06500000e+01 2.17704647e-07
4.07000000e+01 2.16942137e-07
4.07500000e+01 2.16183450e-07
4.08000000e+01 2.16372903e-07
4.08500000e+01 2.15618670e-07
4.09000000e+01 2.15798250e-07
4.09500000e+01 2.17894127e-07
4.10000000e+01 2.17138653e-07
4.10500000e+01 2.17298113e-07
4.11000000e+01 2.16547117e-07
4.11500000e+01 2.16697350e-07
4.12000000e+01 2.15950803e-07
4.12500000e+01 2.15207983e-07
4.13000000e+01 2.15349967e-07
4.13500000e+01 2.14611543e-07
4.14000000e+01 2.14744757e-07
4.14500000e+01 2.14010753e-07
4.15000000e+01 2.14135420e-07
4.15500000e+01 2.13405800e-07
4.16000000e+01 2.12679753e-07
4.16500000e+01 2.12796897e-07
4.17000000e+01 2.12075200e-07
4.17500000e+01 2.12184243e-07
4.18000000e+01 2.14178290e-07
4.18500000e+01 2.13455653e-07
4.19000000e+01 2.13547427e-07
4.19500000e+01 2.12829133e-07
4.20000000e+01 2.12913330e-07
4.20500000e+01 2.12199413e-07
4.21000000e+01 2.11488897e-07
4.21500000e+01 2.11566630e-07
4.22000000e+01 2.10860397e-07
4.22500000e+01 2.10930950e-07
4.23000000e+01 2.10229017e-07
4.23500000e+01 2.09530413e-07
4.24000000e+01 2.09594903e-07
4.24500000e+01 2.08900527e-07
4.25000000e+01 2.08209437e-07
4.25500000e+01 2.08268033e-07
4.26000000e+01 2.07581123e-07
4.26500000e+01 2.07633110e-07
4.27000000e+01 2.06950357e-07
4.27500000e+01 2.08843353e-07
4.28000000e+01 2.08880410e-07
4.28500000e+01 2.08196987e-07
4.29000000e+01 2.08227873e-07
4.29500000e+01 2.07548617e-07
4.30000000e+01 2.06872517e-07
4.30500000e+01 2.06898363e-07
4.31000000e+01 2.06226383e-07
4.31500000e+01 2.05557517e-07
4.32000000e+01 2.05578493e-07
4.32500000e+01 2.04913687e-07
4.33000000e+01 2.04928997e-07
4.33500000e+01 2.04268217e-07
4.34000000e+01 2.03610497e-07
4.34500000e+01 2.03621237e-07
4.35000000e+01 2.02967510e-07
4.35500000e+01 2.02972843e-07
4.36000000e+01 2.02323090e-07
4.36500000e+01 2.01676303e-07
4.37000000e+01 2.04122390e-07
4.37500000e+01 2.03472117e-07
4.38000000e+01 2.02824803e-07
4.38500000e+01 2.02813193e-07
4.39000000e+01 2.02169833e-07
4.39500000e+01 2.02153327e-07
4.40000000e+01 2.01513893e-07
4.40500000e+01 2.00877337e-07
4.41000000e+01 2.00857100e-07
4.41500000e+01 2.00224437e-07
4.42000000e+01 1.99594590e-07
4.42500000e+01 1.99570733e-07
4.43000000e+01 1.98944730e-07
4.43500000e+01 1.98916350e-07
4.44000000e+01 1.98294167e-07
4.44500000e+01 1.97674760e-07
4.45000000e+01 1.97642993e-07
4.45500000e+01 1.97027343e-07
4.46000000e+01 1.96414437e-07
4.46500000e+01 1.96379397e-07
4.47000000e+01 1.98093220e-07
4.47500000e+01 1.97479867e-07
4.48000000e+01 1.97433837e-07
4.48500000e+01 1.96824227e-07
4.49000000e+01 1.96774223e-07
4.49500000e+01 1.96168317e-07
4.50000000e+01 1.95565083e-07
4.50500000e+01 1.95512227e-07
4.51000000e+01 1.94912673e-07
4.51500000e+01 1.94315723e-07
4.52000000e+01 1.94260130e-07
4.52500000e+01 1.93666817e-07
4.53000000e+01 1.93076077e-07
4.53500000e+01 1.93017837e-07
4.54000000e+01 1.92430687e-07
4.54500000e+01 1.92368867e-07
4.55000000e+01 1.91785280e-07
4.55500000e+01 1.91204210e-07
4.56000000e+01 1.91139953e-07
4.56500000e+01 1.90562390e-07
4.57000000e+01 1.92199060e-07
4.57500000e+01 1.92125193e-07
4.58000000e+01 1.91547273e-07
4.58500000e+01 1.90971823e-07
4.59000000e+01 1.90895773e-07
4.59500000e+01 1.90323823e-07
4.60000000e+01 1.89754303e-07
4.60500000e+01 1.89676137e-07
4.61000000e+01 1.89110077e-07
4.61500000e+01 1.88546403e-07
4.62000000e+01 1.88466210e-07
4.62500000e+01 1.87905957e-07
4.63000000e+01 1.87822793e-07
4.63500000e+01 1.87265907e-07
4.64000000e+01 1.86711383e-07
4.64500000e+01 1.86626353e-07
4.65000000e+01 1.86075153e-07
4.65500000e+01 1.85526300e-07
4.66000000e+01 1.85439443e-07
4.66500000e+01 1.84893883e-07
4.67000000e+01 1.84350593e-07
4.67500000e+01 1.84262017e-07
4.68000000e+01 1.85819390e-07
4.68500000e+01 1.85275763e-07
4.69000000e+01 1.85178933e-07
4.69500000e+01 1.84638590e-07
4.70000000e+01 1.84100487e-07
4.70500000e+01 1.84002117e-07
4.71000000e+01 1.83467247e-07
4.71500000e+01 1.82934593e-07
4.72000000e+01 1.82834767e-07
4.72500000e+01 1.82305303e-07
4.73000000e+01 1.81778017e-07
4.73500000e+01 1.81676790e-07
4.74000000e+01 1.81152663e-07
4.74500000e+01 1.80630687e-07
4.75000000e+01 1.80528110e-07
4.75500000e+01 1.80009247e-07
4.76000000e+01 1.79492503e-07
4.76500000e+01 1.79388653e-07
4.77000000e+01 1.78874987e-07
4.77500000e+01 1.78363407e-07
4.78000000e+01 1.78258330e-07
4.78500000e+01 1.77749803e-07
4.79000000e+01 1.79237363e-07
4.79500000e+01 1.79125037e-07
4.80000000e+01 1.78616190e-07
4.80500000e+01 1.78109380e-07
4.81000000e+01 1.77996000e-07
4.81500000e+01 1.77492217e-07
4.82000000e+01 1.76990453e-07
4.82500000e+01 1.76876070e-07
4.83000000e+01 1.76377297e-07
4.83500000e+01 1.75880510e-07
4.84000000e+01 1.75765160e-07
4.84500000e+01 1.75271317e-07
4.85000000e+01 1.74779457e-07
4.85500000e+01 1.74663200e-07
4.86000000e+01 1.74174240e-07
4.86500000e+01 1.73687217e-07
4.87000000e+01 1.73570090e-07
4.87500000e+01 1.73085963e-07
4.88000000e+01 1.72603730e-07
4.88500000e+01 1.72485777e-07
4.89000000e+01 1.72006383e-07
4.89500000e+01 1.71528893e-07
4.90000000e+01 1.71410150e-07
4.90500000e+01 1.72829453e-07
4.91000000e+01 1.72351650e-07
4.91500000e+01 1.72226600e-07
4.92000000e+01 1.71751590e-07
4.92500000e+01 1.71278453e-07
4.93000000e+01 1.71152780e-07
4.93500000e+01 1.70682403e-07
4.94000000e+01 1.70213887e-07
4.94500000e+01 1.70087597e-07
4.95000000e+01 1.69621810e-07
4.95500000e+01 1.69157850e-07
4.96000000e+01 1.69030980e-07
4.96500000e+01 1.68569730e-07
4.97000000e+01 1.68110263e-07
4.97500000e+01 1.67652570e-07
4.98000000e+01 1.67526083e-07
4.98500000e+01 1.67071067e-07
4.99000000e+01 1.66617787e-07
4.99500000e+01 1.66490800e-07
5.00000000e+01 1.66040170e-07
5.00500000e+01 1.65591263e-07
5.01000000e+01 1.65463793e-07
5.01500000e+01 1.65017503e-07
5.02000000e+01 1.64572913e-07
5.02500000e+01 1.64445003e-07
5.03000000e+01 1.65796450e-07
5.03500000e+01 1.65351520e-07
5.04000000e+01 1.65218133e-07
5.04500000e+01 1.64775783e-07
5.05000000e+01 1.64335117e-07
5.05500000e+01 1.64201390e-07
5.06000000e+01 1.63763287e-07
5.06500000e+01 1.63326820e-07
5.07000000e+01 1.62892017e-07
5.07500000e+01 1.62758860e-07
5.08000000e+01 1.62326560e-07
5.08500000e+01 1.61895897e-07
5.09000000e+01 1.61762467e-07
5.09500000e+01 1.61334277e-07
5.10000000e+01 1.60907693e-07
5.10500000e+01 1.60774007e-07
5.11000000e+01 1.60349883e-07
5.11500000e+01 1.59927347e-07
5.12000000e+01 1.59793420e-07
5.12500000e+01 1.59373307e-07
5.13000000e+01 1.58954763e-07
5.13500000e+01 1.58537760e-07
5.14000000e+01 1.58404480e-07
5.14500000e+01 1.57989857e-07
5.15000000e+01 1.57576790e-07
5.15500000e+01 1.59145380e-07
5.16000000e+01 1.58730410e-07
5.16500000e+01 1.58316977e-07
5.17000000e+01 1.58178713e-07
5.17500000e+01 1.57767640e-07
5.18000000e+01 1.57358077e-07
5.18500000e+01 1.56950023e-07
5.19000000e+01 1.56812490e-07
5.19500000e+01 1.56406757e-07
5.20000000e+01 1.56002520e-07
5.20500000e+01 1.55864903e-07
5.21000000e+01 1.55462960e-07
5.21500000e+01 1.55062477e-07
5.22000000e+01 1.54924810e-07
5.22500000e+01 1.54526607e-07
5.23000000e+01 1.54129853e-07
5.23500000e+01 1.53734533e-07
5.24000000e+01 1.53597623e-07
5.24500000e+01 1.53204550e-07
5.25000000e+01 1.52812890e-07
5.25500000e+01 1.52675953e-07
5.26000000e+01 1.52286503e-07
5.26500000e+01 1.51898460e-07
5.27000000e+01 1.51511827e-07
5.27500000e+01 1.51375650e-07
5.28000000e+01 1.50991187e-07
5.28500000e+01 1.52223220e-07
5.29000000e+01 1.52082783e-07
5.29500000e+01 1.51697937e-07
5.30000000e+01 1.51314473e-07
5.30500000e+01 1.51174097e-07
5.31000000e+01 1.50792783e-07
5.31500000e+01 1.50412823e-07
5.32000000e+01 1.50034220e-07
5.32500000e+01 1.49894700e-07
5.33000000e+01 1.49518217e-07
5.33500000e+01 1.49143070e-07
5.34000000e+01 1.49003647e-07
5.34500000e+01 1.48630600e-07
5.35000000e+01 1.48258867e-07
5.35500000e+01 1.47888460e-07
5.36000000e+01 1.47749893e-07
5.36500000e+01 1.47381533e-07
5.37000000e+01 1.47014487e-07
5.37500000e+01 1.46876027e-07
5.38000000e+01 1.46511010e-07
5.38500000e+01 1.46147287e-07
5.39000000e+01 1.45784827e-07
5.39500000e+01 1.45647237e-07
5.40000000e+01 1.45286793e-07
5.40500000e+01 1.44927613e-07
5.41000000e+01 1.44790153e-07
5.41500000e+01 1.44432950e-07
5.42000000e+01 1.45608843e-07
5.42500000e+01 1.45250503e-07
5.43000000e+01 1.45110013e-07
5.43500000e+01 1.44753643e-07
5.44000000e+01 1.44398530e-07
5.44500000e+01 1.44044647e-07
5.45000000e+01 1.43905063e-07
5.45500000e+01 1.43553127e-07
5.46000000e+01 1.43202403e-07
5.46500000e+01 1.43063020e-07
5.47000000e+01 1.42714227e-07
5.47500000e+01 1.42366627e-07
5.48000000e+01 1.42020240e-07
5.48500000e+01 1.41881770e-07
5.49000000e+01 1.41537270e-07
5.49500000e+01 1.41193950e-07
5.50000000e+01 1.41055707e-07
5.50500000e+01 1.40714260e-07
5.51000000e+01 1.40373993e-07
5.51500000e+01 1.40034883e-07
5.52000000e+01 1.39897543e-07
5.52500000e+01 1.39560283e-07
5.53000000e+01 1.39224180e-07
5.53500000e+01 1.38889210e-07
5.54000000e+01 1.38752783e-07
5.54500000e+01 1.38419637e-07
5.55000000e+01 1.38087617e-07
5.55500000e+01 1.37951430e-07
5.56000000e+01 1.37621203e-07
5.56500000e+01 1.38741330e-07
5.57000000e+01 1.38410020e-07
5.57500000e+01 1.38271157e-07
5.58000000e+01 1.37941633e-07
5.58500000e+01 1.37613213e-07
5.59000000e+01 1.37285903e-07
5.59500000e+01 1.37148003e-07
5.60000000e+01 1.36822457e-07
5.60500000e+01 1.36498003e-07
5.61000000e+01 1.36174637e-07
5.61500000e+01 1.36037687e-07
5.62000000e+01 1.35716057e-07
5.62500000e+01 1.35395500e-07
5.63000000e+01 1.35258830e-07
5.63500000e+01 1.34940000e-07
5.64000000e+01 1.34622233e-07
5.64500000e+01 1.34305527e-07
5.65000000e+01 1.34169800e-07
5.65500000e+01 1.33854783e-07
5.66000000e+01 1.33540810e-07
5.66500000e+01 1.33227887e-07
5.67000000e+01 1.33093090e-07
5.67500000e+01 1.32781827e-07
5.68000000e+01 1.32471600e-07
5.68500000e+01 1.32162403e-07
5.69000000e+01 1.32028520e-07
5.69500000e+01 1.31720963e-07
5.70000000e+01 1.31414413e-07
5.70500000e+01 1.31108877e-07
5.71000000e+01 1.30975927e-07
5.71500000e+01 1.32043070e-07
5.72000000e+01 1.31737080e-07
5.72500000e+01 1.31601167e-07
5.73000000e+01 1.31296803e-07
5.73500000e+01 1.30993430e-07
5.74000000e+01 1.30691053e-07
5.74500000e+01 1.30556093e-07
5.75000000e+01 1.30255303e-07
5.75500000e+01 1.29955507e-07
5.76000000e+01 1.29656677e-07
5.76500000e+01 1.29522673e-07
5.77000000e+01 1.29225420e-07
5.77500000e+01 1.28929127e-07
5.78000000e+01 1.28633803e-07
5.78500000e+01 1.28500743e-07
5.79000000e+01 1.28206963e-07
5.79500000e+01 1.27914133e-07
5.80000000e+01 1.27622257e-07
5.80500000e+01 1.27490123e-07
5.81000000e+01 1.27199777e-07
5.81500000e+01 1.26910350e-07
5.82000000e+01 1.26621860e-07
5.82500000e+01 1.26490663e-07
5.83000000e+01 1.26203677e-07
5.83500000e+01 1.25917617e-07
5.84000000e+01 1.25632470e-07
5.84500000e+01 1.25502190e-07
5.85000000e+01 1.25218527e-07
5.85500000e+01 1.24935777e-07
5.86000000e+01 1.24653916e-07
5.86500000e+01 1.24524545e-07
5.87000000e+01 1.25541340e-07
5.87500000e+01 1.25259013e-07
5.88000000e+01 1.24977590e-07
5.88500000e+01 1.24846143e-07
5.89000000e+01 1.24566185e-07
5.89500000e+01 1.24287116e-07
5.90000000e+01 1.24008925e-07
5.90500000e+01 1.23878411e-07
5.91000000e+01 1.23601655e-07
5.91500000e+01 1.23325781e-07
5.92000000e+01 1.23050770e-07
5.92500000e+01 1.22921187e-07
5.93000000e+01 1.22647591e-07
5.93500000e+01 1.22374857e-07
5.94000000e+01 1.22102982e-07
5.94500000e+01 1.21974324e-07
5.95000000e+01 1.21703845e-07
5.95500000e+01 1.21434212e-07
5.96000000e+01 1.21165421e-07
5.96500000e+01 1.21037673e-07
5.97000000e+01 1.20770268e-07
5.97500000e+01 1.20503686e-07
5.98000000e+01 1.20237946e-07
5.98500000e+01 1.19973026e-07
5.99000000e+01 1.19846712e-07
5.99500000e+01 1.19583147e-07
6.00000000e+01 1.19320400e-07
6.00500000e+01 1.19058464e-07
6.01000000e+01 1.18933046e-07
6.01500000e+01 1.18672450e-07
6.02000000e+01 1.18412655e-07
6.02500000e+01 1.18153666e-07
6.03000000e+01 1.19256536e-07
6.03500000e+01 1.18996265e-07
6.04000000e+01 1.18736789e-07
6.04500000e+01 1.18478119e-07
6.05000000e+01 1.18351732e-07
6.05500000e+01 1.18094374e-07
6.06000000e+01 1.17837820e-07
6.06500000e+01 1.17582041e-07
6.07000000e+01 1.17327043e-07
6.07500000e+01 1.17202056e-07
6.08000000e+01 1.16948344e-07
6.08500000e+01 1.16695425e-07
6.09000000e+01 1.16443260e-07
6.09500000e+01 1.16319159e-07
6.10000000e+01 1.16068280e-07
6.10500000e+01 1.15818143e-07
6.11000000e+01 1.15568784e-07
6.11500000e+01 1.15445567e-07
6.12000000e+01 1.15197446e-07
6.12500000e+01 1.14950095e-07
6.13000000e+01 1.14703485e-07
6.13500000e+01 1.14581145e-07
6.14000000e+01 1.14335755e-07
6.14500000e+01 1.14091122e-07
6.15000000e+01 1.13847231e-07
6.15500000e+01 1.13604071e-07
6.16000000e+01 1.13483075e-07
6.16500000e+01 1.13241130e-07
6.17000000e+01 1.12999904e-07
6.17500000e+01 1.12759408e-07
6.18000000e+01 1.12639255e-07
6.18500000e+01 1.12399968e-07
6.19000000e+01 1.12161388e-07
6.19500000e+01 1.11923531e-07
6.20000000e+01 1.12845687e-07
6.20500000e+01 1.12724340e-07
6.21000000e+01 1.12485986e-07
6.21500000e+01 1.12248345e-07
6.22000000e+01 1.12011408e-07
6.22500000e+01 1.11890928e-07
6.23000000e+01 1.11655161e-07
6.23500000e+01 1.11420110e-07
6.24000000e+01 1.11185747e-07
6.24500000e+01 1.10952076e-07
6.25000000e+01 1.10832895e-07
6.25500000e+01 1.10600388e-07
6.26000000e+01 1.10368556e-07
6.26500000e+01 1.10137420e-07
6.27000000e+01 1.10019081e-07
6.27500000e+01 1.09789091e-07
6.28000000e+01 1.09559769e-07
6.28500000e+01 1.09331112e-07
6.29000000e+01 1.09103141e-07
6.29500000e+01 1.08986071e-07
6.30000000e+01 1.08759215e-07
6.30500000e+01 1.08533036e-07
6.31000000e+01 1.08307499e-07
6.31500000e+01 1.08191255e-07
6.32000000e+01 1.07966839e-07
6.32500000e+01 1.07743071e-07
6.33000000e+01 1.07519960e-07
6.33500000e+01 1.07297489e-07
6.34000000e+01 1.07182486e-07
6.34500000e+01 1.06961107e-07
6.35000000e+01 1.06740367e-07
6.35500000e+01 1.06520277e-07
6.36000000e+01 1.06300837e-07
6.36500000e+01 1.06187059e-07
6.37000000e+01 1.05968670e-07
6.37500000e+01 1.06846145e-07
6.38000000e+01 1.06626836e-07
6.38500000e+01 1.06511549e-07
6.39000000e+01 1.06293310e-07
6.39500000e+01 1.06075685e-07
6.40000000e+01 1.05858704e-07
6.40500000e+01 1.05642362e-07
6.41000000e+01 1.05528298e-07
6.41500000e+01 1.05312985e-07
6.42000000e+01 1.05098293e-07
6.42500000e+01 1.04884209e-07
6.43000000e+01 1.04670755e-07
6.43500000e+01 1.04557892e-07
6.44000000e+01 1.04345456e-07
6.44500000e+01 1.04133644e-07
6.45000000e+01 1.03922417e-07
6.45500000e+01 1.03711804e-07
6.46000000e+01 1.03600143e-07
6.46500000e+01 1.03390543e-07
6.47000000e+01 1.03181525e-07
6.47500000e+01 1.02973116e-07
6.48000000e+01 1.02862218e-07
6.48500000e+01 1.02654798e-07
6.49000000e+01 1.02447972e-07
6.49500000e+01 1.02241739e-07
6.50000000e+01 1.02036088e-07
6.50500000e+01 1.01926360e-07
6.51000000e+01 1.01721677e-07
6.51500000e+01 1.01517585e-07
6.52000000e+01 1.01314063e-07
6.52500000e+01 1.01111132e-07
6.53000000e+01 1.01002526e-07
6.53500000e+01 1.00800548e-07
6.54000000e+01 1.00599144e-07
6.54500000e+01 1.00398306e-07
6.55000000e+01 1.00198038e-07
6.55500000e+01 1.00090564e-07
6.56000000e+01 1.00924288e-07
6.56500000e+01 1.00723517e-07
6.57000000e+01 1.00523306e-07
6.57500000e+01 1.00323662e-07
6.58000000e+01 1.00215215e-07
6.58500000e+01 1.00016515e-07
6.59000000e+01 9.98183690e-08
6.59500000e+01 9.96207753e-08
6.60000000e+01 9.94237427e-08
6.60500000e+01 9.93164013e-08
6.61000000e+01 9.91202920e-08
6.61500000e+01 9.89247197e-08
6.62000000e+01 9.87296943e-08
6.62500000e+01 9.85352003e-08
6.63000000e+01 9.84289807e-08
6.63500000e+01 9.82354040e-08
6.64000000e+01 9.80423720e-08
6.64500000e+01 9.78498820e-08
6.65000000e+01 9.76579077e-08
6.65500000e+01 9.75527623e-08
6.66000000e+01 9.73616907e-08
6.66500000e+01 9.71711450e-08
6.67000000e+01 9.69811217e-08
6.67500000e+01 9.67916397e-08
6.68000000e+01 9.66875533e-08
6.68500000e+01 9.64989363e-08
6.69000000e+01 9.63108550e-08
6.69500000e+01 9.61232837e-08
6.70000000e+01 9.59362183e-08
6.70500000e+01 9.57496710e-08
6.71000000e+01 9.56469810e-08
6.71500000e+01 9.54613030e-08
6.72000000e+01 9.52761303e-08
6.72500000e+01 9.50914613e-08
6.73000000e+01 9.49073073e-08
6.73500000e+01 9.48056613e-08
6.74000000e+01 9.46223433e-08
6.74500000e+01 9.44395283e-08
6.75000000e+01 9.42572157e-08
6.75500000e+01 9.50485637e-08
6.76000000e+01 9.49460073e-08
6.76500000e+01 9.47632070e-08
6.77000000e+01 9.45809007e-08
6.77500000e+01 9.43990937e-08
6.78000000e+01 9.42177603e-08
6.78500000e+01 9.40369447e-08
6.79000000e+01 9.39357517e-08
6.79500000e+01 9.37557480e-08
6.80000000e+01 9.35762363e-08
6.80500000e+01 9.33971987e-08
6.81000000e+01 9.32186483e-08
6.81500000e+01 9.31184777e-08
6.82000000e+01 9.29407380e-08
6.82500000e+01 9.27634963e-08
6.83000000e+01 9.25867230e-08
6.83500000e+01 9.24104213e-08
6.84000000e+01 9.23112227e-08
6.84500000e+01 9.21357173e-08
6.85000000e+01 9.19606973e-08
6.85500000e+01 9.17861267e-08
6.86000000e+01 9.16120453e-08
6.86500000e+01 9.14384147e-08
6.87000000e+01 9.13405263e-08
6.87500000e+01 9.11676950e-08
6.88000000e+01 9.09953117e-08
6.88500000e+01 9.08233970e-08
6.89000000e+01 9.06519380e-08
6.89500000e+01 9.05549907e-08
6.90000000e+01 9.03843073e-08
6.90500000e+01 9.02140800e-08
6.91000000e+01 9.00442980e-08
6.91500000e+01 8.98749783e-08
6.92000000e+01 8.97061007e-08
6.92500000e+01 8.96104197e-08
6.93000000e+01 8.94422987e-08
6.93500000e+01 8.92746160e-08
6.94000000e+01 8.91073920e-08
6.94500000e+01 8.89406007e-08
6.95000000e+01 8.87742447e-08
6.95500000e+01 8.95970720e-08
6.96000000e+01 8.94298010e-08
6.96500000e+01 8.92629563e-08
6.97000000e+01 8.90965717e-08
6.97500000e+01 8.89305977e-08
6.98000000e+01 8.88353300e-08
6.98500000e+01 8.86701053e-08
6.99000000e+01 8.85053143e-08
6.99500000e+01 8.83409627e-08
7.00000000e+01 8.81770457e-08
7.00500000e+01 8.80135477e-08
7.01000000e+01 8.79194970e-08
7.01500000e+01 8.77567400e-08
7.02000000e+01 8.75943927e-08
7.02500000e+01 8.74324697e-08
7.03000000e+01 8.72709737e-08
7.03500000e+01 8.71099037e-08
7.04000000e+01 8.70170337e-08
7.04500000e+01 8.68566770e-08
7.05000000e+01 8.66967340e-08
7.05500000e+01 8.65372127e-08
7.06000000e+01 8.63781027e-08
7.06500000e+01 8.62194010e-08
7.07000000e+01 8.61277003e-08
7.07500000e+01 8.59696943e-08
7.08000000e+01 8.58121037e-08
7.08500000e+01 8.56549213e-08
7.09000000e+01 8.54981433e-08
7.09500000e+01 8.53417693e-08
7.10000000e+01 8.52512237e-08
7.10500000e+01 8.50955407e-08
7.11000000e+01 8.49402527e-08
7.11500000e+01 8.47853677e-08
7.12000000e+01 8.46308827e-08
7.12500000e+01 8.44767910e-08
7.13000000e+01 8.43873630e-08
7.13500000e+01 8.42339500e-08
7.14000000e+01 8.40809307e-08
7.14500000e+01 8.39283023e-08
7.15000000e+01 8.37760680e-08
7.15500000e+01 8.36242223e-08
7.16000000e+01 8.35358950e-08
7.16500000e+01 8.33847113e-08
7.17000000e+01 8.40960960e-08
7.17500000e+01 8.39441513e-08
7.18000000e+01 8.37925873e-08
7.18500000e+01 8.36414297e-08
7.19000000e+01 8.35526193e-08
7.19500000e+01 8.34021103e-08
7.20000000e+01 8.32519847e-08
7.20500000e+01 8.31022407e-08
7.21000000e+01 8.29528640e-08
7.21500000e+01 8.28038803e-08
7.22000000e+01 8.26552653e-08
7.22500000e+01 8.25678137e-08
7.23000000e+01 8.24198420e-08
7.23500000e+01 8.22722553e-08
7.24000000e+01 8.21250363e-08
7.24500000e+01 8.19781870e-08
7.25000000e+01 8.18317043e-08
7.25500000e+01 8.17453130e-08
7.26000000e+01 8.15994670e-08
7.26500000e+01 8.14539820e-08
7.27000000e+01 8.13088663e-08
7.27500000e+01 8.11641243e-08
7.28000000e+01 8.10197343e-08
7.28500000e+01 8.09343763e-08
7.29000000e+01 8.07906177e-08
7.29500000e+01 8.06472167e-08
7.30000000e+01 8.05041687e-08
7.30500000e+01 8.03614733e-08
7.31000000e+01 8.02191377e-08
7.31500000e+01 8.00771613e-08
7.32000000e+01 7.99930847e-08
7.32500000e+01 7.98517117e-08
7.33000000e+01 7.97106980e-08
7.33500000e+01 7.95700350e-08
7.34000000e+01 7.94297227e-08
7.34500000e+01 7.92897573e-08
7.35000000e+01 7.92066753e-08
7.35500000e+01 7.90673020e-08
7.36000000e+01 7.89282777e-08
7.36500000e+01 7.87895927e-08
7.37000000e+01 7.86512603e-08
7.37500000e+01 7.85132687e-08
7.38000000e+01 7.83756180e-08
7.38500000e+01 7.82937577e-08
7.39000000e+01 7.89678270e-08
7.39500000e+01 7.88297060e-08
7.40000000e+01 7.86919203e-08
7.40500000e+01 7.85544777e-08
7.41000000e+01 7.84173770e-08
7.41500000e+01 7.82806140e-08
7.42000000e+01 7.81985290e-08
7.42500000e+01 7.80623383e-08
7.43000000e+01 7.79264877e-08
7.43500000e+01 7.77909683e-08
7.44000000e+01 7.76557760e-08
7.44500000e+01 7.75209183e-08
7.45000000e+01 7.73863947e-08
7.45500000e+01 7.73054987e-08
7.46000000e+01 7.71715420e-08
7.46500000e+01 7.70379107e-08
7.47000000e+01 7.69046050e-08
7.47500000e+01 7.67716303e-08
7.48000000e+01 7.66389690e-08
7.48500000e+01 7.65066347e-08
7.49000000e+01 7.64269077e-08
7.49500000e+01 7.62951320e-08
7.50000000e+01 7.61636713e-08
7.50500000e+01 7.60325310e-08
7.51000000e+01 7.59017073e-08
7.51500000e+01 7.57712087e-08
7.52000000e+01 7.56410243e-08
7.52500000e+01 7.55624387e-08
7.53000000e+01 7.54327950e-08
7.53500000e+01 7.53034603e-08
7.54000000e+01 7.51744423e-08
7.54500000e+01 7.50457317e-08
7.55000000e+01 7.49173350e-08
7.55500000e+01 7.47892487e-08
7.56000000e+01 7.47117857e-08
7.56500000e+01 7.45842263e-08
7.57000000e+01 7.44569873e-08
7.57500000e+01 7.43300450e-08
7.58000000e+01 7.42034030e-08
7.58500000e+01 7.40770690e-08
7.59000000e+01 7.39510430e-08
7.59500000e+01 7.38253143e-08
7.60000000e+01 7.37491627e-08
7.60500000e+01 7.36239490e-08
7.61000000e+01 7.34990430e-08
7.61500000e+01 7.33744417e-08
7.62000000e+01 7.32501280e-08
7.62500000e+01 7.38874283e-08
7.63000000e+01 7.37624423e-08
7.63500000e+01 7.36860473e-08
7.64000000e+01 7.35615800e-08
7.64500000e+01 7.34374090e-08
7.65000000e+01 7.33135253e-08
7.65500000e+01 7.31899437e-08
7.66000000e+01 7.30666613e-08
7.66500000e+01 7.29436620e-08
7.67000000e+01 7.28209503e-08
7.67500000e+01 7.27458297e-08
7.68000000e+01 7.26236243e-08
7.68500000e+01 7.25017127e-08
7.69000000e+01 7.23800897e-08
7.69500000e+01 7.22587537e-08
7.70000000e+01 7.21377047e-08
7.70500000e+01 7.20169387e-08
7.71000000e+01 7.19428520e-08
7.71500000e+01 7.18225850e-08
7.72000000e+01 7.17025897e-08
7.72500000e+01 7.15828807e-08
7.73000000e+01 7.14634577e-08
7.73500000e+01 7.13443113e-08
7.74000000e+01 7.12254540e-08
7.74500000e+01 7.11068707e-08
7.75000000e+01 7.10339970e-08
7.75500000e+01 7.09158927e-08
7.76000000e+01 7.07980720e-08
7.76500000e+01 7.06805157e-08
7.77000000e+01 7.05632383e-08
7.77500000e+01 7.04462393e-08
7.78000000e+01 7.03295103e-08
7.78500000e+01 7.02130543e-08
7.79000000e+01 7.01413623e-08
7.79500000e+01 7.00253797e-08
7.80000000e+01 6.99096733e-08
7.80500000e+01 6.97942273e-08
7.81000000e+01 6.96790467e-08
7.81500000e+01 6.95641383e-08
7.82000000e+01 6.94494930e-08
7.82500000e+01 6.93351190e-08
7.83000000e+01 6.92210107e-08
7.83500000e+01 6.91506707e-08
7.84000000e+01 6.90370237e-08
7.84500000e+01 6.89236377e-08
7.85000000e+01 6.88105140e-08
7.85500000e+01 6.86976480e-08
7.86000000e+01 6.85850400e-08
7.86500000e+01 6.84726963e-08
7.87000000e+01 6.90748260e-08
7.87500000e+01 6.90044253e-08
7.88000000e+01 6.88916390e-08
7.88500000e+01 6.87791197e-08
7.89000000e+01 6.86668577e-08
7.89500000e+01 6.85548457e-08
7.90000000e+01 6.84430950e-08
7.90500000e+01 6.83316053e-08
7.91000000e+01 6.82203683e-08
7.91500000e+01 6.81093833e-08
7.92000000e+01 6.80402820e-08
7.92500000e+01 6.79297457e-08
7.93000000e+01 6.78194587e-08
7.93500000e+01 6.77094247e-08
7.94000000e+01 6.75996443e-08
7.94500000e+01 6.74901063e-08
7.95000000e+01 6.73808307e-08
7.95500000e+01 6.72717933e-08
7.96000000e+01 6.71630087e-08
7.96500000e+01 6.70951660e-08
7.97000000e+01 6.69868193e-08
7.97500000e+01 6.68787047e-08
7.98000000e+01 6.67708510e-08
7.98500000e+01 6.66632337e-08
7.99000000e+01 6.65558677e-08
7.99500000e+01 6.64487347e-08
8.00000000e+01 6.63418490e-08
