-2.00000000e+01 1.88834683e-07 1.71666627e-07
-1.99500000e+01 1.89552503e-07 1.72274363e-07
-1.99000000e+01 1.90274823e-07 1.72885613e-07
-1.98500000e+01 1.91001710e-07 1.73500430e-07
-1.98000000e+01 1.91733207e-07 1.74118850e-07
-1.97500000e+01 1.92469367e-07 1.74740897e-07
-1.97000000e+01 1.93210200e-07 1.75366577e-07
-1.96500000e+01 1.93955783e-07 1.75995947e-07
-1.96000000e+01 1.94706123e-07 1.76629017e-07
-1.95500000e+01 1.95461287e-07 1.77265843e-07
-1.95000000e+01 1.96221320e-07 1.77906453e-07
-1.94500000e+01 1.96986253e-07 1.78550853e-07
-1.94000000e+01 1.97756130e-07 1.79199080e-07
-1.93500000e+01 1.98531023e-07 1.79851193e-07
-1.93000000e+01 1.99310943e-07 1.80507217e-07
-1.92500000e+01 2.00095973e-07 1.81167173e-07
-1.92000000e+01 2.00886120e-07 1.81831083e-07
-1.91500000e+01 2.01681450e-07 1.82498997e-07
-1.91000000e+01 2.02482013e-07 1.83170963e-07
-1.90500000e+01 2.03287877e-07 1.83847007e-07
-1.90000000e+01 2.04099053e-07 1.84527147e-07
-1.89500000e+01 2.04915620e-07 1.85211423e-07
-1.89000000e+01 2.05737610e-07 1.85899877e-07
-1.88500000e+01 2.06565080e-07 1.86592557e-07
-1.88000000e+01 2.07398103e-07 1.87289493e-07
-1.87500000e+01 2.08236693e-07 1.87990703e-07
-1.87000000e+01 2.09080917e-07 1.88696220e-07
-1.86500000e+01 2.09930857e-07 1.89406123e-07
-1.86000000e+01 2.10786533e-07 1.90120437e-07
-1.85500000e+01 2.11648027e-07 1.90839177e-07
-1.85000000e+01 2.12515363e-07 1.91562397e-07
-1.84500000e+01 2.13388610e-07 1.92290123e-07
-1.84000000e+01 2.14267837e-07 1.93022430e-07
-1.83500000e+01 2.15153103e-07 1.93759333e-07
-1.83000000e+01 2.16044450e-07 1.94500870e-07
-1.82500000e+01 2.16941950e-07 1.95247080e-07
-1.82000000e+01 2.17845657e-07 1.95998007e-07
-1.81500000e+01 2.18755630e-07 1.96753727e-07
-1.81000000e+01 2.19671947e-07 1.97514247e-07
-1.80500000e+01 2.20594643e-07 1.98279600e-07
-1.80000000e+01 2.21523797e-07 1.99049853e-07
-1.79500000e+01 2.22459467e-07 1.99825057e-07
-1.79000000e+01 2.23401747e-07 2.00605257e-07
-1.78500000e+01 2.24350660e-07 2.01390470e-07
-1.78000000e+01 2.25306310e-07 2.02180763e-07
-1.77500000e+01 2.26268720e-07 2.02976167e-07
-1.77000000e+01 2.27237990e-07 2.03776760e-07
-1.76500000e+01 2.28214207e-07 2.04582573e-07
-1.76000000e+01 2.29197390e-07 2.05393640e-07
-1.75500000e+01 2.30187643e-07 2.06210003e-07
-1.75000000e+01 2.31185050e-07 2.07031757e-07
-1.74500000e+01 2.32189647e-07 2.07858930e-07
-1.74000000e+01 2.33201553e-07 2.08691560e-07
-1.73500000e+01 2.34220793e-07 2.09529700e-07
-1.73000000e+01 2.35247463e-07 2.10373400e-07
-1.72500000e+01 2.36281647e-07 2.11222733e-07
-1.72000000e+01 2.37323443e-07 2.12077753e-07
-1.71500000e+01 2.38372890e-07 2.12938483e-07
-1.71000000e+01 2.39430093e-07 2.13804993e-07
-1.70500000e+01 2.40495117e-07 2.14677333e-07
-1.70000000e+01 2.41568047e-07 2.15555587e-07
-1.69500000e+01 2.42648997e-07 2.16439790e-07
-1.69000000e+01 2.43738007e-07 2.17329987e-07
-1.68500000e+01 2.44835173e-07 2.18226230e-07
-1.68000000e+01 2.45940597e-07 2.19128617e-07
-1.67500000e+01 2.47054380e-07 2.20037200e-07
-1.67000000e+01 2.48176597e-07 2.20952010e-07
-1.66500000e+01 2.49307310e-07 2.21873123e-07
-1.66000000e+01 2.50446627e-07 2.22800590e-07
-1.65500000e+01 2.51594657e-07 2.23734507e-07
-1.65000000e+01 2.52751507e-07 2.24674917e-07
-1.64500000e+01 2.53917227e-07 2.25621870e-07
-1.64000000e+01 2.55091950e-07 2.26575440e-07
-1.63500000e+01 2.56275760e-07 2.27535683e-07
-1.63000000e+01 2.57468757e-07 2.28502710e-07
-1.62500000e+01 2.58671060e-07 2.29476557e-07
-1.62000000e+01 2.59882737e-07 2.30457257e-07
-1.61500000e+01 2.61103903e-07 2.31444920e-07
-1.61000000e+01 2.62334680e-07 2.32439633e-07
-1.60500000e+01 2.63575193e-07 2.33441450e-07
-1.60000000e+01 2.64825500e-07 2.34450420e-07
-1.59500000e+01 2.66085760e-07 2.35466633e-07
-1.59000000e+01 2.67356030e-07 2.36490157e-07
-1.58500000e+01 2.68636457e-07 2.37521090e-07
-1.58000000e+01 2.69927187e-07 2.38559500e-07
-1.57500000e+01 2.71228273e-07 2.39605440e-07
-1.57000000e+01 2.72539857e-07 2.40658977e-07
-1.56500000e+01 2.73862097e-07 2.41720247e-07
-1.56000000e+01 2.75195063e-07 2.42789307e-07
-1.55500000e+01 2.76538923e-07 2.43866220e-07
-1.55000000e+01 2.77893757e-07 2.44951073e-07
-1.54500000e+01 2.79259707e-07 2.46043950e-07
-1.54000000e+01 2.80636920e-07 2.47144953e-07
-1.53500000e+01 2.82025543e-07 2.48254170e-07
-1.53000000e+01 2.83425663e-07 2.49371653e-07
-1.52500000e+01 2.84837440e-07 2.50497503e-07
-1.52000000e+01 2.86261017e-07 2.51631817e-07
-1.51500000e+01 2.87696513e-07 2.52774703e-07
-1.51000000e+01 2.89144110e-07 2.53926247e-07
-1.50500000e+01 2.90603900e-07 2.55086503e-07
-1.50000000e+01 2.92076047e-07 2.56255573e-07
-1.49500000e+01 2.93560710e-07 2.57433603e-07
-1.49000000e+01 2.95058070e-07 2.58620670e-07
-1.48500000e+01 2.96568247e-07 2.59816847e-07
-1.48000000e+01 2.98091370e-07 2.61022243e-07
-1.47500000e+01 2.99627610e-07 2.62236953e-07
-1.47000000e+01 3.01177150e-07 2.63461120e-07
-1.46500000e+01 3.02740180e-07 2.64694823e-07
-1.46000000e+01 3.04316793e-07 2.65938147e-07
-1.45500000e+01 3.05907193e-07 2.67191210e-07
-1.45000000e+01 3.07511593e-07 2.68454120e-07
-1.44500000e+01 3.09130090e-07 2.69727027e-07
-1.44000000e+01 3.10762927e-07 2.71010017e-07
-1.43500000e+01 3.12410227e-07 2.72303157e-07
-1.43000000e+01 3.14072187e-07 2.73606610e-07
-1.42500000e+01 3.15749010e-07 2.74920500e-07
-1.42000000e+01 3.17440913e-07 2.76244947e-07
-1.41500000e+01 3.19148023e-07 2.77580040e-07
-1.41000000e+01 3.20870583e-07 2.78925917e-07
-1.40500000e+01 3.22608760e-07 2.80282680e-07
-1.40000000e+01 3.24362760e-07 2.81650513e-07
-1.39500000e+01 3.26132830e-07 2.83029520e-07
-1.39000000e+01 3.27919103e-07 2.84419793e-07
-1.38500000e+01 3.29721827e-07 2.85821463e-07
-1.38000000e+01 3.31541253e-07 2.87234727e-07
-1.37500000e+01 3.33377553e-07 2.88659703e-07
-1.37000000e+01 3.35230987e-07 2.90096487e-07
-1.36500000e+01 3.37101720e-07 2.91545247e-07
-1.36000000e+01 3.38990013e-07 2.93006097e-07
-1.35500000e+01 3.40896110e-07 2.94479243e-07
-1.35000000e+01 3.42820287e-07 2.95964803e-07
-1.34500000e+01 3.44762707e-07 2.97462897e-07
-1.34000000e+01 3.46723660e-07 2.98973683e-07
-1.33500000e+01 3.48703400e-07 3.00497333e-07
-1.33000000e+01 3.50702153e-07 3.02034020e-07
-1.32500000e+01 3.52720233e-07 3.03583897e-07
-1.32000000e+01 3.54757833e-07 3.05147067e-07
-1.31500000e+01 3.56815247e-07 3.06723737e-07
-1.31000000e+01 3.58892767e-07 3.08314097e-07
-1.30500000e+01 3.60990700e-07 3.09918310e-07
-1.30000000e+01 3.63109260e-07 3.11536510e-07
-1.29500000e+01 3.65248797e-07 3.13168887e-07
-1.29000000e+01 3.67409527e-07 3.14815603e-07
-1.28500000e+01 3.69591810e-07 3.16476897e-07
-1.28000000e+01 3.71795980e-07 3.18152923e-07
-1.27500000e+01 3.74022257e-07 3.19843837e-07
-1.27000000e+01 3.76270997e-07 3.21549810e-07
-1.26500000e+01 3.78542580e-07 3.23271120e-07
-1.26000000e+01 3.80837243e-07 3.25007933e-07
-1.25500000e+01 3.83155400e-07 3.26760437e-07
-1.25000000e+01 3.85497300e-07 3.28528783e-07
-1.24500000e+01 3.87863330e-07 3.30313227e-07
-1.24000000e+01 3.90253860e-07 3.32114000e-07
-1.23500000e+01 3.92669290e-07 3.33931307e-07
-1.23000000e+01 3.95109890e-07 3.35765323e-07
-1.22500000e+01 3.97576103e-07 3.37616290e-07
-1.22000000e+01 4.00068267e-07 3.39484413e-07
-1.21500000e+01 4.02586777e-07 3.41369987e-07
-1.21000000e+01 4.05132093e-07 3.43273203e-07
-1.20500000e+01 4.07704510e-07 3.45194273e-07
-1.20000000e+01 4.10304483e-07 3.47133403e-07
-1.19500000e+01 4.12932457e-07 3.49090947e-07
-1.19000000e+01 4.15588877e-07 3.51067120e-07
-1.18500000e+01 4.18274147e-07 3.53062127e-07
-1.18000000e+01 4.20988663e-07 3.55076243e-07
-1.17500000e+01 4.23732903e-07 3.57109710e-07
-1.17000000e+01 4.26507360e-07 3.59162873e-07
-1.16500000e+01 4.29312543e-07 3.61235967e-07
-1.16000000e+01 4.32148833e-07 3.63329223e-07
-1.15500000e+01 4.35016773e-07 3.65442937e-07
-1.15000000e+01 4.37916877e-07 3.67577403e-07
-1.14500000e+01 4.40849607e-07 3.69732980e-07
-1.14000000e+01 4.43815570e-07 3.71909910e-07
-1.13500000e+01 4.46815187e-07 3.74108433e-07
-1.13000000e+01 4.49849037e-07 3.76328923e-07
-1.12500000e+01 4.52917700e-07 3.78571720e-07
-1.12000000e+01 4.56021803e-07 3.80837140e-07
-1.11500000e+01 4.59161800e-07 3.83125453e-07
-1.11000000e+01 4.62338370e-07 3.85437010e-07
-1.10500000e+01 4.65552013e-07 3.87772137e-07
-1.10000000e+01 4.68803423e-07 3.90131253e-07
-1.09500000e+01 4.72093283e-07 3.92514673e-07
-1.09000000e+01 4.75422093e-07 3.94922707e-07
-1.08500000e+01 4.78790577e-07 3.97355700e-07
-1.08000000e+01 4.82199480e-07 3.99814137e-07
-1.07500000e+01 4.85649350e-07 4.02298367e-07
-1.07000000e+01 4.89141020e-07 4.04808723e-07
-1.06500000e+01 4.92675063e-07 4.07345623e-07
-1.06000000e+01 4.96252267e-07 4.09909443e-07
-1.05500000e+01 4.99873413e-07 4.12500653e-07
-1.05000000e+01 5.03539310e-07 4.15119677e-07
-1.04500000e+01 5.07250610e-07 4.17766873e-07
-1.04000000e+01 5.11008173e-07 4.20442697e-07
-1.03500000e+01 5.14812847e-07 4.23147580e-07
-1.03000000e+01 5.18665397e-07 4.25882063e-07
-1.02500000e+01 5.22566790e-07 4.28646563e-07
-1.02000000e+01 5.26517747e-07 4.31441500e-07
-1.01500000e+01 5.30519217e-07 4.34267323e-07
-1.01000000e+01 5.34572163e-07 4.37124670e-07
-1.00500000e+01 5.38677560e-07 4.40014000e-07
-1.00000000e+01 5.42836307e-07 4.42935760e-07
-9.95000000e+00 5.47049300e-07 4.45890493e-07
-9.90000000e+00 5.51317593e-07 4.48878717e-07
-9.85000000e+00 5.55642263e-07 4.51901073e-07
-9.80000000e+00 5.60024420e-07 4.54958073e-07
-9.75000000e+00 5.64464980e-07 4.58050230e-07
-9.70000000e+00 5.68965147e-07 4.61178130e-07
-9.65000000e+00 5.73526053e-07 4.64342397e-07
-9.60000000e+00 5.78148797e-07 4.67543720e-07
-9.55000000e+00 5.82834690e-07 4.70782650e-07
-9.50000000e+00 5.87584770e-07 4.74059733e-07
-9.45000000e+00 5.92400350e-07 4.77375697e-07
-9.40000000e+00 5.97282760e-07 4.80731253e-07
-9.35000000e+00 6.02233373e-07 4.84127070e-07
-9.30000000e+00 6.07253367e-07 4.87563770e-07
-9.25000000e+00 6.12344257e-07 4.91042077e-07
-9.20000000e+00 6.17507280e-07 4.94562700e-07
-9.15000000e+00 6.22744030e-07 4.98126493e-07
-9.10000000e+00 6.28056060e-07 5.01734160e-07
-9.05000000e+00 6.33444687e-07 5.05386400e-07
-9.00000000e+00 6.38911557e-07 5.09083983e-07
-8.95000000e+00 6.44458433e-07 5.12827887e-07
-8.90000000e+00 6.50086733e-07 5.16618903e-07
-8.85000000e+00 6.55798357e-07 5.20457797e-07
-8.80000000e+00 6.61594820e-07 5.24345463e-07
-8.75000000e+00 6.67477990e-07 5.28282783e-07
-8.70000000e+00 6.73449760e-07 5.32270743e-07
-8.65000000e+00 6.79512103e-07 5.36310277e-07
-8.60000000e+00 6.85666723e-07 5.40402260e-07
-8.55000000e+00 6.91915717e-07 5.44547663e-07
-8.50000000e+00 6.98261180e-07 5.48747563e-07
-8.45000000e+00 7.04705103e-07 5.53003033e-07
-8.40000000e+00 7.11249827e-07 5.57315097e-07
-8.35000000e+00 7.17897313e-07 5.61684707e-07
-8.30000000e+00 7.24649950e-07 5.66113070e-07
-8.25000000e+00 7.31510140e-07 5.70601390e-07
-8.20000000e+00 7.38480413e-07 5.75150837e-07
-8.15000000e+00 7.45563010e-07 5.79762497e-07
-8.10000000e+00 7.52760660e-07 5.84437620e-07
-8.05000000e+00 7.60075790e-07 5.89177450e-07
-8.00000000e+00 7.67511293e-07 5.93983437e-07
-7.95000000e+00 7.75070060e-07 5.98856820e-07
-7.90000000e+00 7.82754677e-07 6.03798877e-07
-7.85000000e+00 7.90568207e-07 6.08811017e-07
-7.80000000e+00 7.98513940e-07 6.13894720e-07
-7.75000000e+00 8.06594680e-07 6.19051597e-07
-7.70000000e+00 8.14813963e-07 6.24283037e-07
-7.65000000e+00 8.23174840e-07 6.29590467e-07
-7.60000000e+00 8.31680823e-07 6.34975603e-07
-7.55000000e+00 8.40335620e-07 6.40440167e-07
-7.50000000e+00 8.49142963e-07 6.45985840e-07
-7.45000000e+00 8.58106313e-07 6.51614240e-07
-7.40000000e+00 8.67229790e-07 6.57327167e-07
-7.35000000e+00 8.76517370e-07 6.63126437e-07
-7.30000000e+00 8.85973167e-07 6.69014127e-07
-7.25000000e+00 8.95601720e-07 6.74992080e-07
-7.20000000e+00 9.05407050e-07 6.81062180e-07
-7.15000000e+00 9.15393907e-07 6.87226430e-07
-7.10000000e+00 9.25567253e-07 6.93487227e-07
-7.05000000e+00 9.35931737e-07 6.99846680e-07
-7.00000000e+00 9.46492617e-07 7.06306900e-07
-6.95000000e+00 9.57254783e-07 7.12870223e-07
-6.90000000e+00 9.68223813e-07 7.19538963e-07
-6.85000000e+00 9.79405333e-07 7.26315843e-07
-6.80000000e+00 9.90805407e-07 7.33203257e-07
-6.75000000e+00 1.00242956e-06 7.40203713e-07
-6.70000000e+00 1.01428416e-06 7.47319857e-07
-6.65000000e+00 1.02637584e-06 7.54554617e-07
-6.60000000e+00 1.03871095e-06 7.61910897e-07
-6.55000000e+00 1.05129677e-06 7.69391603e-07
-6.50000000e+00 1.06413998e-06 7.76999567e-07
-6.45000000e+00 1.07724817e-06 7.84738060e-07
-6.40000000e+00 1.09062915e-06 7.92610470e-07
-6.35000000e+00 1.10429110e-06 8.00620137e-07
-6.30000000e+00 1.11824180e-06 8.08770347e-07
-6.25000000e+00 1.13249024e-06 8.17064713e-07
-6.20000000e+00 1.14704487e-06 8.25506880e-07
-6.15000000e+00 1.16191537e-06 8.34100963e-07
-6.10000000e+00 1.17711150e-06 8.42850757e-07
-6.05000000e+00 1.19264270e-06 8.51760213e-07
-6.00000000e+00 1.20851960e-06 8.60833453e-07
-5.95000000e+00 1.22475347e-06 8.70075270e-07
-5.90000000e+00 1.24135483e-06 8.79490093e-07
-5.85000000e+00 1.25833600e-06 8.89082537e-07
-5.80000000e+00 1.27570857e-06 8.98857213e-07
-5.75000000e+00 1.29348543e-06 9.08819320e-07
-5.70000000e+00 1.31167993e-06 9.18974290e-07
-5.65000000e+00 1.33030610e-06 9.29327523e-07
-5.60000000e+00 1.34937767e-06 9.39884347e-07
-5.55000000e+00 1.36890997e-06 9.50650667e-07
-5.50000000e+00 1.38891843e-06 9.61632513e-07
-5.45000000e+00 1.40941937e-06 9.72836433e-07
-5.40000000e+00 1.43043017e-06 9.84268773e-07
-5.35000000e+00 1.45196787e-06 9.95936157e-07
-5.30000000e+00 1.47405130e-06 1.00784542e-06
-5.25000000e+00 1.49670013e-06 1.02000441e-06
-5.20000000e+00 1.51993460e-06 1.03242065e-06
-5.15000000e+00 1.54377583e-06 1.04510174e-06
-5.10000000e+00 1.56824557e-06 1.05805597e-06
-5.05000000e+00 1.59336720e-06 1.07129175e-06
-5.00000000e+00 1.61916537e-06 1.08481853e-06
-4.95000000e+00 1.64566593e-06 1.09864532e-06
-4.90000000e+00 1.67289473e-06 1.11278160e-06
-4.85000000e+00 1.70088010e-06 1.12723750e-06
-4.80000000e+00 1.72965193e-06 1.14202357e-06
-4.75000000e+00 1.75924050e-06 1.15715123e-06
-4.70000000e+00 1.78967900e-06 1.17263167e-06
-4.65000000e+00 1.82100047e-06 1.18847647e-06
-4.60000000e+00 1.85324127e-06 1.20469827e-06
-4.55000000e+00 1.88643937e-06 1.22131060e-06
-4.50000000e+00 1.92063497e-06 1.23832713e-06
-4.45000000e+00 1.95586883e-06 1.25576173e-06
-4.40000000e+00 1.99218573e-06 1.27362947e-06
-4.35000000e+00 2.02963127e-06 1.29194597e-06
-4.30000000e+00 2.06825543e-06 1.31072820e-06
-4.25000000e+00 2.10811037e-06 1.32999320e-06
-4.20000000e+00 2.14924937e-06 1.34975863e-06
-4.15000000e+00 2.19173083e-06 1.37004333e-06
-4.10000000e+00 2.23561713e-06 1.39086810e-06
-4.05000000e+00 2.28097123e-06 1.41225363e-06
-4.00000000e+00 2.32786323e-06 1.43422163e-06
-3.95000000e+00 2.37636403e-06 1.45679517e-06
-3.90000000e+00 2.42655157e-06 1.47999867e-06
-3.85000000e+00 2.47850787e-06 1.50385817e-06
-3.80000000e+00 2.53232070e-06 1.52840080e-06
-3.75000000e+00 2.58808050e-06 1.55365463e-06
-3.70000000e+00 2.64588610e-06 1.57964967e-06
-3.65000000e+00 2.70584327e-06 1.60641783e-06
-3.60000000e+00 2.76806193e-06 1.63399340e-06
-3.55000000e+00 2.83266260e-06 1.66241153e-06
-3.50000000e+00 2.89976970e-06 1.69170937e-06
-3.45000000e+00 2.96951993e-06 1.72192633e-06
-3.40000000e+00 3.04205890e-06 1.75310600e-06
-3.35000000e+00 3.11754150e-06 1.78529280e-06
-3.30000000e+00 3.19613357e-06 1.81853367e-06
-3.25000000e+00 3.27801150e-06 1.85287907e-06
-3.20000000e+00 3.36336730e-06 1.88838257e-06
-3.15000000e+00 3.45240690e-06 1.92510247e-06
-3.10000000e+00 3.54535237e-06 1.96309890e-06
-3.05000000e+00 3.64243790e-06 2.00243623e-06
-3.00000000e+00 3.74392187e-06 2.04318360e-06
-2.95000000e+00 3.85008150e-06 2.08541570e-06
-2.90000000e+00 3.96121327e-06 2.12921210e-06
-2.85000000e+00 4.07764300e-06 2.17465697e-06
-2.80000000e+00 4.19971647e-06 2.22183993e-06
-2.75000000e+00 4.32781500e-06 2.27085857e-06
-2.70000000e+00 4.46235100e-06 2.32181877e-06
-2.65000000e+00 4.60377437e-06 2.37483260e-06
-2.60000000e+00 4.75256807e-06 2.43002013e-06
-2.55000000e+00 4.90926660e-06 2.48751153e-06
-2.50000000e+00 5.07444643e-06 2.54744743e-06
-2.45000000e+00 5.24874593e-06 2.60998160e-06
-2.40000000e+00 5.43286173e-06 2.67527747e-06
-2.35000000e+00 5.62754930e-06 2.74351237e-06
-2.30000000e+00 5.83365020e-06 2.81487857e-06
-2.25000000e+00 6.05209037e-06 2.88958933e-06
-2.20000000e+00 6.28387803e-06 2.96787240e-06
-2.15000000e+00 6.53014463e-06 3.04997613e-06
-2.10000000e+00 6.79212567e-06 3.13617200e-06
-2.05000000e+00 7.07119683e-06 3.22675740e-06
-2.00000000e+00 7.36889393e-06 3.32206030e-06
-1.95000000e+00 7.68692237e-06 3.42243803e-06
-1.90000000e+00 8.02717703e-06 3.52828250e-06
-1.85000000e+00 8.39177480e-06 3.64002510e-06
-1.80000000e+00 8.78310797e-06 3.75814817e-06
-1.75000000e+00 9.20383500e-06 3.88317840e-06
-1.70000000e+00 9.65696693e-06 4.01570313e-06
-1.65000000e+00 1.01458839e-05 4.15636883e-06
-1.60000000e+00 1.06744090e-05 4.30590143e-06
-1.55000000e+00 1.12468876e-05 4.46511020e-06
-1.50000000e+00 1.18682450e-05 4.63489847e-06
-1.45000000e+00 1.25440760e-05 4.81627530e-06
-1.40000000e+00 1.32807614e-05 5.01037503e-06
-1.35000000e+00 1.40855851e-05 5.21847773e-06
-1.30000000e+00 1.49669207e-05 5.44202980e-06
-1.25000000e+00 1.59343443e-05 5.68266030e-06
-1.20000000e+00 1.69988320e-05 5.94221570e-06
-1.15000000e+00 1.81730070e-05 6.22279527e-06
-1.10000000e+00 1.94714247e-05 6.52679833e-06
-1.05000000e+00 2.09107120e-05 6.85694850e-06
-1.00000000e+00 2.25100073e-05 7.21636183e-06
-9.50000000e-01 2.42911153e-05 7.60858957e-06
-9.00000000e-01 2.62788153e-05 8.03770587e-06
-8.50000000e-01 2.85010517e-05 8.50837763e-06
-8.00000000e-01 3.09888070e-05 9.02592023e-06
-7.50000000e-01 3.37757237e-05 9.59638250e-06
-7.00000000e-01 3.68972080e-05 1.02266197e-05
-6.50000000e-01 4.03885897e-05 1.09243364e-05
-6.00000000e-01 4.42819073e-05 1.16980948e-05
-5.50000000e-01 4.86007627e-05 1.25571960e-05
-5.00000000e-01 5.33525907e-05 1.35114657e-05
-4.50000000e-01 5.85182537e-05 1.45708137e-05
-4.00000000e-01 6.40390000e-05 1.57444963e-05
-3.50000000e-01 6.98021590e-05 1.70398150e-05
-3.00000000e-01 7.56311090e-05 1.84603663e-05
-2.50000000e-01 8.12845707e-05 2.00035883e-05
-2.00000000e-01 8.64742270e-05 2.16579227e-05
-1.50000000e-01 9.09044320e-05 2.34000980e-05
-1.00000000e-01 9.43276353e-05 2.51932817e-05
-5.00000000e-02 9.65987230e-05 2.69882003e-05
0.00000000e+00 9.77034207e-05 2.87280893e-05
5.00000000e-02 9.77463827e-05 3.03579623e-05
1.00000000e-01 9.69038443e-05 3.18355880e-05
1.50000000e-01 9.53647857e-05 3.31405520e-05
2.00000000e-01 9.32857537e-05 3.42763380e-05
2.50000000e-01 9.07725303e-05 3.52643157e-05
3.00000000e-01 8.78874120e-05 3.61317813e-05
3.50000000e-01 8.46692010e-05 3.68984730e-05
4.00000000e-01 8.11552483e-05 3.75666393e-05
4.50000000e-01 7.73973567e-05 3.81175400e-05
5.00000000e-01 7.34694690e-05 3.85165050e-05
5.50000000e-01 6.94663510e-05 3.87249820e-05
6.00000000e-01 6.54944533e-05 3.87167570e-05
6.50000000e-01 6.16586887e-05 3.84915323e-05
7.00000000e-01 5.80497067e-05 3.80807320e-05
7.50000000e-01 5.47362060e-05 3.75436067e-05
8.00000000e-01 5.17626540e-05 3.69563393e-05
8.50000000e-01 4.91510220e-05 3.63992487e-05
9.00000000e-01 4.69047020e-05 3.59459890e-05
9.50000000e-01 4.50119907e-05 3.56565620e-05
1.00000000e+00 4.34485407e-05 3.55735713e-05
1.05000000e+00 4.21781833e-05 3.57208643e-05
1.10000000e+00 4.11536003e-05 3.61034453e-05
1.15000000e+00 4.03178410e-05 3.67083697e-05
1.20000000e+00 3.96084657e-05 3.75064270e-05
1.25000000e+00 3.89646150e-05 3.84549610e-05
1.30000000e+00 3.83353750e-05 3.95014557e-05
1.35000000e+00 3.76870030e-05 4.05877960e-05
1.40000000e+00 3.70060683e-05 4.16544377e-05
1.45000000e+00 3.62976173e-05 4.26445340e-05
1.50000000e+00 3.55798483e-05 4.35083947e-05
1.55000000e+00 3.48772777e-05 4.42082657e-05
1.60000000e+00 3.42145660e-05 4.47231500e-05
1.65000000e+00 3.36114217e-05 4.50513007e-05
1.70000000e+00 3.30783627e-05 4.52086567e-05
1.75000000e+00 3.26141950e-05 4.52219690e-05
1.80000000e+00 3.22055680e-05 4.51186417e-05
1.85000000e+00 3.18296137e-05 4.49173967e-05
1.90000000e+00 3.14593003e-05 4.46233083e-05
1.95000000e+00 3.10701153e-05 4.42294670e-05
2.00000000e+00 3.06455230e-05 4.37229043e-05
2.05000000e+00 3.01797630e-05 4.30924120e-05
2.10000000e+00 2.96773707e-05 4.23343810e-05
2.15000000e+00 2.91504013e-05 4.14551717e-05
2.20000000e+00 2.86147627e-05 4.04702360e-05
2.25000000e+00 2.80867917e-05 3.93998197e-05
2.30000000e+00 2.75806000e-05 3.82643883e-05
2.35000000e+00 2.71064487e-05 3.70810153e-05
2.40000000e+00 2.66703647e-05 3.58631043e-05
2.45000000e+00 2.62746863e-05 3.46232177e-05
2.50000000e+00 2.59194347e-05 3.33769967e-05
2.55000000e+00 2.56037920e-05 3.21461133e-05
2.60000000e+00 2.53274827e-05 3.09579687e-05
2.65000000e+00 2.50915123e-05 2.98429053e-05
2.70000000e+00 2.48982010e-05 2.88297573e-05
2.75000000e+00 2.47506137e-05 2.79420757e-05
2.80000000e+00 2.46514733e-05 2.71955527e-05
2.85000000e+00 2.46020907e-05 2.65970383e-05
2.90000000e+00 2.46014910e-05 2.61447667e-05
2.95000000e+00 2.46460360e-05 2.58290907e-05
3.00000000e+00 2.47297560e-05 2.56341813e-05
3.05000000e+00 2.48453640e-05 2.55402700e-05
3.10000000e+00 2.49857237e-05 2.55268650e-05
3.15000000e+00 2.51452213e-05 2.55761607e-05
3.20000000e+00 2.53206667e-05 2.56760483e-05
3.25000000e+00 2.55111297e-05 2.58216253e-05
3.30000000e+00 2.57165810e-05 2.60147497e-05
3.35000000e+00 2.59354543e-05 2.62621483e-05
3.40000000e+00 2.61615450e-05 2.65725910e-05
3.45000000e+00 2.63814747e-05 2.69542233e-05
3.50000000e+00 2.65738270e-05 2.74122513e-05
3.55000000e+00 2.67111303e-05 2.79471917e-05
3.60000000e+00 2.67649610e-05 2.85536103e-05
3.65000000e+00 2.67130720e-05 2.92197790e-05
3.70000000e+00 2.65461183e-05 2.99284520e-05
3.75000000e+00 2.62712900e-05 3.06588823e-05
3.80000000e+00 2.59112910e-05 3.13898707e-05
3.85000000e+00 2.54989977e-05 3.21031240e-05
3.90000000e+00 2.50702697e-05 3.27862167e-05
3.95000000e+00 2.46571373e-05 3.34343490e-05
4.00000000e+00 2.42833377e-05 3.40505483e-05
4.05000000e+00 2.39623843e-05 3.46442707e-05
4.10000000e+00 2.36980863e-05 3.52289323e-05
4.15000000e+00 2.34865213e-05 3.58191233e-05
4.20000000e+00 2.33190120e-05 3.64283043e-05
4.25000000e+00 2.31853573e-05 3.70672767e-05
4.30000000e+00 2.30765657e-05 3.77436620e-05
4.35000000e+00 2.29865817e-05 3.84622187e-05
4.40000000e+00 2.29125750e-05 3.92254087e-05
4.45000000e+00 2.28540387e-05 4.00334617e-05
4.50000000e+00 2.28111557e-05 4.08833537e-05
4.55000000e+00 2.27833133e-05 4.17667183e-05
4.60000000e+00 2.27681630e-05 4.26671037e-05
4.65000000e+00 2.27615933e-05 4.35577117e-05
4.70000000e+00 2.27583170e-05 4.44005017e-05
4.75000000e+00 2.27528010e-05 4.51480313e-05
4.80000000e+00 2.27402200e-05 4.57485390e-05
4.85000000e+00 2.27172080e-05 4.61541867e-05
4.90000000e+00 2.26825723e-05 4.63307720e-05
4.95000000e+00 2.26377750e-05 4.62662950e-05
5.00000000e+00 2.25872947e-05 4.59753933e-05
5.05000000e+00 2.25385000e-05 4.54975580e-05
5.10000000e+00 2.25010423e-05 4.48897010e-05
5.15000000e+00 2.24855090e-05 4.42152463e-05
5.20000000e+00 2.25016770e-05 4.35333997e-05
5.25000000e+00 2.25565683e-05 4.28909650e-05
5.30000000e+00 2.26526303e-05 4.23181280e-05
5.35000000e+00 2.27866067e-05 4.18280310e-05
5.40000000e+00 2.29491663e-05 4.14194173e-05
5.45000000e+00 2.31259083e-05 4.10811690e-05
5.50000000e+00 2.32994687e-05 4.07973490e-05
5.55000000e+00 2.34527840e-05 4.05520487e-05
5.60000000e+00 2.35726190e-05 4.03329033e-05
5.65000000e+00 2.36524973e-05 4.01330307e-05
5.70000000e+00 2.36941243e-05 3.99513273e-05
5.75000000e+00 2.37065517e-05 3.97914370e-05
5.80000000e+00 2.37035237e-05 3.96597930e-05
5.85000000e+00 2.36995020e-05 3.95634100e-05
5.90000000e+00 2.37057557e-05 3.95077153e-05
5.95000000e+00 2.37272423e-05 3.94949040e-05
6.00000000e+00 2.37611070e-05 3.95227703e-05
6.05000000e+00 2.37969970e-05 3.95842660e-05
6.10000000e+00 2.38192380e-05 3.96676330e-05
6.15000000e+00 2.38105097e-05 3.97574407e-05
6.20000000e+00 2.37560497e-05 3.98363193e-05
6.25000000e+00 2.36473700e-05 3.98874247e-05
6.30000000e+00 2.34842420e-05 3.98972383e-05
6.35000000e+00 2.32746530e-05 3.98581043e-05
6.40000000e+00 2.30328790e-05 3.97697553e-05
6.45000000e+00 2.27766763e-05 3.96392933e-05
6.50000000e+00 2.25245080e-05 3.94794660e-05
6.55000000e+00 2.22932623e-05 3.93056747e-05
6.60000000e+00 2.20966980e-05 3.91323207e-05
6.65000000e+00 2.19444573e-05 3.89693870e-05
6.70000000e+00 2.18415967e-05 3.88199987e-05
6.75000000e+00 2.17886230e-05 3.86793460e-05
6.80000000e+00 2.17819850e-05 3.85353670e-05
6.85000000e+00 2.18150710e-05 3.83709297e-05
6.90000000e+00 2.18794073e-05 3.81673600e-05
6.95000000e+00 2.19659180e-05 3.79084783e-05
7.00000000e+00 2.20659857e-05 3.75843287e-05
7.05000000e+00 2.21720727e-05 3.71937313e-05
7.10000000e+00 2.22780147e-05 3.67449267e-05
7.15000000e+00 2.23789460e-05 3.62544607e-05
7.20000000e+00 2.24712187e-05 3.57445267e-05
7.25000000e+00 2.25522463e-05 3.52398040e-05
7.30000000e+00 2.26205527e-05 3.47643157e-05
7.35000000e+00 2.26758870e-05 3.43389590e-05
7.40000000e+00 2.27193910e-05 3.39797120e-05
7.45000000e+00 2.27536667e-05 3.36965127e-05
7.50000000e+00 2.27825793e-05 3.34926103e-05
7.55000000e+00 2.28108167e-05 3.33642467e-05
7.60000000e+00 2.28430360e-05 3.33006720e-05
7.65000000e+00 2.28828507e-05 3.32845590e-05
7.70000000e+00 2.29317167e-05 3.32929543e-05
7.75000000e+00 2.29879717e-05 3.32988293e-05
7.80000000e+00 2.30462297e-05 3.32733103e-05
7.85000000e+00 2.30973477e-05 3.31884390e-05
7.90000000e+00 2.31291403e-05 3.30202597e-05
7.95000000e+00 2.31278457e-05 3.27518380e-05
8.00000000e+00 2.30802570e-05 3.23758153e-05
8.05000000e+00 2.29761400e-05 3.18958857e-05
8.10000000e+00 2.28103843e-05 3.13268083e-05
8.15000000e+00 2.25843137e-05 3.06927503e-05
8.20000000e+00 2.23058167e-05 3.00242383e-05
8.25000000e+00 2.19882590e-05 2.93544073e-05
8.30000000e+00 2.16485087e-05 2.87154230e-05
8.35000000e+00 2.13046220e-05 2.81357817e-05
8.40000000e+00 2.09737063e-05 2.76386743e-05
8.45000000e+00 2.06702713e-05 2.72414147e-05
8.50000000e+00 2.04052677e-05 2.69555440e-05
8.55000000e+00 2.01857073e-05 2.67872870e-05
8.60000000e+00 2.00148110e-05 2.67380297e-05
8.65000000e+00 1.98924190e-05 2.68047340e-05
8.70000000e+00 1.98156093e-05 2.69802127e-05
8.75000000e+00 1.97793743e-05 2.72533780e-05
8.80000000e+00 1.97772787e-05 2.76095813e-05
8.85000000e+00 1.98021073e-05 2.80312600e-05
8.90000000e+00 1.98464613e-05 2.84989340e-05
8.95000000e+00 1.99033267e-05 2.89924793e-05
9.00000000e+00 1.99665130e-05 2.94925050e-05
9.05000000e+00 2.00309860e-05 2.99813637e-05
9.10000000e+00 2.00929437e-05 3.04435600e-05
9.15000000e+00 2.01496400e-05 3.08652690e-05
9.20000000e+00 2.01990410e-05 3.12333937e-05
9.25000000e+00 2.02393823e-05 3.15344037e-05
9.30000000e+00 2.02689150e-05 3.17536573e-05
9.35000000e+00 2.02857897e-05 3.18756693e-05
9.40000000e+00 2.02883413e-05 3.18853767e-05
9.45000000e+00 2.02754687e-05 3.17703763e-05
9.50000000e+00 2.02471033e-05 3.15233813e-05
9.55000000e+00 2.02045207e-05 3.11444813e-05
9.60000000e+00 2.01504310e-05 3.06422137e-05
9.65000000e+00 2.00888497e-05 3.00333403e-05
9.70000000e+00 2.00247183e-05 2.93412020e-05
9.75000000e+00 1.99634643e-05 2.85931030e-05
9.80000000e+00 1.99104473e-05 2.78174073e-05
9.85000000e+00 1.98704437e-05 2.70408570e-05
9.90000000e+00 1.98471097e-05 2.62865660e-05
9.95000000e+00 1.98425433e-05 2.55728100e-05
1.00000000e+01 1.98569470e-05 2.49125680e-05
1.00500000e+01 1.98884120e-05 2.43136603e-05
1.01000000e+01 1.99329727e-05 2.37793063e-05
1.01500000e+01 1.99848550e-05 2.33089440e-05
1.02000000e+01 2.00371123e-05 2.28992037e-05
1.02500000e+01 2.00825053e-05 2.25449293e-05
1.03000000e+01 2.01147247e-05 2.22402277e-05
1.03500000e+01 2.01296683e-05 2.19793473e-05
1.04000000e+01 2.01265373e-05 2.17574153e-05
1.04500000e+01 2.01084013e-05 2.15708680e-05
1.05000000e+01 2.00819710e-05 2.14175810e-05
1.05500000e+01 2.00566017e-05 2.12966737e-05
1.06000000e+01 2.00426227e-05 2.12081180e-05
1.06500000e+01 2.00495210e-05 2.11521757e-05
1.07000000e+01 2.00841760e-05 2.11288340e-05
1.07500000e+01 2.01495210e-05 2.11372977e-05
1.08000000e+01 2.02437547e-05 2.11755933e-05
1.08500000e+01 2.03601537e-05 2.12403500e-05
1.09000000e+01 2.04875817e-05 2.13267180e-05
1.09500000e+01 2.06116207e-05 2.14284590e-05
1.10000000e+01 2.07163453e-05 2.15381083e-05
1.10500000e+01 2.07864723e-05 2.16472743e-05
1.11000000e+01 2.08095577e-05 2.17469637e-05
1.11500000e+01 2.07778473e-05 2.18279667e-05
1.12000000e+01 2.06893250e-05 2.18813233e-05
1.12500000e+01 2.05477793e-05 2.18989060e-05
1.13000000e+01 2.03618523e-05 2.18740963e-05
1.13500000e+01 2.01433787e-05 2.18025153e-05
1.14000000e+01 1.99053597e-05 2.16826830e-05
1.14500000e+01 1.96599907e-05 2.15163993e-05
1.15000000e+01 1.94170693e-05 2.13087260e-05
1.15500000e+01 1.91829123e-05 2.10674430e-05
1.16000000e+01 1.89599433e-05 2.08021283e-05
1.16500000e+01 1.87468663e-05 2.05229527e-05
1.17000000e+01 1.85393950e-05 2.02394860e-05
1.17500000e+01 1.83314293e-05 1.99597137e-05
1.18000000e+01 1.81164717e-05 1.96893997e-05
1.18500000e+01 1.78890797e-05 1.94318500e-05
1.19000000e+01 1.76459983e-05 1.91880697e-05
1.19500000e+01 1.73868550e-05 1.89572247e-05
1.20000000e+01 1.71141623e-05 1.87373237e-05
1.20500000e+01 1.68327783e-05 1.85259653e-05
1.21000000e+01 1.65489950e-05 1.83210567e-05
1.21500000e+01 1.62695070e-05 1.81214263e-05
1.22000000e+01 1.60005777e-05 1.79271743e-05
1.22500000e+01 1.57474267e-05 1.77398393e-05
1.23000000e+01 1.55140193e-05 1.75623137e-05
1.23500000e+01 1.53030730e-05 1.73986437e-05
1.24000000e+01 1.51162443e-05 1.72537043e-05
1.24500000e+01 1.49544097e-05 1.71328720e-05
1.25000000e+01 1.48178773e-05 1.70417223e-05
1.25500000e+01 1.47066190e-05 1.69857397e-05
1.26000000e+01 1.46203337e-05 1.69700897e-05
1.26500000e+01 1.45585090e-05 1.69993823e-05
1.27000000e+01 1.45204133e-05 1.70774870e-05
1.27500000e+01 1.45050530e-05 1.72072837e-05
1.28000000e+01 1.45111923e-05 1.73904537e-05
1.28500000e+01 1.45373340e-05 1.76272003e-05
1.29000000e+01 1.45818220e-05 1.79159560e-05
1.29500000e+01 1.46428770e-05 1.82530903e-05
1.30000000e+01 1.47187060e-05 1.86325923e-05
1.30500000e+01 1.48075497e-05 1.90458617e-05
1.31000000e+01 1.49077203e-05 1.94815810e-05
1.31500000e+01 1.50176250e-05 1.99258843e-05
1.32000000e+01 1.51357637e-05 2.03628023e-05
1.32500000e+01 1.52608343e-05 2.07751257e-05
1.33000000e+01 1.53918277e-05 2.11457280e-05
1.33500000e+01 1.55282683e-05 2.14591247e-05
1.34000000e+01 1.56704013e-05 2.17032033e-05
1.34500000e+01 1.58193670e-05 2.18706367e-05
1.35000000e+01 1.59771960e-05 2.19598430e-05
1.35500000e+01 1.61466197e-05 2.19750360e-05
1.36000000e+01 1.63307447e-05 2.19255427e-05
1.36500000e+01 1.65325303e-05 2.18244107e-05
1.37000000e+01 1.67543673e-05 2.16866627e-05
1.37500000e+01 1.69975873e-05 2.15275423e-05
1.38000000e+01 1.72621750e-05 2.13609493e-05
1.38500000e+01 1.75465410e-05 2.11983463e-05
1.39000000e+01 1.78474223e-05 2.10479837e-05
1.39500000e+01 1.81599327e-05 2.09146237e-05
1.40000000e+01 1.84776510e-05 2.07995453e-05
1.40500000e+01 1.87929767e-05 2.07008847e-05
1.41000000e+01 1.90974903e-05 2.06142027e-05
1.41500000e+01 1.93825967e-05 2.05332700e-05
1.42000000e+01 1.96402487e-05 2.04510267e-05
1.42500000e+01 1.98637733e-05 2.03605787e-05
1.43000000e+01 2.00487383e-05 2.02561687e-05
1.43500000e+01 2.01936093e-05 2.01339107e-05
1.44000000e+01 2.03002647e-05 1.99922823e-05
1.44500000e+01 2.03739773e-05 1.98321687e-05
1.45000000e+01 2.04230973e-05 1.96566127e-05
1.45500000e+01 2.04582477e-05 1.94702430e-05
1.46000000e+01 2.04913183e-05 1.92785823e-05
1.46500000e+01 2.05344210e-05 1.90873680e-05
1.47000000e+01 2.05988700e-05 1.89019393e-05
1.47500000e+01 2.06944917e-05 1.87269067e-05
1.48000000e+01 2.08290767e-05 1.85659110e-05
1.48500000e+01 2.10081277e-05 1.84216557e-05
1.49000000e+01 2.12347013e-05 1.82959587e-05
1.49500000e+01 2.15093710e-05 1.81899187e-05
1.50000000e+01 2.18302887e-05 1.81040253e-05
1.50500000e+01 2.21932023e-05 1.80382483e-05
1.51000000e+01 2.25916863e-05 1.79920877e-05
1.51500000e+01 2.30173780e-05 1.79645423e-05
1.52000000e+01 2.34605067e-05 1.79540950e-05
1.52500000e+01 2.39105200e-05 1.79586247e-05
1.53000000e+01 2.43569563e-05 1.79753857e-05
1.53500000e+01 2.47903687e-05 1.80009727e-05
1.54000000e+01 2.52030850e-05 1.80314037e-05
1.54500000e+01 2.55897503e-05 1.80622817e-05
1.55000000e+01 2.59472843e-05 1.80891263e-05
1.55500000e+01 2.62744693e-05 1.81077953e-05
1.56000000e+01 2.65710103e-05 1.81149790e-05
1.56500000e+01 2.68365813e-05 1.81086963e-05
1.57000000e+01 2.70699700e-05 1.80885860e-05
1.57500000e+01 2.72686670e-05 1.80560663e-05
1.58000000e+01 2.74290130e-05 1.80141480e-05
1.58500000e+01 2.75468277e-05 1.79671230e-05
1.59000000e+01 2.76184377e-05 1.79200290e-05
1.59500000e+01 2.76416523e-05 1.78781207e-05
1.60000000e+01 2.76166010e-05 1.78463627e-05
1.60500000e+01 2.75460780e-05 1.78289840e-05
1.61000000e+01 2.74354157e-05 1.78291920e-05
1.61500000e+01 2.72918787e-05 1.78489200e-05
1.62000000e+01 2.71237950e-05 1.78887463e-05
1.62500000e+01 2.69395790e-05 1.79478213e-05
1.63000000e+01 2.67468363e-05 1.80239133e-05
1.63500000e+01 2.65516453e-05 1.81134953e-05
1.64000000e+01 2.63581933e-05 1.82119090e-05
1.64500000e+01 2.61686093e-05 1.83136403e-05
1.65000000e+01 2.59831423e-05 1.84126383e-05
1.65500000e+01 2.58005453e-05 1.85027860e-05
1.66000000e+01 2.56186370e-05 1.85783910e-05
1.66500000e+01 2.54349567e-05 1.86347503e-05
1.67000000e+01 2.52474117e-05 1.86686367e-05
1.67500000e+01 2.50549447e-05 1.86786753e-05
1.68000000e+01 2.48579670e-05 1.86655363e-05
1.68500000e+01 2.46586743e-05 1.86318690e-05
1.69000000e+01 2.44611010e-05 1.85820113e-05
1.69500000e+01 2.42709313e-05 1.85215287e-05
1.70000000e+01 2.40951020e-05 1.84566307e-05
1.70500000e+01 2.39412520e-05 1.83936130e-05
1.71000000e+01 2.38171003e-05 1.83383223e-05
1.71500000e+01 2.37297687e-05 1.82957923e-05
1.72000000e+01 2.36851967e-05 1.82699863e-05
1.72500000e+01 2.36875847e-05 1.82636783e-05
1.73000000e+01 2.37389410e-05 1.82784697e-05
1.73500000e+01 2.38387227e-05 1.83148617e-05
1.74000000e+01 2.39836007e-05 1.83724167e-05
1.74500000e+01 2.41674010e-05 1.84499057e-05
1.75000000e+01 2.43812370e-05 1.85455117e-05
1.75500000e+01 2.46139733e-05 1.86569987e-05
1.76000000e+01 2.48529873e-05 1.87818800e-05
1.76500000e+01 2.50852487e-05 1.89175860e-05
1.77000000e+01 2.52985967e-05 1.90615923e-05
1.77500000e+01 2.54830080e-05 1.92115583e-05
1.78000000e+01 2.56316527e-05 1.93654100e-05
1.78500000e+01 2.57414213e-05 1.95213993e-05
1.79000000e+01 2.58128977e-05 1.96780913e-05
1.79500000e+01 2.58497387e-05 1.98342750e-05
1.80000000e+01 2.58576087e-05 1.99888233e-05
1.80500000e+01 2.58429447e-05 2.01404577e-05
1.81000000e+01 2.58117387e-05 2.02875523e-05
1.81500000e+01 2.57686200e-05 2.04279767e-05
1.82000000e+01 2.57162213e-05 2.05590113e-05
1.82500000e+01 2.56549830e-05 2.06774933e-05
1.83000000e+01 2.55833200e-05 2.07800587e-05
1.83500000e+01 2.54980520e-05 2.08635997e-05
1.84000000e+01 2.53950997e-05 2.09257513e-05
1.84500000e+01 2.52702433e-05 2.09654113e-05
1.85000000e+01 2.51199883e-05 2.09831400e-05
1.85500000e+01 2.49422523e-05 2.09813303e-05
1.86000000e+01 2.47369320e-05 2.09641880e-05
1.86500000e+01 2.45061727e-05 2.09374060e-05
1.87000000e+01 2.42543313e-05 2.09077407e-05
1.87500000e+01 2.39876763e-05 2.08824190e-05
1.88000000e+01 2.37138110e-05 2.08686133e-05
1.88500000e+01 2.34410600e-05 2.08729590e-05
1.89000000e+01 2.31777487e-05 2.09011710e-05
1.89500000e+01 2.29315993e-05 2.09578073e-05
1.90000000e+01 2.27091930e-05 2.10461010e-05
1.90500000e+01 2.25155230e-05 2.11679160e-05
1.91000000e+01 2.23536663e-05 2.13237113e-05
1.91500000e+01 2.22244830e-05 2.15125853e-05
1.92000000e+01 2.21263990e-05 2.17323043e-05
1.92500000e+01 2.20552500e-05 2.19793853e-05
1.93000000e+01 2.20042500e-05 2.22491760e-05
1.93500000e+01 2.19641767e-05 2.25359933e-05
1.94000000e+01 2.19238400e-05 2.28333253e-05
1.94500000e+01 2.18709607e-05 2.31341037e-05
1.95000000e+01 2.17934157e-05 2.34310440e-05
1.95500000e+01 2.16807637e-05 2.37170303e-05
1.96000000e+01 2.15257660e-05 2.39854810e-05
1.96500000e+01 2.13255720e-05 2.42306490e-05
1.97000000e+01 2.10822140e-05 2.44477727e-05
1.97500000e+01 2.08022983e-05 2.46330930e-05
1.98000000e+01 2.04959480e-05 2.47837613e-05
1.98500000e+01 2.01753230e-05 2.48976913e-05
1.99000000e+01 1.98530550e-05 2.49734640e-05
1.99500000e+01 1.95409317e-05 2.50103347e-05
2.00000000e+01 1.92489830e-05 2.50083460e-05
2.00500000e+01 1.89850077e-05 2.49684813e-05
2.01000000e+01 1.87544720e-05 2.48927840e-05
2.01500000e+01 1.85606657e-05 2.47843297e-05
2.02000000e+01 1.84050073e-05 2.46470467e-05
2.02500000e+01 1.82874117e-05 2.44853933e-05
2.03000000e+01 1.82066520e-05 2.43039983e-05
2.03500000e+01 1.81606873e-05 2.41073580e-05
2.04000000e+01 1.81469190e-05 2.38996637e-05
2.04500000e+01 1.81623800e-05 2.36847760e-05
2.05000000e+01 1.82038643e-05 2.34662997e-05
2.05500000e+01 1.82680010e-05 2.32477003e-05
2.06000000e+01 1.83513037e-05 2.30323533e-05
2.06500000e+01 1.84502077e-05 2.28235007e-05
2.07000000e+01 1.85611227e-05 2.26240873e-05
2.07500000e+01 1.86804907e-05 2.24364837e-05
2.08000000e+01 1.88048703e-05 2.22621787e-05
2.08500000e+01 1.89309987e-05 2.21014873e-05
2.09000000e+01 1.90558453e-05 2.19533307e-05
2.09500000e+01 1.91766193e-05 2.18151780e-05
2.10000000e+01 1.92907347e-05 2.16831440e-05
2.10500000e+01 1.93957507e-05 2.15522570e-05
2.11000000e+01 1.94893093e-05 2.14168863e-05
2.11500000e+01 1.95691123e-05 2.12712557e-05
2.12000000e+01 1.96329590e-05 2.11100033e-05
2.12500000e+01 1.96788713e-05 2.09287200e-05
2.13000000e+01 1.97052727e-05 2.07244233e-05
2.13500000e+01 1.97112183e-05 2.04959307e-05
2.14000000e+01 1.96965943e-05 2.02440780e-05
2.14500000e+01 1.96622563e-05 1.99717780e-05
2.15000000e+01 1.96100487e-05 1.96838693e-05
2.15500000e+01 1.95427180e-05 1.93867717e-05
2.16000000e+01 1.94636933e-05 1.90879673e-05
2.16500000e+01 1.93768017e-05 1.87953793e-05
2.17000000e+01 1.92859303e-05 1.85167543e-05
2.17500000e+01 1.91946830e-05 1.82590947e-05
2.18000000e+01 1.91060620e-05 1.80282250e-05
2.18500000e+01 1.90221997e-05 1.78285023e-05
2.19000000e+01 1.89441543e-05 1.76626873e-05
2.19500000e+01 1.88717950e-05 1.75319267e-05
2.20000000e+01 1.88037903e-05 1.74358530e-05
2.20500000e+01 1.87377033e-05 1.73727687e-05
2.21000000e+01 1.86702303e-05 1.73398927e-05
2.21500000e+01 1.85975503e-05 1.73336727e-05
2.22000000e+01 1.85157947e-05 1.73501483e-05
2.22500000e+01 1.84215603e-05 1.73853390e-05
2.23000000e+01 1.83124433e-05 1.74356547e-05
2.23500000e+01 1.81874543e-05 1.74982600e-05
2.24000000e+01 1.80472720e-05 1.75713710e-05
2.24500000e+01 1.78942617e-05 1.76544550e-05
2.25000000e+01 1.77322573e-05 1.77482690e-05
2.25500000e+01 1.75661380e-05 1.78547757e-05
2.26000000e+01 1.74012853e-05 1.79769150e-05
2.26500000e+01 1.72430267e-05 1.81182850e-05
2.27000000e+01 1.70961240e-05 1.82827470e-05
2.27500000e+01 1.69643960e-05 1.84740057e-05
2.28000000e+01 1.68504683e-05 1.86951877e-05
2.28500000e+01 1.67556773e-05 1.89484297e-05
2.29000000e+01 1.66801017e-05 1.92344880e-05
2.29500000e+01 1.66226833e-05 1.95523960e-05
2.30000000e+01 1.65814347e-05 1.98991657e-05
2.30500000e+01 1.65536933e-05 2.02695770e-05
2.31000000e+01 1.65364117e-05 2.06560873e-05
2.31500000e+01 1.65264447e-05 2.10489397e-05
2.32000000e+01 1.65208330e-05 2.14365207e-05
2.32500000e+01 1.65170497e-05 2.18059977e-05
2.33000000e+01 1.65131850e-05 2.21442583e-05
2.33500000e+01 1.65080657e-05 2.24390790e-05
2.34000000e+01 1.65013043e-05 2.26803703e-05
2.34500000e+01 1.64932607e-05 2.28612977e-05
2.35000000e+01 1.64849457e-05 2.29790637e-05
2.35500000e+01 1.64778730e-05 2.30351927e-05
2.36000000e+01 1.64738757e-05 2.30352500e-05
2.36500000e+01 1.64749193e-05 2.29880617e-05
2.37000000e+01 1.64829133e-05 2.29046233e-05
2.37500000e+01 1.64995433e-05 2.27969003e-05
2.38000000e+01 1.65261340e-05 2.26767117e-05
2.38500000e+01 1.65635420e-05 2.25548610e-05
2.39000000e+01 1.66120847e-05 2.24405520e-05
2.39500000e+01 1.66715003e-05 2.23411197e-05
2.40000000e+01 1.67409450e-05 2.22620097e-05
2.40500000e+01 1.68190117e-05 2.22069560e-05
2.41000000e+01 1.69037880e-05 2.21782860e-05
2.41500000e+01 1.69929383e-05 2.21772830e-05
2.42000000e+01 1.70838263e-05 2.22045450e-05
2.42500000e+01 1.71736610e-05 2.22602820e-05
2.43000000e+01 1.72596837e-05 2.23445293e-05
2.43500000e+01 1.73393610e-05 2.24572393e-05
2.44000000e+01 1.74105970e-05 2.25982337e-05
2.44500000e+01 1.74719137e-05 2.27670590e-05
2.45000000e+01 1.75225987e-05 2.29627620e-05
2.45500000e+01 1.75627823e-05 2.31836150e-05
2.46000000e+01 1.75934290e-05 2.34268830e-05
2.46500000e+01 1.76162507e-05 2.36886403e-05
2.47000000e+01 1.76335290e-05 2.39637010e-05
2.47500000e+01 1.76478780e-05 2.42456710e-05
2.48000000e+01 1.76619780e-05 2.45271080e-05
2.48500000e+01 1.76782903e-05 2.47998217e-05
2.49000000e+01 1.76988117e-05 2.50552313e-05
2.49500000e+01 1.77248547e-05 2.52848057e-05
2.50000000e+01 1.77568993e-05 2.54805447e-05
2.50500000e+01 1.77944977e-05 2.56354887e-05
2.51000000e+01 1.78362580e-05 2.57442170e-05
2.51500000e+01 1.78798953e-05 2.58032947e-05
2.52000000e+01 1.79223523e-05 2.58116247e-05
2.52500000e+01 1.79599887e-05 2.57706133e-05
2.53000000e+01 1.79888487e-05 2.56841310e-05
2.53500000e+01 1.80049557e-05 2.55582570e-05
2.54000000e+01 1.80046557e-05 2.54008183e-05
2.54500000e+01 1.79849413e-05 2.52208073e-05
2.55000000e+01 1.79437253e-05 2.50277250e-05
2.55500000e+01 1.78800217e-05 2.48309380e-05
2.56000000e+01 1.77939990e-05 2.46390783e-05
2.56500000e+01 1.76869220e-05 2.44595253e-05
2.57000000e+01 1.75609657e-05 2.42979760e-05
2.57500000e+01 1.74189660e-05 2.41580977e-05
2.58000000e+01 1.72641507e-05 2.40412683e-05
2.58500000e+01 1.70998883e-05 2.39464123e-05
2.59000000e+01 1.69294940e-05 2.38699423e-05
2.59500000e+01 1.67561073e-05 2.38058440e-05
2.60000000e+01 1.65826373e-05 2.37459617e-05
2.60500000e+01 1.64117663e-05 2.36804967e-05
2.61000000e+01 1.62459823e-05 2.35987633e-05
2.61500000e+01 1.60876357e-05 2.34901603e-05
2.62000000e+01 1.59389873e-05 2.33452677e-05
2.62500000e+01 1.58022347e-05 2.31569163e-05
2.63000000e+01 1.56795300e-05 2.29210487e-05
2.63500000e+01 1.55729600e-05 2.26372047e-05
2.64000000e+01 1.54845203e-05 2.23085450e-05
2.64500000e+01 1.54160687e-05 2.19414257e-05
2.65000000e+01 1.53692733e-05 2.15446370e-05
2.65500000e+01 1.53455630e-05 2.11284807e-05
2.66000000e+01 1.53460793e-05 2.07038320e-05
2.66500000e+01 1.53716330e-05 2.02813293e-05
2.67000000e+01 1.54226707e-05 1.98707353e-05
2.67500000e+01 1.54992483e-05 1.94805070e-05
2.68000000e+01 1.56010090e-05 1.91175243e-05
2.68500000e+01 1.57271820e-05 1.87869813e-05
2.69000000e+01 1.58765803e-05 1.84923690e-05
2.69500000e+01 1.60476330e-05 1.82355497e-05
2.70000000e+01 1.62384257e-05 1.80168797e-05
2.70500000e+01 1.64467880e-05 1.78353840e-05
2.71000000e+01 1.66704057e-05 1.76889603e-05
2.71500000e+01 1.69069777e-05 1.75746137e-05
2.72000000e+01 1.71544043e-05 1.74887210e-05
2.72500000e+01 1.74109950e-05 1.74272997e-05
2.73000000e+01 1.76756663e-05 1.73862707e-05
2.73500000e+01 1.79481033e-05 1.73616977e-05
2.74000000e+01 1.82288520e-05 1.73499767e-05
2.74500000e+01 1.85193013e-05 1.73479587e-05
2.75000000e+01 1.88215627e-05 1.73530067e-05
2.75500000e+01 1.91382217e-05 1.73629993e-05
2.76000000e+01 1.94720150e-05 1.73763057e-05
2.76500000e+01 1.98254323e-05 1.73917507e-05
2.77000000e+01 2.02003057e-05 1.74086007e-05
2.77500000e+01 2.05974040e-05 1.74265663e-05
2.78000000e+01 2.10160810e-05 1.74458003e-05
2.78500000e+01 2.14539857e-05 1.74668630e-05
2.79000000e+01 2.19068583e-05 1.74906147e-05
2.79500000e+01 2.23684490e-05 1.75180207e-05
2.80000000e+01 2.28305507e-05 1.75498777e-05
2.80500000e+01 2.32831927e-05 1.75864783e-05
2.81000000e+01 2.37149977e-05 1.76273030e-05
2.81500000e+01 2.41137480e-05 1.76707923e-05
2.82000000e+01 2.44671347e-05 1.77142657e-05
2.82500000e+01 2.47636947e-05 1.77540493e-05
2.83000000e+01 2.49938353e-05 1.77858193e-05
2.83500000e+01 2.51508507e-05 1.78051283e-05
2.84000000e+01 2.52317340e-05 1.78080490e-05
2.84500000e+01 2.52376413e-05 1.77918210e-05
2.85000000e+01 2.51738950e-05 1.77553837e-05
2.85500000e+01 2.50494967e-05 1.76996753e-05
2.86000000e+01 2.48762463e-05 1.76276360e-05
2.86500000e+01 2.46676247e-05 1.75439223e-05
2.87000000e+01 2.44376190e-05 1.74543910e-05
2.87500000e+01 2.41996483e-05 1.73654503e-05
2.88000000e+01 2.39657123e-05 1.72833953e-05
2.88500000e+01 2.37457893e-05 1.72138253e-05
2.89000000e+01 2.35475043e-05 1.71611993e-05
2.89500000e+01 2.33760117e-05 1.71285507e-05
2.90000000e+01 2.32340763e-05 1.71173587e-05
2.90500000e+01 2.31222773e-05 1.71275540e-05
2.91000000e+01 2.30393250e-05 1.71576263e-05
2.91500000e+01 2.29824423e-05 1.72048140e-05
2.92000000e+01 2.29478013e-05 1.72653530e-05
2.92500000e+01 2.29309943e-05 1.73347823e-05
2.93000000e+01 2.29275220e-05 1.74082777e-05
2.93500000e+01 2.29332580e-05 1.74810170e-05
2.94000000e+01 2.29448780e-05 1.75485407e-05
2.94500000e+01 2.29601920e-05 1.76070687e-05
2.95000000e+01 2.29783483e-05 1.76537447e-05
2.95500000e+01 2.29998803e-05 1.76867540e-05
2.96000000e+01 2.30265743e-05 1.77053087e-05
2.96500000e+01 2.30611760e-05 1.77094950e-05
2.97000000e+01 2.31069480e-05 1.77000350e-05
2.97500000e+01 2.31671453e-05 1.76780023e-05
2.98000000e+01 2.32444550e-05 1.76445673e-05
2.98500000e+01 2.33404610e-05 1.76008057e-05
2.99000000e+01 2.34552050e-05 1.75476073e-05
2.99500000e+01 2.35868863e-05 1.74856763e-05
3.00000000e+01 2.37317547e-05 1.74156093e-05
3.00500000e+01 2.38842453e-05 1.73380153e-05
3.01000000e+01 2.40373547e-05 1.72536557e-05
3.01500000e+01 2.41832637e-05 1.71635583e-05
3.02000000e+01 2.43141413e-05 1.70691033e-05
3.02500000e+01 2.44230233e-05 1.69720483e-05
3.03000000e+01 2.45046337e-05 1.68745117e-05
3.03500000e+01 2.45559873e-05 1.67788933e-05
3.04000000e+01 2.45766883e-05 1.66877697e-05
3.04500000e+01 2.45688620e-05 1.66037600e-05
3.05000000e+01 2.45367813e-05 1.65293887e-05
3.05500000e+01 2.44862697e-05 1.64669583e-05
3.06000000e+01 2.44240153e-05 1.64184390e-05
3.06500000e+01 2.43569133e-05 1.63853770e-05
3.07000000e+01 2.42915027e-05 1.63688347e-05
3.07500000e+01 2.42335430e-05 1.63693340e-05
3.08000000e+01 2.41877130e-05 1.63868263e-05
3.08500000e+01 2.41574163e-05 1.64206580e-05
3.09000000e+01 2.41446557e-05 1.64695483e-05
3.09500000e+01 2.41499463e-05 1.65315630e-05
3.10000000e+01 2.41722677e-05 1.66041020e-05
3.10500000e+01 2.42090403e-05 1.66838963e-05
3.11000000e+01 2.42561697e-05 1.67670300e-05
3.11500000e+01 2.43081790e-05 1.68490113e-05
3.12000000e+01 2.43584673e-05 1.69248990e-05
3.12500000e+01 2.43997257e-05 1.69895183e-05
3.13000000e+01 2.44244980e-05 1.70377620e-05
3.13500000e+01 2.44258577e-05 1.70649803e-05
3.14000000e+01 2.43981127e-05 1.70674200e-05
3.14500000e+01 2.43374177e-05 1.70426507e-05
3.15000000e+01 2.42421980e-05 1.69899077e-05
3.15500000e+01 2.41132743e-05 1.69102753e-05
3.16000000e+01 2.39536807e-05 1.68066557e-05
3.16500000e+01 2.37682123e-05 1.66835257e-05
3.17000000e+01 2.35628050e-05 1.65465160e-05
3.17500000e+01 2.33438633e-05 1.64018860e-05
3.18000000e+01 2.31176570e-05 1.62559840e-05
3.18500000e+01 2.28898477e-05 1.61147590e-05
3.19000000e+01 2.26651903e-05 1.59833847e-05
3.19500000e+01 2.24473973e-05 1.58660017e-05
3.20000000e+01 2.22391347e-05 1.57655847e-05
3.20500000e+01 2.20421120e-05 1.56839150e-05
3.21000000e+01 2.18572270e-05 1.56216327e-05
3.21500000e+01 2.16847227e-05 1.55783473e-05
3.22000000e+01 2.15243340e-05 1.55527930e-05
3.22500000e+01 2.13754090e-05 1.55430117e-05
3.23000000e+01 2.12370000e-05 1.55465550e-05
3.23500000e+01 2.11079197e-05 1.55606973e-05
3.24000000e+01 2.09867890e-05 1.55826480e-05
3.24500000e+01 2.08720803e-05 1.56097510e-05
3.25000000e+01 2.07621723e-05 1.56396683e-05
3.25500000e+01 2.06554337e-05 1.56705253e-05
3.26000000e+01 2.05503253e-05 1.57010147e-05
3.26500000e+01 2.04455200e-05 1.57304627e-05
3.27000000e+01 2.03400160e-05 1.57588373e-05
3.27500000e+01 2.02332213e-05 1.57867203e-05
3.28000000e+01 2.00953827e-05 1.58975217e-05
3.28500000e+01 1.99608780e-05 1.60100613e-05
3.29000000e+01 1.98554073e-05 1.60498753e-05
3.29500000e+01 1.97261750e-05 1.61660953e-05
3.30000000e+01 1.95996353e-05 1.62771297e-05
3.30500000e+01 1.94985560e-05 1.63308143e-05
3.31000000e+01 1.93756073e-05 1.64361163e-05
3.31500000e+01 1.92546097e-05 1.65310220e-05
3.32000000e+01 1.91556647e-05 1.65904713e-05
3.32500000e+01 1.90182843e-05 1.66896660e-05
3.33000000e+01 1.89057867e-05 1.67519137e-05
3.33500000e+01 1.88096187e-05 1.68027737e-05
3.34000000e+01 1.87024427e-05 1.68516590e-05
3.34500000e+01 1.86070787e-05 1.68992023e-05
3.35000000e+01 1.85063717e-05 1.69349300e-05
3.35500000e+01 1.84108627e-05 1.69629983e-05
3.36000000e+01 1.83192740e-05 1.70014003e-05
3.36500000e+01 1.82316727e-05 1.70188343e-05
3.37000000e+01 1.81495057e-05 1.70310900e-05
3.37500000e+01 1.80636373e-05 1.70604013e-05
3.38000000e+01 1.79898410e-05 1.70649863e-05
3.38500000e+01 1.79237773e-05 1.70618577e-05
3.39000000e+01 1.78602853e-05 1.70605383e-05
3.39500000e+01 1.78012323e-05 1.70572017e-05
3.40000000e+01 1.77293720e-05 1.70738330e-05
3.40500000e+01 1.76775967e-05 1.70669783e-05
3.41000000e+01 1.76099770e-05 1.70806743e-05
3.41500000e+01 1.75650727e-05 1.70712170e-05
3.42000000e+01 1.75235917e-05 1.70611013e-05
3.42500000e+01 1.74632993e-05 1.70711183e-05
3.43000000e+01 1.74279133e-05 1.70594153e-05
3.43500000e+01 1.73718530e-05 1.70676757e-05
3.44000000e+01 1.73421673e-05 1.70548310e-05
3.44500000e+01 1.73458493e-05 1.70163557e-05
3.45000000e+01 1.72983673e-05 1.70223240e-05
3.45500000e+01 1.72762997e-05 1.70088917e-05
3.46000000e+01 1.72327513e-05 1.70138723e-05
3.46500000e+01 1.72153163e-05 1.69997770e-05
3.47000000e+01 1.71756780e-05 1.70039253e-05
3.47500000e+01 1.71626090e-05 1.69892623e-05
3.48000000e+01 1.71513063e-05 1.69744747e-05
3.48500000e+01 1.71178970e-05 1.69775137e-05
3.49000000e+01 1.71105133e-05 1.69622020e-05
3.49500000e+01 1.70808977e-05 1.69646347e-05
3.50000000e+01 1.70771720e-05 1.69488113e-05
3.50500000e+01 1.70513107e-05 1.69506790e-05
3.51000000e+01 1.70832173e-05 1.69087120e-05
3.51500000e+01 1.70828687e-05 1.68921707e-05
3.52000000e+01 1.70632507e-05 1.68929030e-05
3.52500000e+01 1.70656480e-05 1.68758073e-05
3.53000000e+01 1.70493843e-05 1.68759933e-05
3.53500000e+01 1.70542317e-05 1.68583347e-05
3.54000000e+01 1.70412093e-05 1.68579710e-05
3.54500000e+01 1.70481993e-05 1.68397403e-05
3.55000000e+01 1.70382827e-05 1.68388160e-05
3.55500000e+01 1.70471030e-05 1.68200067e-05
3.56000000e+01 1.70401350e-05 1.68185083e-05
3.56500000e+01 1.70504693e-05 1.67991157e-05
3.57000000e+01 1.70462723e-05 1.67970277e-05
3.57500000e+01 1.70783667e-05 1.67497400e-05
3.58000000e+01 1.70879820e-05 1.67295720e-05
3.58500000e+01 1.70869117e-05 1.67262773e-05
3.59000000e+01 1.70972137e-05 1.67055567e-05
3.59500000e+01 1.70982363e-05 1.67016527e-05
3.60000000e+01 1.71089510e-05 1.66803903e-05
3.60500000e+01 1.71118560e-05 1.66758683e-05
3.61000000e+01 1.71227240e-05 1.66540790e-05
3.61500000e+01 1.71272937e-05 1.66489297e-05
3.62000000e+01 1.71380677e-05 1.66266313e-05
3.62500000e+01 1.71440827e-05 1.66208500e-05
3.63000000e+01 1.71545323e-05 1.65980643e-05
3.63500000e+01 1.71617707e-05 1.65916477e-05
3.64000000e+01 1.71738700e-05 1.65406950e-05
3.64500000e+01 1.71811113e-05 1.65335440e-05
3.65000000e+01 1.71886543e-05 1.65100447e-05
3.65500000e+01 1.71966443e-05 1.65022850e-05
3.66000000e+01 1.72033473e-05 1.64784053e-05
3.66500000e+01 1.72118897e-05 1.64700460e-05
3.67000000e+01 1.72176107e-05 1.64458190e-05
3.67500000e+01 1.72265173e-05 1.64368687e-05
3.68000000e+01 1.72311340e-05 1.64123290e-05
3.68500000e+01 1.72402267e-05 1.64028030e-05
3.69000000e+01 1.72436360e-05 1.63779870e-05
3.69500000e+01 1.72527467e-05 1.63679007e-05
3.70000000e+01 1.72548647e-05 1.63428463e-05
3.70500000e+01 1.72638383e-05 1.63322207e-05
3.71000000e+01 1.72491037e-05 1.62809453e-05
3.71500000e+01 1.72568077e-05 1.62698757e-05
3.72000000e+01 1.72551617e-05 1.62447793e-05
3.72500000e+01 1.72624903e-05 1.62332403e-05
3.73000000e+01 1.72595077e-05 1.62080350e-05
3.73500000e+01 1.72663537e-05 1.61960523e-05
3.74000000e+01 1.72620193e-05 1.61707767e-05
3.74500000e+01 1.72682887e-05 1.61583787e-05
3.75000000e+01 1.72626037e-05 1.61330683e-05
3.75500000e+01 1.72682133e-05 1.61202843e-05
3.76000000e+01 1.72611890e-05 1.60949763e-05
3.76500000e+01 1.72660717e-05 1.60818360e-05
3.77000000e+01 1.72577310e-05 1.60565637e-05
3.77500000e+01 1.72618310e-05 1.60430990e-05
3.78000000e+01 1.72656917e-05 1.60294353e-05
3.78500000e+01 1.72284060e-05 1.59816357e-05
3.79000000e+01 1.72308023e-05 1.59678910e-05
3.79500000e+01 1.72190260e-05 1.59430530e-05
3.80000000e+01 1.72205910e-05 1.59290690e-05
3.80500000e+01 1.72076970e-05 1.59043710e-05
3.81000000e+01 1.72084117e-05 1.58901767e-05
3.81500000e+01 1.71944507e-05 1.58656427e-05
3.82000000e+01 1.71943060e-05 1.58512657e-05
3.82500000e+01 1.71793360e-05 1.58269170e-05
3.83000000e+01 1.71783290e-05 1.58123840e-05
3.83500000e+01 1.71624063e-05 1.57882413e-05
3.84000000e+01 1.71605420e-05 1.57735773e-05
3.84500000e+01 1.71437270e-05 1.57496557e-05
3.85000000e+01 1.71410163e-05 1.57348867e-05
3.85500000e+01 1.71379473e-05 1.57200183e-05
3.86000000e+01 1.70887887e-05 1.56777690e-05
3.86500000e+01 1.70846820e-05 1.56630573e-05
3.87000000e+01 1.70659097e-05 1.56399277e-05
3.87500000e+01 1.70610350e-05 1.56251630e-05
3.88000000e+01 1.70416090e-05 1.56022927e-05
3.88500000e+01 1.70359900e-05 1.55874947e-05
3.89000000e+01 1.70159673e-05 1.55648917e-05
3.89500000e+01 1.70096303e-05 1.55500767e-05
3.90000000e+01 1.69890653e-05 1.55277483e-05
3.90500000e+01 1.69820377e-05 1.55129317e-05
3.91000000e+01 1.69746837e-05 1.54980707e-05
3.91500000e+01 1.69532960e-05 1.54760803e-05
3.92000000e+01 1.69452900e-05 1.54612407e-05
3.92500000e+01 1.69234880e-05 1.54395420e-05
3.93000000e+01 1.69148620e-05 1.54247370e-05
3.93500000e+01 1.68926957e-05 1.54033340e-05
3.94000000e+01 1.68533037e-05 1.53736140e-05
3.94500000e+01 1.68310877e-05 1.53527287e-05
3.95000000e+01 1.68213943e-05 1.53382397e-05
3.95500000e+01 1.68114307e-05 1.53237390e-05
3.96000000e+01 1.67887260e-05 1.53032293e-05
3.96500000e+01 1.67782763e-05 1.52888027e-05
3.97000000e+01 1.67553713e-05 1.52685980e-05
3.97500000e+01 1.67444670e-05 1.52542563e-05
3.98000000e+01 1.67214007e-05 1.52343590e-05
3.98500000e+01 1.67100733e-05 1.52201130e-05
3.99000000e+01 1.66985170e-05 1.52058773e-05
3.99500000e+01 1.66751627e-05 1.51863880e-05
4.00000000e+01 1.66632277e-05 1.51722650e-05
4.00500000e+01 1.66397990e-05 1.51530957e-05
4.01000000e+01 1.66275170e-05 1.51390960e-05
4.01500000e+01 1.66040457e-05 1.51202510e-05
4.02000000e+01 1.65645010e-05 1.50944160e-05
4.02500000e+01 1.65519000e-05 1.50807767e-05
4.03000000e+01 1.65286137e-05 1.50625357e-05
4.03500000e+01 1.65157453e-05 1.50490450e-05
4.04000000e+01 1.64924857e-05 1.50311337e-05
4.04500000e+01 1.64793760e-05 1.50178020e-05
4.05000000e+01 1.64561657e-05 1.50002253e-05
4.05500000e+01 1.64428417e-05 1.49870630e-05
4.06000000e+01 1.64293783e-05 1.49739540e-05
4.06500000e+01 1.64061860e-05 1.49568420e-05
4.07000000e+01 1.63925443e-05 1.49439203e-05
4.07500000e+01 1.63694550e-05 1.49271540e-05
4.08000000e+01 1.63556580e-05 1.49144297e-05
4.08500000e+01 1.63417510e-05 1.49017743e-05
4.09000000e+01 1.63187600e-05 1.48854963e-05
4.09500000e+01 1.63047303e-05 1.48730550e-05
4.10000000e+01 1.62818870e-05 1.48571333e-05
4.10500000e+01 1.62447427e-05 1.48354453e-05
4.11000000e+01 1.62223223e-05 1.48199787e-05
4.11500000e+01 1.62083250e-05 1.48081520e-05
4.12000000e+01 1.61942553e-05 1.47964147e-05
4.12500000e+01 1.61720143e-05 1.47814470e-05
4.13000000e+01 1.61578910e-05 1.47699513e-05
4.13500000e+01 1.61358397e-05 1.47553387e-05
4.14000000e+01 1.61216797e-05 1.47440943e-05
4.14500000e+01 1.61074707e-05 1.47329537e-05
4.15000000e+01 1.60856497e-05 1.47188490e-05
4.15500000e+01 1.60714300e-05 1.47079717e-05
4.16000000e+01 1.60498253e-05 1.46942227e-05
4.16500000e+01 1.60356107e-05 1.46836147e-05
4.17000000e+01 1.60213667e-05 1.46731233e-05
4.17500000e+01 1.60000357e-05 1.46598863e-05
4.18000000e+01 1.59858193e-05 1.46496750e-05
4.18500000e+01 1.59647273e-05 1.46367890e-05
4.19000000e+01 1.59310537e-05 1.46187647e-05
4.19500000e+01 1.59170707e-05 1.46090560e-05
4.20000000e+01 1.58964847e-05 1.45966830e-05
4.20500000e+01 1.58825597e-05 1.45872547e-05
4.21000000e+01 1.58622230e-05 1.45752140e-05
4.21500000e+01 1.58483690e-05 1.45660693e-05
4.22000000e+01 1.58345237e-05 1.45570553e-05
4.22500000e+01 1.58145160e-05 1.45454947e-05
4.23000000e+01 1.58007600e-05 1.45367673e-05
4.23500000e+01 1.57810173e-05 1.45255253e-05
4.24000000e+01 1.57673610e-05 1.45170850e-05
4.24500000e+01 1.57537290e-05 1.45087800e-05
4.25000000e+01 1.57343403e-05 1.44979987e-05
4.25500000e+01 1.57208253e-05 1.44899807e-05
4.26000000e+01 1.57017123e-05 1.44794997e-05
4.26500000e+01 1.56883237e-05 1.44717663e-05
4.27000000e+01 1.56749747e-05 1.44641707e-05
4.27500000e+01 1.56562363e-05 1.44541247e-05
4.28000000e+01 1.56263853e-05 1.44386723e-05
4.28500000e+01 1.56080553e-05 1.44288300e-05
4.29000000e+01 1.55951507e-05 1.44217913e-05
4.29500000e+01 1.55822967e-05 1.44148863e-05
4.30000000e+01 1.55643440e-05 1.44054350e-05
4.30500000e+01 1.55516467e-05 1.43987920e-05
4.31000000e+01 1.55339737e-05 1.43895890e-05
4.31500000e+01 1.55214387e-05 1.43832027e-05
4.32000000e+01 1.55089663e-05 1.43769470e-05
4.32500000e+01 1.54916790e-05 1.43681013e-05
4.33000000e+01 1.54793797e-05 1.43620940e-05
4.33500000e+01 1.54671503e-05 1.43562157e-05
4.34000000e+01 1.54502533e-05 1.43477073e-05
4.34500000e+01 1.54382063e-05 1.43420683e-05
4.35000000e+01 1.54215903e-05 1.43337670e-05
4.35500000e+01 1.54097293e-05 1.43283603e-05
4.36000000e+01 1.53979470e-05 1.43230767e-05
4.36500000e+01 1.53817220e-05 1.43150747e-05
4.37000000e+01 1.53701333e-05 1.43100127e-05
4.37500000e+01 1.53437797e-05 1.42954173e-05
4.38000000e+01 1.53279890e-05 1.42875593e-05
4.38500000e+01 1.53167717e-05 1.42827520e-05
4.39000000e+01 1.53012460e-05 1.42750553e-05
4.39500000e+01 1.52902220e-05 1.42704440e-05
4.40000000e+01 1.52792840e-05 1.42659400e-05
4.40500000e+01 1.52641293e-05 1.42584767e-05
4.41000000e+01 1.52533880e-05 1.42541573e-05
4.41500000e+01 1.52384907e-05 1.42468313e-05
4.42000000e+01 1.52279467e-05 1.42426883e-05
4.42500000e+01 1.52174933e-05 1.42386440e-05
4.43000000e+01 1.52029540e-05 1.42315140e-05
4.43500000e+01 1.51926993e-05 1.42276343e-05
4.44000000e+01 1.51825360e-05 1.42238480e-05
4.44500000e+01 1.51683483e-05 1.42168930e-05
4.45000000e+01 1.51583840e-05 1.42132590e-05
4.45500000e+01 1.51485117e-05 1.42097133e-05
4.46000000e+01 1.51346667e-05 1.42029120e-05
4.46500000e+01 1.51249913e-05 1.41995053e-05
4.47000000e+01 1.51113763e-05 1.41927903e-05
4.47500000e+01 1.50874250e-05 1.41772167e-05
4.48000000e+01 1.50780583e-05 1.41739017e-05
4.48500000e+01 1.50647343e-05 1.41671497e-05
4.49000000e+01 1.50555520e-05 1.41639503e-05
4.49500000e+01 1.50464617e-05 1.41608227e-05
4.50000000e+01 1.50334380e-05 1.41541687e-05
4.50500000e+01 1.50245283e-05 1.41511440e-05
4.51000000e+01 1.50117057e-05 1.41445400e-05
4.51500000e+01 1.50029733e-05 1.41416103e-05
4.52000000e+01 1.49943303e-05 1.41387420e-05
4.52500000e+01 1.49817860e-05 1.41322047e-05
4.53000000e+01 1.49733167e-05 1.41294200e-05
4.53500000e+01 1.49649327e-05 1.41266910e-05
4.54000000e+01 1.49526550e-05 1.41202017e-05
4.54500000e+01 1.49444390e-05 1.41175440e-05
4.55000000e+01 1.49363087e-05 1.41149370e-05
4.55500000e+01 1.49242840e-05 1.41084770e-05
4.56000000e+01 1.49163147e-05 1.41059283e-05
4.56500000e+01 1.49084293e-05 1.41034243e-05
4.57000000e+01 1.48966417e-05 1.40969767e-05
4.57500000e+01 1.48735850e-05 1.40791330e-05
4.58000000e+01 1.48618757e-05 1.40725240e-05
4.58500000e+01 1.48542557e-05 1.40699640e-05
4.59000000e+01 1.48467130e-05 1.40674373e-05
4.59500000e+01 1.48352123e-05 1.40608117e-05
4.60000000e+01 1.48278080e-05 1.40583107e-05
4.60500000e+01 1.48204760e-05 1.40558377e-05
4.61000000e+01 1.48091707e-05 1.40491787e-05
4.61500000e+01 1.48019700e-05 1.40467193e-05
4.62000000e+01 1.47948423e-05 1.40442827e-05
4.62500000e+01 1.47837167e-05 1.40375743e-05
4.63000000e+01 1.47767120e-05 1.40351387e-05
4.63500000e+01 1.47697763e-05 1.40327200e-05
4.64000000e+01 1.47588160e-05 1.40259450e-05
4.64500000e+01 1.47519973e-05 1.40235163e-05
4.65000000e+01 1.47452423e-05 1.40210983e-05
4.65500000e+01 1.47344353e-05 1.40142417e-05
4.66000000e+01 1.47277903e-05 1.40118023e-05
4.66500000e+01 1.47170787e-05 1.40048813e-05
4.67000000e+01 1.47105377e-05 1.40024127e-05
4.67500000e+01 1.47040550e-05 1.39999443e-05
4.68000000e+01 1.46934730e-05 1.39929163e-05
4.68500000e+01 1.46698627e-05 1.39715507e-05
4.69000000e+01 1.46634530e-05 1.39688923e-05
4.69500000e+01 1.46528820e-05 1.39616070e-05
4.70000000e+01 1.46465573e-05 1.39588980e-05
4.70500000e+01 1.46402840e-05 1.39561780e-05
4.71000000e+01 1.46298113e-05 1.39487600e-05
4.71500000e+01 1.46236157e-05 1.39459787e-05
4.72000000e+01 1.46174653e-05 1.39431813e-05
4.72500000e+01 1.46070793e-05 1.39356167e-05
4.73000000e+01 1.46009990e-05 1.39327480e-05
4.73500000e+01 1.45949630e-05 1.39298570e-05
4.74000000e+01 1.45846493e-05 1.39221343e-05
4.74500000e+01 1.45786740e-05 1.39191610e-05
4.75000000e+01 1.45727400e-05 1.39161613e-05
4.75500000e+01 1.45624840e-05 1.39082683e-05
4.76000000e+01 1.45566033e-05 1.39051760e-05
4.76500000e+01 1.45507570e-05 1.39020520e-05
4.77000000e+01 1.45405487e-05 1.38939777e-05
4.77500000e+01 1.45347487e-05 1.38907527e-05
4.78000000e+01 1.45289803e-05 1.38874900e-05
4.78500000e+01 1.45188047e-05 1.38792237e-05
4.79000000e+01 1.45130730e-05 1.38758513e-05
4.79500000e+01 1.44876517e-05 1.38504530e-05
4.80000000e+01 1.44773800e-05 1.38418830e-05
4.80500000e+01 1.44716003e-05 1.38382280e-05
4.81000000e+01 1.44658437e-05 1.38345270e-05
4.81500000e+01 1.44555777e-05 1.38257523e-05
4.82000000e+01 1.44498407e-05 1.38219290e-05
4.82500000e+01 1.44441217e-05 1.38180553e-05
4.83000000e+01 1.44338507e-05 1.38090683e-05
4.83500000e+01 1.44281423e-05 1.38050650e-05
4.84000000e+01 1.44224503e-05 1.38010077e-05
4.84500000e+01 1.44121590e-05 1.37918017e-05
4.85000000e+01 1.44064690e-05 1.37876083e-05
4.85500000e+01 1.44007910e-05 1.37833567e-05
4.86000000e+01 1.43904677e-05 1.37739260e-05
4.86500000e+01 1.43847833e-05 1.37695327e-05
4.87000000e+01 1.43791060e-05 1.37650783e-05
4.87500000e+01 1.43687380e-05 1.37554170e-05
4.88000000e+01 1.43630467e-05 1.37508157e-05
4.88500000e+01 1.43573587e-05 1.37461497e-05
4.89000000e+01 1.43469337e-05 1.37362547e-05
4.89500000e+01 1.43412220e-05 1.37314367e-05
4.90000000e+01 1.43355103e-05 1.37265520e-05
4.90500000e+01 1.43250150e-05 1.37164190e-05
4.91000000e+01 1.42966050e-05 1.36869327e-05
4.91500000e+01 1.42907350e-05 1.36817347e-05
4.92000000e+01 1.42800437e-05 1.36713077e-05
4.92500000e+01 1.42741340e-05 1.36659540e-05
4.93000000e+01 1.42682133e-05 1.36605293e-05
4.93500000e+01 1.42574283e-05 1.36498670e-05
4.94000000e+01 1.42514587e-05 1.36442840e-05
4.94500000e+01 1.42454757e-05 1.36386287e-05
4.95000000e+01 1.42345830e-05 1.36277290e-05
4.95500000e+01 1.42285427e-05 1.36219133e-05
4.96000000e+01 1.42224830e-05 1.36160237e-05
4.96500000e+01 1.42114717e-05 1.36048867e-05
4.97000000e+01 1.42053463e-05 1.35988347e-05
4.97500000e+01 1.41991973e-05 1.35927073e-05
4.98000000e+01 1.41930247e-05 1.35865043e-05
4.98500000e+01 1.41818320e-05 1.35750427e-05
4.99000000e+01 1.41755813e-05 1.35686750e-05
4.99500000e+01 1.41693013e-05 1.35622310e-05
5.00000000e+01 1.41579620e-05 1.35505340e-05
5.00500000e+01 1.41515963e-05 1.35439250e-05
5.01000000e+01 1.41451967e-05 1.35372390e-05
5.01500000e+01 1.41336987e-05 1.35253087e-05
5.02000000e+01 1.41272037e-05 1.35184580e-05
5.02500000e+01 1.40949787e-05 1.34855057e-05
5.03000000e+01 1.40832050e-05 1.34733260e-05
5.03500000e+01 1.40764473e-05 1.34661837e-05
5.04000000e+01 1.40696477e-05 1.34589653e-05
5.04500000e+01 1.40576930e-05 1.34465617e-05
5.05000000e+01 1.40507817e-05 1.34391813e-05
5.05500000e+01 1.40438230e-05 1.34317257e-05
5.06000000e+01 1.40316770e-05 1.34191013e-05
5.06500000e+01 1.40245980e-05 1.34114853e-05
5.07000000e+01 1.40174690e-05 1.34037930e-05
5.07500000e+01 1.40102873e-05 1.33960253e-05
5.08000000e+01 1.39978607e-05 1.33831000e-05
5.08500000e+01 1.39905477e-05 1.33751737e-05
5.09000000e+01 1.39831773e-05 1.33671717e-05
5.09500000e+01 1.39705327e-05 1.33540343e-05
5.10000000e+01 1.39630220e-05 1.33458750e-05
5.10500000e+01 1.39554510e-05 1.33376413e-05
5.11000000e+01 1.39425760e-05 1.33242953e-05
5.11500000e+01 1.39348557e-05 1.33159060e-05
5.12000000e+01 1.39270707e-05 1.33074437e-05
5.12500000e+01 1.39139547e-05 1.32938927e-05
5.13000000e+01 1.39060133e-05 1.32852767e-05
5.13500000e+01 1.38980013e-05 1.32765880e-05
5.14000000e+01 1.38899190e-05 1.32678253e-05
5.14500000e+01 1.38764583e-05 1.32539963e-05
5.15000000e+01 1.38395117e-05 1.32181407e-05
5.15500000e+01 1.38310773e-05 1.32091300e-05
5.16000000e+01 1.38172740e-05 1.31951060e-05
5.16500000e+01 1.38086657e-05 1.31859470e-05
5.17000000e+01 1.37999780e-05 1.31767183e-05
5.17500000e+01 1.37859037e-05 1.31625020e-05
5.18000000e+01 1.37770343e-05 1.31531273e-05
5.18500000e+01 1.37680813e-05 1.31436827e-05
5.19000000e+01 1.37537260e-05 1.31292777e-05
5.19500000e+01 1.37445840e-05 1.31196890e-05
5.20000000e+01 1.37353553e-05 1.31100313e-05
5.20500000e+01 1.37260370e-05 1.31003047e-05
5.21000000e+01 1.37112823e-05 1.30856393e-05
5.21500000e+01 1.37017653e-05 1.30757703e-05
5.22000000e+01 1.36921563e-05 1.30658330e-05
5.22500000e+01 1.36770980e-05 1.30509833e-05
5.23000000e+01 1.36672817e-05 1.30409050e-05
5.23500000e+01 1.36573677e-05 1.30307580e-05
5.24000000e+01 1.36419987e-05 1.30157253e-05
5.24500000e+01 1.36318720e-05 1.30054383e-05
5.25000000e+01 1.36216430e-05 1.29950837e-05
5.25500000e+01 1.36113137e-05 1.29846617e-05
5.26000000e+01 1.35955040e-05 1.29693733e-05
5.26500000e+01 1.35849517e-05 1.29588107e-05
5.27000000e+01 1.35742923e-05 1.29481810e-05
5.27500000e+01 1.35581510e-05 1.29327090e-05
5.28000000e+01 1.35161253e-05 1.28942910e-05
5.28500000e+01 1.35050483e-05 1.28834260e-05
5.29000000e+01 1.34885307e-05 1.28677660e-05
5.29500000e+01 1.34772200e-05 1.28567590e-05
5.30000000e+01 1.34657973e-05 1.28456830e-05
5.30500000e+01 1.34542610e-05 1.28345380e-05
5.31000000e+01 1.34372747e-05 1.28186150e-05
5.31500000e+01 1.34254967e-05 1.28073273e-05
5.32000000e+01 1.34136020e-05 1.27959687e-05
5.32500000e+01 1.33962627e-05 1.27798530e-05
5.33000000e+01 1.33841193e-05 1.27683487e-05
5.33500000e+01 1.33718577e-05 1.27567733e-05
5.34000000e+01 1.33594727e-05 1.27451277e-05
5.34500000e+01 1.33416427e-05 1.27287380e-05
5.35000000e+01 1.33290023e-05 1.27169420e-05
5.35500000e+01 1.33162383e-05 1.27050727e-05
5.36000000e+01 1.32980400e-05 1.26884817e-05
5.36500000e+01 1.32850140e-05 1.26764603e-05
5.37000000e+01 1.32718610e-05 1.26643647e-05
5.37500000e+01 1.32585780e-05 1.26521930e-05
5.38000000e+01 1.32398697e-05 1.26353117e-05
5.38500000e+01 1.32263187e-05 1.26229840e-05
5.39000000e+01 1.32126363e-05 1.26105780e-05
5.39500000e+01 1.31935470e-05 1.25934787e-05
5.40000000e+01 1.31795910e-05 1.25809113e-05
5.40500000e+01 1.31655010e-05 1.25682650e-05
5.41000000e+01 1.31512740e-05 1.25555387e-05
5.41500000e+01 1.30991183e-05 1.25095853e-05
5.42000000e+01 1.30845807e-05 1.24966560e-05
5.42500000e+01 1.30699087e-05 1.24836450e-05
5.43000000e+01 1.30499187e-05 1.24659967e-05
5.43500000e+01 1.30349663e-05 1.24528120e-05
5.44000000e+01 1.30198763e-05 1.24395420e-05
5.44500000e+01 1.30046447e-05 1.24261860e-05
5.45000000e+01 1.29841247e-05 1.24082043e-05
5.45500000e+01 1.29686090e-05 1.23946683e-05
5.46000000e+01 1.29529530e-05 1.23810433e-05
5.46500000e+01 1.29320383e-05 1.23628097e-05
5.47000000e+01 1.29160940e-05 1.23489993e-05
5.47500000e+01 1.29000057e-05 1.23350973e-05
5.48000000e+01 1.28837730e-05 1.23211023e-05
5.48500000e+01 1.28623183e-05 1.23025107e-05
5.49000000e+01 1.28457933e-05 1.22883223e-05
5.49500000e+01 1.28291227e-05 1.22740387e-05
5.50000000e+01 1.28072697e-05 1.22551777e-05
5.50500000e+01 1.27903057e-05 1.22406947e-05
5.51000000e+01 1.27731923e-05 1.22261123e-05
5.51500000e+01 1.27559303e-05 1.22114313e-05
5.52000000e+01 1.27335317e-05 1.21921867e-05
5.52500000e+01 1.27159730e-05 1.21772987e-05
5.53000000e+01 1.26982653e-05 1.21623073e-05
5.53500000e+01 1.26754657e-05 1.21427717e-05
5.54000000e+01 1.26574593e-05 1.21275683e-05
5.54500000e+01 1.26393020e-05 1.21122590e-05
5.55000000e+01 1.26209917e-05 1.20968420e-05
5.55500000e+01 1.25652140e-05 1.20475383e-05
5.56000000e+01 1.25466327e-05 1.20318800e-05
5.56500000e+01 1.25279017e-05 1.20161137e-05
5.57000000e+01 1.25090200e-05 1.20002360e-05
5.57500000e+01 1.24852070e-05 1.19798860e-05
5.58000000e+01 1.24660280e-05 1.19637817e-05
5.58500000e+01 1.24466980e-05 1.19475640e-05
5.59000000e+01 1.24224920e-05 1.19269003e-05
5.59500000e+01 1.24028647e-05 1.19104507e-05
5.60000000e+01 1.23830853e-05 1.18938843e-05
5.60500000e+01 1.23631537e-05 1.18772010e-05
5.61000000e+01 1.23384123e-05 1.18560950e-05
5.61500000e+01 1.23181837e-05 1.18391733e-05
5.62000000e+01 1.22978020e-05 1.18221297e-05
5.62500000e+01 1.22772683e-05 1.18049653e-05
5.63000000e+01 1.22519933e-05 1.17834043e-05
5.63500000e+01 1.22311630e-05 1.17659943e-05
5.64000000e+01 1.22101793e-05 1.17484593e-05
5.64500000e+01 1.21845207e-05 1.17265577e-05
5.65000000e+01 1.21632400e-05 1.17087707e-05
5.65500000e+01 1.21418077e-05 1.16908567e-05
5.66000000e+01 1.21202213e-05 1.16728150e-05
5.66500000e+01 1.20940377e-05 1.16504380e-05
5.67000000e+01 1.20721573e-05 1.16321370e-05
5.67500000e+01 1.20501237e-05 1.16137050e-05
5.68000000e+01 1.20279383e-05 1.15951417e-05
5.68500000e+01 1.20012350e-05 1.15722783e-05
5.69000000e+01 1.19787563e-05 1.15534487e-05
5.69500000e+01 1.19561243e-05 1.15344843e-05
5.70000000e+01 1.19027617e-05 1.14859783e-05
5.70500000e+01 1.18756777e-05 1.14626740e-05
5.71000000e+01 1.18526933e-05 1.14433213e-05
5.71500000e+01 1.18295607e-05 1.14238313e-05
5.72000000e+01 1.18021123e-05 1.14001597e-05
5.72500000e+01 1.17786927e-05 1.13803967e-05
5.73000000e+01 1.17551243e-05 1.13604957e-05
5.73500000e+01 1.17314057e-05 1.13404520e-05
5.74000000e+01 1.17034637e-05 1.13162717e-05
5.74500000e+01 1.16794610e-05 1.12959487e-05
5.75000000e+01 1.16553113e-05 1.12754847e-05
5.75500000e+01 1.16310127e-05 1.12548757e-05
5.76000000e+01 1.16025823e-05 1.12301770e-05
5.76500000e+01 1.15780023e-05 1.12092823e-05
5.77000000e+01 1.15532757e-05 1.11882423e-05
5.77500000e+01 1.15284003e-05 1.11670550e-05
5.78000000e+01 1.14994890e-05 1.11418297e-05
5.78500000e+01 1.14743360e-05 1.11203507e-05
5.79000000e+01 1.14490357e-05 1.10987227e-05
5.79500000e+01 1.14235897e-05 1.10769440e-05
5.80000000e+01 1.13942043e-05 1.10511847e-05
5.80500000e+01 1.13684830e-05 1.10291097e-05
5.81000000e+01 1.13426150e-05 1.10068823e-05
5.81500000e+01 1.13166017e-05 1.09845017e-05
5.82000000e+01 1.12867500e-05 1.09581987e-05
5.82500000e+01 1.12604650e-05 1.09355173e-05
5.83000000e+01 1.12340353e-05 1.09126793e-05
5.83500000e+01 1.12038500e-05 1.08859747e-05
5.84000000e+01 1.11771500e-05 1.08628333e-05
5.84500000e+01 1.11503057e-05 1.08395347e-05
5.85000000e+01 1.11233183e-05 1.08160770e-05
5.85500000e+01 1.10659627e-05 1.07610987e-05
5.86000000e+01 1.10388533e-05 1.07374150e-05
5.86500000e+01 1.10116040e-05 1.07135743e-05
5.87000000e+01 1.09842143e-05 1.06895750e-05
5.87500000e+01 1.09533197e-05 1.06618923e-05
5.88000000e+01 1.09256687e-05 1.06375857e-05
5.88500000e+01 1.08978787e-05 1.06131190e-05
5.89000000e+01 1.08699480e-05 1.05884930e-05
5.89500000e+01 1.08386223e-05 1.05602607e-05
5.90000000e+01 1.08104360e-05 1.05353240e-05
5.90500000e+01 1.07821097e-05 1.05102260e-05
5.91000000e+01 1.07536460e-05 1.04849653e-05
5.91500000e+01 1.07218967e-05 1.04561823e-05
5.92000000e+01 1.06931787e-05 1.04306100e-05
5.92500000e+01 1.06643243e-05 1.04048743e-05
5.93000000e+01 1.06353320e-05 1.03789753e-05
5.93500000e+01 1.06031670e-05 1.03496403e-05
5.94000000e+01 1.05739250e-05 1.03234290e-05
5.94500000e+01 1.05445477e-05 1.02970523e-05
5.95000000e+01 1.05150337e-05 1.02705110e-05
5.95500000e+01 1.04824623e-05 1.02406263e-05
5.96000000e+01 1.04527010e-05 1.02137728e-05
5.96500000e+01 1.04228067e-05 1.01867540e-05
5.97000000e+01 1.03927787e-05 1.01595692e-05
5.97500000e+01 1.03598090e-05 1.01291390e-05
5.98000000e+01 1.03295373e-05 1.01016421e-05
5.98500000e+01 1.02991337e-05 1.00739813e-05
5.99000000e+01 1.02685977e-05 1.00461537e-05
5.99500000e+01 1.02352400e-05 1.00151845e-05
6.00000000e+01 1.02044643e-05 9.98704693e-06
6.00500000e+01 1.01735583e-05 9.95874407e-06
6.01000000e+01 1.01425223e-05 9.93027763e-06
6.01500000e+01 1.00878470e-05 9.87541783e-06
6.02000000e+01 1.00567839e-05 9.84682327e-06
6.02500000e+01 1.00255948e-05 9.81806867e-06
6.03000000e+01 9.99427943e-06 9.78915383e-06
6.03500000e+01 9.96042463e-06 9.75736583e-06
6.04000000e+01 9.92888500e-06 9.72815437e-06
6.04500000e+01 9.89722033e-06 9.69878413e-06
6.05000000e+01 9.86543250e-06 9.66925643e-06
6.05500000e+01 9.83352217e-06 9.63957073e-06
6.06000000e+01 9.79922697e-06 9.60715683e-06
6.06500000e+01 9.76709857e-06 9.57718167e-06
6.07000000e+01 9.73484990e-06 9.54705137e-06
6.07500000e+01 9.70248023e-06 9.51676577e-06
6.08000000e+01 9.66785873e-06 9.48388043e-06
6.08500000e+01 9.63528007e-06 9.45331383e-06
6.09000000e+01 9.60258300e-06 9.42259453e-06
6.09500000e+01 9.56976933e-06 9.39172420e-06
6.10000000e+01 9.53483787e-06 9.35838720e-06
6.10500000e+01 9.50182180e-06 9.32724523e-06
6.11000000e+01 9.46869243e-06 9.29595430e-06
6.11500000e+01 9.43544933e-06 9.26451700e-06
6.12000000e+01 9.40022547e-06 9.23075067e-06
6.12500000e+01 9.36679043e-06 9.19905233e-06
6.13000000e+01 9.33324510e-06 9.16721077e-06
6.13500000e+01 9.29959030e-06 9.13522653e-06
6.14000000e+01 9.26409563e-06 9.10105823e-06
6.14500000e+01 9.23025830e-06 9.06882590e-06
6.15000000e+01 9.19631597e-06 9.03645667e-06
6.15500000e+01 9.16227020e-06 9.00395097e-06
6.16000000e+01 9.12812103e-06 8.97131057e-06
6.16500000e+01 9.09230900e-06 8.93666910e-06
6.17000000e+01 9.05799223e-06 8.90379903e-06
6.17500000e+01 9.02357673e-06 8.87079947e-06
6.18000000e+01 8.97636200e-06 8.82234387e-06
6.18500000e+01 8.94064023e-06 8.78769143e-06
6.19000000e+01 8.90625943e-06 8.75464603e-06
6.19500000e+01 8.87179047e-06 8.72148357e-06
6.20000000e+01 8.83723327e-06 8.68820430e-06
6.20500000e+01 8.80133067e-06 8.65326530e-06
6.21000000e+01 8.76663547e-06 8.61979473e-06
6.21500000e+01 8.73185857e-06 8.58621487e-06
6.22000000e+01 8.69699953e-06 8.55252827e-06
6.22500000e+01 8.66094827e-06 8.51734193e-06
6.23000000e+01 8.62596717e-06 8.48348173e-06
6.23500000e+01 8.59091147e-06 8.44952233e-06
6.24000000e+01 8.55578363e-06 8.41546490e-06
6.24500000e+01 8.52058423e-06 8.38131197e-06
6.25000000e+01 8.48438137e-06 8.34586273e-06
6.25500000e+01 8.44908067e-06 8.31156313e-06
6.26000000e+01 8.41371520e-06 8.27717580e-06
6.26500000e+01 8.37828793e-06 8.24270440e-06
6.27000000e+01 8.34201423e-06 8.20710400e-06
6.27500000e+01 8.30650347e-06 8.17250697e-06
6.28000000e+01 8.27093773e-06 8.13783397e-06
6.28500000e+01 8.23531970e-06 8.10308797e-06
6.29000000e+01 8.19901190e-06 8.06738257e-06
6.29500000e+01 8.16333013e-06 8.03253423e-06
6.30000000e+01 8.12760220e-06 7.99762173e-06
6.30500000e+01 8.09183173e-06 7.96264717e-06
6.31000000e+01 8.05602130e-06 7.92761430e-06
6.31500000e+01 8.01971890e-06 7.89183360e-06
6.32000000e+01 7.98387027e-06 7.85672930e-06
6.32500000e+01 7.94798950e-06 7.82157597e-06
6.33000000e+01 7.91207903e-06 7.78637643e-06
6.33500000e+01 7.87583593e-06 7.75060123e-06
6.34000000e+01 7.83991057e-06 7.71535653e-06
6.34500000e+01 7.80396270e-06 7.68007473e-06
6.35000000e+01 7.76799663e-06 7.64476043e-06
6.35500000e+01 7.73052440e-06 7.60589230e-06
6.36000000e+01 7.69474783e-06 7.57054613e-06
6.36500000e+01 7.65911960e-06 7.53554890e-06
6.37000000e+01 7.62348503e-06 7.50053237e-06
6.37500000e+01 7.58784617e-06 7.46549920e-06
6.38000000e+01 7.55222760e-06 7.43027133e-06
6.38500000e+01 7.51662597e-06 7.39525227e-06
6.39000000e+01 7.48102833e-06 7.36022603e-06
6.39500000e+01 7.44543873e-06 7.32519677e-06
6.40000000e+01 7.40986047e-06 7.29016807e-06
6.40500000e+01 7.37449110e-06 7.25514757e-06
6.41000000e+01 7.33897777e-06 7.22016420e-06
6.41500000e+01 7.30348303e-06 7.18519057e-06
6.42000000e+01 7.26801110e-06 7.15023070e-06
6.42500000e+01 7.23289947e-06 7.11543947e-06
6.43000000e+01 7.19751620e-06 7.08055163e-06
6.43500000e+01 7.16216330e-06 7.04568577e-06
6.44000000e+01 7.12684500e-06 7.01084630e-06
6.44500000e+01 7.09156367e-06 6.97603617e-06
6.45000000e+01 7.05682560e-06 6.94159057e-06
6.45500000e+01 7.02166170e-06 6.90688407e-06
6.46000000e+01 6.98654280e-06 6.87221597e-06
6.46500000e+01 6.95147307e-06 6.83759033e-06
6.47000000e+01 6.91708810e-06 6.80348010e-06
6.47500000e+01 6.88215800e-06 6.76898287e-06
6.48000000e+01 6.84728437e-06 6.73453620e-06
6.48500000e+01 6.81247087e-06 6.70014440e-06
6.49000000e+01 6.77772087e-06 6.66581007e-06
6.49500000e+01 6.74382700e-06 6.63217300e-06
6.50000000e+01 6.70924370e-06 6.59799610e-06
6.50500000e+01 6.67473080e-06 6.56388513e-06
6.51000000e+01 6.64029223e-06 6.52984390e-06
6.51500000e+01 6.60593043e-06 6.49587510e-06
6.52000000e+01 6.57258770e-06 6.46277660e-06
6.52500000e+01 6.53841833e-06 6.42899230e-06
6.53000000e+01 6.50433247e-06 6.39528840e-06
6.53500000e+01 6.48055247e-06 6.37047997e-06
6.54000000e+01 6.44694277e-06 6.33725833e-06
6.54500000e+01 6.41448033e-06 6.30504403e-06
6.55000000e+01 6.38108013e-06 6.27202627e-06
6.55500000e+01 6.34777450e-06 6.23909970e-06
6.56000000e+01 6.31456517e-06 6.20626667e-06
6.56500000e+01 6.28261670e-06 6.17456060e-06
6.57000000e+01 6.24963550e-06 6.14195000e-06
6.57500000e+01 6.21675673e-06 6.10943943e-06
6.58000000e+01 6.18398383e-06 6.07703193e-06
6.58500000e+01 6.15131873e-06 6.04472987e-06
6.59000000e+01 6.12004710e-06 6.01369547e-06
6.59500000e+01 6.08762890e-06 5.98163563e-06
6.60000000e+01 6.05532340e-06 5.94968730e-06
6.60500000e+01 6.02313383e-06 5.91785227e-06
6.61000000e+01 5.99106200e-06 5.88613273e-06
6.61500000e+01 5.96050807e-06 5.85581143e-06
6.62000000e+01 5.92869977e-06 5.82435263e-06
6.62500000e+01 5.89701453e-06 5.79301490e-06
6.63000000e+01 5.86545357e-06 5.76179977e-06
6.63500000e+01 5.83401853e-06 5.73070930e-06
6.64000000e+01 5.80421493e-06 5.70113563e-06
6.64500000e+01 5.77305883e-06 5.67032130e-06
6.65000000e+01 5.74203373e-06 5.63963637e-06
6.65500000e+01 5.71114117e-06 5.60908270e-06
6.66000000e+01 5.68195927e-06 5.58013010e-06
6.66500000e+01 5.65135527e-06 5.54986270e-06
6.67000000e+01 5.62088717e-06 5.51973037e-06
6.67500000e+01 5.59055670e-06 5.48973403e-06
6.68000000e+01 5.56036553e-06 5.45987563e-06
6.68500000e+01 5.53197797e-06 5.43171610e-06
6.69000000e+01 5.50208580e-06 5.40215503e-06
6.69500000e+01 5.47233573e-06 5.37273493e-06
6.70000000e+01 5.44272857e-06 5.34345687e-06
6.70500000e+01 5.41326513e-06 5.31432167e-06
6.71000000e+01 5.38568893e-06 5.28697257e-06
6.71500000e+01 5.35653333e-06 5.25814333e-06
6.72000000e+01 5.32752450e-06 5.22946010e-06
6.72500000e+01 5.31774267e-06 5.21896027e-06
6.73000000e+01 5.28920433e-06 5.19075187e-06
6.73500000e+01 5.26258773e-06 5.16436930e-06
6.74000000e+01 5.23435610e-06 5.13646613e-06
6.74500000e+01 5.20627077e-06 5.10870867e-06
6.75000000e+01 5.17833330e-06 5.08109760e-06
6.75500000e+01 5.15054327e-06 5.05363253e-06
6.76000000e+01 5.12473710e-06 5.02805930e-06
6.76500000e+01 5.09725777e-06 5.00090390e-06
6.77000000e+01 5.06992777e-06 4.97389707e-06
6.77500000e+01 5.04274660e-06 4.94703827e-06
6.78000000e+01 5.01571583e-06 4.92032793e-06
6.78500000e+01 4.99072120e-06 4.89556537e-06
6.79000000e+01 4.96400323e-06 4.86916700e-06
6.79500000e+01 4.93743590e-06 4.84291820e-06
6.80000000e+01 4.91101927e-06 4.81681910e-06
6.80500000e+01 4.88475340e-06 4.79086993e-06
6.81000000e+01 4.86056760e-06 4.76691460e-06
6.81500000e+01 4.83461507e-06 4.74127767e-06
6.82000000e+01 4.80881367e-06 4.71579087e-06
6.82500000e+01 4.78316387e-06 4.69045413e-06
6.83000000e+01 4.75766460e-06 4.66526750e-06
6.83500000e+01 4.73231713e-06 4.64023193e-06
6.84000000e+01 4.70909420e-06 4.61723740e-06
6.84500000e+01 4.68405870e-06 4.59251197e-06
6.85000000e+01 4.65917343e-06 4.56793597e-06
6.85500000e+01 4.63443910e-06 4.54351000e-06
6.86000000e+01 4.60985570e-06 4.51923433e-06
6.86500000e+01 4.58742220e-06 4.49702767e-06
6.87000000e+01 4.56314777e-06 4.47305883e-06
6.87500000e+01 4.53902257e-06 4.44923863e-06
6.88000000e+01 4.51504757e-06 4.42556767e-06
6.88500000e+01 4.49122233e-06 4.40204573e-06
6.89000000e+01 4.46956443e-06 4.38061307e-06
6.89500000e+01 4.44604353e-06 4.35739327e-06
6.90000000e+01 4.42267023e-06 4.33432067e-06
6.90500000e+01 4.39944537e-06 4.31139577e-06
6.91000000e+01 4.37636847e-06 4.28861753e-06
6.91500000e+01 4.35547127e-06 4.26794287e-06
6.92000000e+01 4.33269303e-06 4.24546180e-06
6.92500000e+01 4.33342720e-06 4.24563390e-06
6.93000000e+01 4.31099813e-06 4.22350390e-06
6.93500000e+01 4.28871207e-06 4.20151587e-06
6.94000000e+01 4.26858060e-06 4.18160797e-06
6.94500000e+01 4.24658310e-06 4.15990663e-06
6.95000000e+01 4.22472710e-06 4.13834570e-06
6.95500000e+01 4.20301220e-06 4.11692513e-06
6.96000000e+01 4.18143730e-06 4.09564350e-06
6.96500000e+01 4.16000217e-06 4.07450017e-06
6.97000000e+01 4.14072547e-06 4.05544410e-06
6.97500000e+01 4.11957177e-06 4.03458070e-06
6.98000000e+01 4.09855607e-06 4.01385440e-06
6.98500000e+01 4.07767773e-06 3.99326413e-06
6.99000000e+01 4.05693590e-06 3.97280953e-06
6.99500000e+01 4.03834837e-06 3.95443933e-06
7.00000000e+01 4.01788097e-06 3.93425757e-06
7.00500000e+01 3.99754817e-06 3.91420937e-06
7.01000000e+01 3.97735007e-06 3.89429440e-06
7.01500000e+01 3.95728490e-06 3.87451170e-06
7.02000000e+01 3.93735283e-06 3.85486120e-06
7.02500000e+01 3.91956740e-06 3.83728913e-06
7.03000000e+01 3.89990093e-06 3.81790213e-06
7.03500000e+01 3.88036497e-06 3.79864460e-06
7.04000000e+01 3.86095907e-06 3.77951627e-06
7.04500000e+01 3.84168263e-06 3.76051647e-06
7.05000000e+01 3.82453953e-06 3.74358357e-06
7.05500000e+01 3.80552083e-06 3.72483923e-06
7.06000000e+01 3.78662900e-06 3.70622100e-06
7.06500000e+01 3.76786380e-06 3.68772833e-06
7.07000000e+01 3.74922467e-06 3.66936087e-06
7.07500000e+01 3.73071023e-06 3.65111713e-06
7.08000000e+01 3.71431197e-06 3.63492457e-06
7.08500000e+01 3.69604543e-06 3.61692663e-06
7.09000000e+01 3.67790180e-06 3.59905077e-06
7.09500000e+01 3.65988047e-06 3.58129593e-06
7.10000000e+01 3.64198043e-06 3.56366127e-06
7.10500000e+01 3.62617597e-06 3.54805943e-06
7.11000000e+01 3.60851567e-06 3.53066277e-06
7.11500000e+01 3.59097430e-06 3.51338420e-06
7.12000000e+01 3.57355117e-06 3.49622280e-06
7.12500000e+01 3.55624570e-06 3.47917767e-06
7.13000000e+01 3.53905667e-06 3.46224817e-06
7.13500000e+01 3.54799107e-06 3.47063697e-06
7.14000000e+01 3.53102033e-06 3.45392663e-06
7.14500000e+01 3.51416317e-06 3.43732847e-06
7.15000000e+01 3.49741780e-06 3.42084123e-06
7.15500000e+01 3.48078457e-06 3.40446527e-06
7.16000000e+01 3.46617703e-06 3.39005503e-06
7.16500000e+01 3.44976403e-06 3.37389730e-06
7.17000000e+01 3.43346090e-06 3.35784807e-06
7.17500000e+01 3.41726610e-06 3.34190640e-06
7.18000000e+01 3.40117947e-06 3.32607187e-06
7.18500000e+01 3.38520030e-06 3.31034390e-06
7.19000000e+01 3.37121873e-06 3.29655547e-06
7.19500000e+01 3.35545073e-06 3.28103630e-06
7.20000000e+01 3.33978733e-06 3.26562110e-06
7.20500000e+01 3.32422843e-06 3.25030957e-06
7.21000000e+01 3.30877367e-06 3.23510093e-06
7.21500000e+01 3.29342177e-06 3.21999397e-06
7.22000000e+01 3.28003677e-06 3.20679757e-06
7.22500000e+01 3.26488627e-06 3.19189037e-06
7.23000000e+01 3.24983653e-06 3.17708310e-06
7.23500000e+01 3.23488697e-06 3.16237490e-06
7.24000000e+01 3.22003683e-06 3.14776480e-06
7.24500000e+01 3.20528513e-06 3.13325237e-06
7.25000000e+01 3.19246900e-06 3.12062037e-06
7.25500000e+01 3.17791007e-06 3.10629903e-06
7.26000000e+01 3.16344750e-06 3.09207320e-06
7.26500000e+01 3.14908097e-06 3.07794183e-06
7.27000000e+01 3.13480927e-06 3.06390487e-06
7.27500000e+01 3.12063203e-06 3.04996120e-06
7.28000000e+01 3.10835717e-06 3.03786603e-06
7.28500000e+01 3.09436397e-06 3.02410450e-06
7.29000000e+01 3.08046287e-06 3.01043420e-06
7.29500000e+01 3.06665367e-06 2.99685483e-06
7.30000000e+01 3.05293527e-06 2.98336533e-06
7.30500000e+01 3.03930723e-06 2.96996537e-06
7.31000000e+01 3.02754713e-06 2.95838057e-06
7.31500000e+01 3.01409440e-06 2.94515400e-06
7.32000000e+01 3.00073027e-06 2.93201503e-06
7.32500000e+01 2.98745367e-06 2.91896280e-06
7.33000000e+01 2.97426403e-06 2.90599640e-06
7.33500000e+01 2.96116023e-06 2.89311500e-06
7.34000000e+01 2.94988897e-06 2.88201520e-06
7.34500000e+01 2.93695300e-06 2.86929993e-06
7.35000000e+01 2.94696700e-06 2.87887713e-06
7.35500000e+01 2.93415827e-06 2.86628900e-06
7.36000000e+01 2.92143200e-06 2.85378257e-06
7.36500000e+01 2.90878777e-06 2.84135727e-06
7.37000000e+01 2.89792583e-06 2.83066477e-06
7.37500000e+01 2.88544057e-06 2.81839690e-06
7.38000000e+01 2.87303567e-06 2.80620807e-06
7.38500000e+01 2.86071013e-06 2.79409797e-06
7.39000000e+01 2.84846360e-06 2.78206610e-06
7.39500000e+01 2.83629567e-06 2.77011170e-06
7.40000000e+01 2.82587443e-06 2.75985557e-06
7.40500000e+01 2.81385780e-06 2.74805090e-06
7.41000000e+01 2.80191800e-06 2.73632217e-06
7.41500000e+01 2.79005403e-06 2.72466840e-06
7.42000000e+01 2.77826570e-06 2.71308943e-06
7.42500000e+01 2.76655213e-06 2.70158407e-06
7.43000000e+01 2.75654960e-06 2.69174270e-06
7.43500000e+01 2.74498073e-06 2.68038057e-06
7.44000000e+01 2.73348500e-06 2.66909080e-06
7.44500000e+01 2.72206170e-06 2.65787263e-06
7.45000000e+01 2.71071040e-06 2.64672530e-06
7.45500000e+01 2.69943050e-06 2.63564887e-06
7.46000000e+01 2.68982650e-06 2.62620210e-06
7.46500000e+01 2.67868473e-06 2.61526200e-06
7.47000000e+01 2.66761287e-06 2.60439090e-06
7.47500000e+01 2.65660990e-06 2.59358797e-06
7.48000000e+01 2.64567577e-06 2.58285300e-06
7.48500000e+01 2.63481020e-06 2.57218590e-06
7.49000000e+01 2.62401200e-06 2.56158523e-06
7.49500000e+01 2.61485043e-06 2.55257623e-06
7.50000000e+01 2.60418267e-06 2.54210440e-06
7.50500000e+01 2.59358137e-06 2.53169837e-06
7.51000000e+01 2.58304570e-06 2.52135700e-06
7.51500000e+01 2.57257507e-06 2.51107973e-06
7.52000000e+01 2.56216890e-06 2.50086630e-06
7.52500000e+01 2.55336387e-06 2.49221027e-06
7.53000000e+01 2.54308207e-06 2.48211980e-06
7.53500000e+01 2.53286380e-06 2.47209193e-06
7.54000000e+01 2.52270827e-06 2.46212587e-06
7.54500000e+01 2.51261460e-06 2.45222100e-06
7.55000000e+01 2.50258297e-06 2.44237737e-06
7.55500000e+01 2.49411700e-06 2.43405687e-06
7.56000000e+01 2.48420353e-06 2.42433000e-06
7.56500000e+01 2.47435083e-06 2.41466293e-06
7.57000000e+01 2.46455777e-06 2.40505483e-06
7.57500000e+01 2.45482410e-06 2.39550550e-06
7.58000000e+01 2.46603280e-06 2.40631737e-06
7.58500000e+01 2.45636803e-06 2.39683683e-06
7.59000000e+01 2.44822060e-06 2.38883237e-06
7.59500000e+01 2.43866783e-06 2.37946253e-06
7.60000000e+01 2.42917230e-06 2.37014923e-06
7.60500000e+01 2.41973340e-06 2.36089177e-06
7.61000000e+01 2.41035090e-06 2.35168983e-06
7.61500000e+01 2.40102397e-06 2.34254277e-06
7.62000000e+01 2.39175267e-06 2.33345060e-06
7.62500000e+01 2.38396140e-06 2.32579827e-06
7.63000000e+01 2.37479633e-06 2.31681107e-06
7.63500000e+01 2.36568523e-06 2.30787683e-06
7.64000000e+01 2.35662783e-06 2.29899590e-06
7.64500000e+01 2.34762407e-06 2.29016767e-06
7.65000000e+01 2.33867323e-06 2.28139170e-06
7.65500000e+01 2.33116920e-06 2.27402307e-06
7.66000000e+01 2.32231943e-06 2.26534680e-06
7.66500000e+01 2.31352170e-06 2.25672183e-06
7.67000000e+01 2.30477540e-06 2.24814770e-06
7.67500000e+01 2.29608003e-06 2.23962370e-06
7.68000000e+01 2.28743523e-06 2.23114943e-06
7.68500000e+01 2.27884063e-06 2.22272473e-06
7.69000000e+01 2.27165623e-06 2.21567220e-06
7.69500000e+01 2.26315773e-06 2.20734233e-06
7.70000000e+01 2.25470847e-06 2.19906093e-06
7.70500000e+01 2.24630767e-06 2.19082743e-06
7.71000000e+01 2.23795550e-06 2.18264180e-06
7.71500000e+01 2.22965117e-06 2.17450343e-06
7.72000000e+01 2.22139477e-06 2.16641230e-06
7.72500000e+01 2.21451263e-06 2.15965803e-06
7.73000000e+01 2.20634697e-06 2.15165633e-06
7.73500000e+01 2.19822797e-06 2.14370060e-06
7.74000000e+01 2.19015543e-06 2.13579077e-06
7.74500000e+01 2.18212850e-06 2.12792587e-06
7.75000000e+01 2.17414747e-06 2.12010593e-06
7.75500000e+01 2.16621140e-06 2.11233053e-06
7.76000000e+01 2.15961473e-06 2.10585833e-06
7.76500000e+01 2.15176527e-06 2.09816827e-06
7.77000000e+01 2.14395993e-06 2.09052167e-06
7.77500000e+01 2.13619847e-06 2.08291833e-06
7.78000000e+01 2.12848067e-06 2.07535803e-06
7.78500000e+01 2.12080603e-06 2.06784027e-06
7.79000000e+01 2.11317450e-06 2.06036503e-06
7.79500000e+01 2.10684773e-06 2.05415907e-06
7.80000000e+01 2.09929807e-06 2.04676443e-06
7.80500000e+01 2.09179023e-06 2.03941103e-06
7.81000000e+01 2.08432433e-06 2.03209900e-06
7.81500000e+01 2.07689997e-06 2.02482767e-06
7.82000000e+01 2.08825200e-06 2.03581813e-06
7.82500000e+01 2.08086213e-06 2.02858173e-06
7.83000000e+01 2.07473753e-06 2.02257623e-06
7.83500000e+01 2.06742587e-06 2.01541670e-06
7.84000000e+01 2.06015407e-06 2.00829633e-06
7.84500000e+01 2.05292193e-06 2.00121520e-06
7.85000000e+01 2.04572930e-06 1.99417290e-06
7.85500000e+01 2.03857570e-06 1.98716913e-06
7.86000000e+01 2.03146113e-06 1.98020377e-06
7.86500000e+01 2.02438530e-06 1.97327637e-06
7.87000000e+01 2.01853853e-06 1.96754490e-06
7.87500000e+01 2.01153600e-06 1.96068990e-06
7.88000000e+01 2.00457120e-06 1.95387193e-06
7.88500000e+01 1.99764387e-06 1.94709080e-06
7.89000000e+01 1.99075370e-06 1.94034633e-06
7.89500000e+01 1.98390070e-06 1.93363847e-06
7.90000000e+01 1.97708427e-06 1.92696667e-06
7.90500000e+01 1.97146563e-06 1.92146017e-06
7.91000000e+01 1.96471920e-06 1.91485710e-06
7.91500000e+01 1.95800827e-06 1.90828913e-06
7.92000000e+01 1.95133333e-06 1.90175643e-06
7.92500000e+01 1.94469397e-06 1.89525893e-06
7.93000000e+01 1.93808960e-06 1.88879577e-06
7.93500000e+01 1.93152020e-06 1.88236687e-06
7.94000000e+01 1.92498543e-06 1.87597233e-06
7.94500000e+01 1.91961437e-06 1.87071000e-06
7.95000000e+01 1.91314557e-06 1.86438020e-06
7.95500000e+01 1.90671077e-06 1.85808387e-06
7.96000000e+01 1.90030950e-06 1.85182060e-06
7.96500000e+01 1.89394173e-06 1.84559030e-06
7.97000000e+01 1.88760733e-06 1.83939283e-06
7.97500000e+01 1.88130593e-06 1.83322787e-06
7.98000000e+01 1.87613837e-06 1.82816563e-06
7.98500000e+01 1.86989960e-06 1.82206243e-06
7.99000000e+01 1.86369310e-06 1.81599087e-06
7.99500000e+01 1.85751887e-06 1.80995090e-06
8.00000000e+01 1.85137663e-06 1.80394237e-06
