-2.00000000e+01 3.25950027e-08
-1.99500000e+01 3.27282267e-08
-1.99000000e+01 3.28622993e-08
-1.98500000e+01 3.29972237e-08
-1.98000000e+01 3.31330103e-08
-1.97500000e+01 3.32696627e-08
-1.97000000e+01 3.34071887e-08
-1.96500000e+01 3.35456013e-08
-1.96000000e+01 3.36849040e-08
-1.95500000e+01 3.38251050e-08
-1.95000000e+01 3.39662137e-08
-1.94500000e+01 3.41082367e-08
-1.94000000e+01 3.42511847e-08
-1.93500000e+01 3.43950627e-08
-1.93000000e+01 3.45398797e-08
-1.92500000e+01 3.46856437e-08
-1.92000000e+01 3.48323680e-08
-1.91500000e+01 3.49800560e-08
-1.91000000e+01 3.51287190e-08
-1.90500000e+01 3.52783650e-08
-1.90000000e+01 3.54290003e-08
-1.89500000e+01 3.55806390e-08
-1.89000000e+01 3.57332857e-08
-1.88500000e+01 3.58869540e-08
-1.88000000e+01 3.60416493e-08
-1.87500000e+01 3.61973857e-08
-1.87000000e+01 3.63541680e-08
-1.86500000e+01 3.65120067e-08
-1.86000000e+01 3.66709150e-08
-1.85500000e+01 3.68308973e-08
-1.85000000e+01 3.69919700e-08
-1.84500000e+01 3.71541380e-08
-1.84000000e+01 3.73174170e-08
-1.83500000e+01 3.74818113e-08
-1.83000000e+01 3.76473360e-08
-1.82500000e+01 3.78140003e-08
-1.82000000e+01 3.79818130e-08
-1.81500000e+01 3.81507887e-08
-1.81000000e+01 3.83209350e-08
-1.80500000e+01 3.84922667e-08
-1.80000000e+01 3.86647927e-08
-1.79500000e+01 3.88385257e-08
-1.79000000e+01 3.90134770e-08
-1.78500000e+01 3.91896553e-08
-1.78000000e+01 3.93670780e-08
-1.77500000e+01 3.95457517e-08
-1.77000000e+01 3.97256943e-08
-1.76500000e+01 3.99069147e-08
-1.76000000e+01 4.00894260e-08
-1.75500000e+01 4.02732410e-08
-1.75000000e+01 4.04583703e-08
-1.74500000e+01 4.06448317e-08
-1.74000000e+01 4.08326327e-08
-1.73500000e+01 4.10217927e-08
-1.73000000e+01 4.12123193e-08
-1.72500000e+01 4.14042333e-08
-1.72000000e+01 4.15975430e-08
-1.71500000e+01 4.17922607e-08
-1.71000000e+01 4.19884067e-08
-1.70500000e+01 4.21859897e-08
-1.70000000e+01 4.23850297e-08
-1.69500000e+01 4.25855360e-08
-1.69000000e+01 4.27875307e-08
-1.68500000e+01 4.29910207e-08
-1.68000000e+01 4.31960273e-08
-1.67500000e+01 4.34025650e-08
-1.67000000e+01 4.36106453e-08
-1.66500000e+01 4.38202913e-08
-1.66000000e+01 4.40315120e-08
-1.65500000e+01 4.42443317e-08
-1.65000000e+01 4.44587587e-08
-1.64500000e+01 4.46748160e-08
-1.64000000e+01 4.48925193e-08
-1.63500000e+01 4.51118817e-08
-1.63000000e+01 4.53329277e-08
-1.62500000e+01 4.55556683e-08
-1.62000000e+01 4.57801283e-08
-1.61500000e+01 4.60063217e-08
-1.61000000e+01 4.62342687e-08
-1.60500000e+01 4.64639873e-08
-1.60000000e+01 4.66954930e-08
-1.59500000e+01 4.69288130e-08
-1.59000000e+01 4.71639587e-08
-1.58500000e+01 4.74009577e-08
-1.58000000e+01 4.76398230e-08
-1.57500000e+01 4.78805830e-08
-1.57000000e+01 4.81232523e-08
-1.56500000e+01 4.83678497e-08
-1.56000000e+01 4.86144043e-08
-1.55500000e+01 4.88629293e-08
-1.55000000e+01 4.91134553e-08
-1.54500000e+01 4.93659963e-08
-1.54000000e+01 4.96205840e-08
-1.53500000e+01 4.98772343e-08
-1.53000000e+01 5.01359687e-08
-1.52500000e+01 5.03968170e-08
-1.52000000e+01 5.06597973e-08
-1.51500000e+01 5.09249407e-08
-1.51000000e+01 5.11922633e-08
-1.50500000e+01 5.14618013e-08
-1.50000000e+01 5.17335670e-08
-1.49500000e+01 5.20075960e-08
-1.49000000e+01 5.22839113e-08
-1.48500000e+01 5.25625343e-08
-1.48000000e+01 5.28435010e-08
-1.47500000e+01 5.31268300e-08
-1.47000000e+01 5.34125570e-08
-1.46500000e+01 5.37007050e-08
-1.46000000e+01 5.39913040e-08
-1.45500000e+01 5.42843840e-08
-1.45000000e+01 5.45799683e-08
-1.44500000e+01 5.48780957e-08
-1.44000000e+01 5.51787880e-08
-1.43500000e+01 5.54820843e-08
-1.43000000e+01 5.57880103e-08
-1.42500000e+01 5.60966010e-08
-1.42000000e+01 5.64078863e-08
-1.41500000e+01 5.67218957e-08
-1.41000000e+01 5.70386703e-08
-1.40500000e+01 5.73582347e-08
-1.40000000e+01 5.76806340e-08
-1.39500000e+01 5.80058920e-08
-1.39000000e+01 5.83340560e-08
-1.38500000e+01 5.86651540e-08
-1.38000000e+01 5.89992180e-08
-1.37500000e+01 5.93362963e-08
-1.37000000e+01 5.96764157e-08
-1.36500000e+01 6.00196263e-08
-1.36000000e+01 6.03659557e-08
-1.35500000e+01 6.07154557e-08
-1.35000000e+01 6.10681520e-08
-1.34500000e+01 6.14240977e-08
-1.34000000e+01 6.17833303e-08
-1.33500000e+01 6.21458860e-08
-1.33000000e+01 6.25118187e-08
-1.32500000e+01 6.28811617e-08
-1.32000000e+01 6.32539690e-08
-1.31500000e+01 6.36302790e-08
-1.31000000e+01 6.40101417e-08
-1.30500000e+01 6.43936030e-08
-1.30000000e+01 6.47807027e-08
-1.29500000e+01 6.51715020e-08
-1.29000000e+01 6.55660377e-08
-1.28500000e+01 6.59643720e-08
-1.28000000e+01 6.63665470e-08
-1.27500000e+01 6.67726193e-08
-1.27000000e+01 6.71826393e-08
-1.26500000e+01 6.75966550e-08
-1.26000000e+01 6.80147323e-08
-1.25500000e+01 6.84369150e-08
-1.25000000e+01 6.88632717e-08
-1.24500000e+01 6.92938473e-08
-1.24000000e+01 6.97287153e-08
-1.23500000e+01 7.01679243e-08
-1.23000000e+01 7.06115300e-08
-1.22500000e+01 7.10596077e-08
-1.22000000e+01 7.15122073e-08
-1.21500000e+01 7.19694060e-08
-1.21000000e+01 7.24312560e-08
-1.20500000e+01 7.28978383e-08
-1.20000000e+01 7.33692090e-08
-1.19500000e+01 7.38454337e-08
-1.19000000e+01 7.43265950e-08
-1.18500000e+01 7.48127513e-08
-1.18000000e+01 7.53039890e-08
-1.17500000e+01 7.58003680e-08
-1.17000000e+01 7.63019813e-08
-1.16500000e+01 7.68088840e-08
-1.16000000e+01 7.73211740e-08
-1.15500000e+01 7.78389237e-08
-1.15000000e+01 7.83622080e-08
-1.14500000e+01 7.88911233e-08
-1.14000000e+01 7.94257390e-08
-1.13500000e+01 7.99661530e-08
-1.13000000e+01 8.05124523e-08
-1.12500000e+01 8.10647240e-08
-1.12000000e+01 8.16230617e-08
-1.11500000e+01 8.21875477e-08
-1.11000000e+01 8.27582930e-08
-1.10500000e+01 8.33353820e-08
-1.10000000e+01 8.39189263e-08
-1.09500000e+01 8.45090183e-08
-1.09000000e+01 8.51057663e-08
-1.08500000e+01 8.57092750e-08
-1.08000000e+01 8.63196387e-08
-1.07500000e+01 8.69369847e-08
-1.07000000e+01 8.75614120e-08
-1.06500000e+01 8.81930467e-08
-1.06000000e+01 8.88319913e-08
-1.05500000e+01 8.94783887e-08
-1.05000000e+01 9.01323367e-08
-1.04500000e+01 9.07939603e-08
-1.04000000e+01 9.14634030e-08
-1.03500000e+01 9.21407723e-08
-1.03000000e+01 9.28262287e-08
-1.02500000e+01 9.35198773e-08
-1.02000000e+01 9.42218867e-08
-1.01500000e+01 9.49323650e-08
-1.01000000e+01 9.56514860e-08
-1.00500000e+01 9.63793823e-08
-1.00000000e+01 9.71161993e-08
-9.95000000e+00 9.78621090e-08
-9.90000000e+00 9.86172463e-08
-9.85000000e+00 9.93817953e-08
-9.80000000e+00 1.00155906e-07
-9.75000000e+00 1.00939754e-07
-9.70000000e+00 1.01733514e-07
-9.65000000e+00 1.02537339e-07
-9.60000000e+00 1.03351442e-07
-9.55000000e+00 1.04175982e-07
-9.50000000e+00 1.05011169e-07
-9.45000000e+00 1.05857180e-07
-9.40000000e+00 1.06714226e-07
-9.35000000e+00 1.07582503e-07
-9.30000000e+00 1.08462205e-07
-9.25000000e+00 1.09353571e-07
-9.20000000e+00 1.10256792e-07
-9.15000000e+00 1.11172117e-07
-9.10000000e+00 1.12099749e-07
-9.05000000e+00 1.13039953e-07
-9.00000000e+00 1.13992943e-07
-8.95000000e+00 1.14958958e-07
-8.90000000e+00 1.15938282e-07
-8.85000000e+00 1.16931134e-07
-8.80000000e+00 1.17937821e-07
-8.75000000e+00 1.18958574e-07
-8.70000000e+00 1.19993710e-07
-8.65000000e+00 1.21043490e-07
-8.60000000e+00 1.22108198e-07
-8.55000000e+00 1.23188160e-07
-8.50000000e+00 1.24283660e-07
-8.45000000e+00 1.25395043e-07
-8.40000000e+00 1.26522603e-07
-8.35000000e+00 1.27666703e-07
-8.30000000e+00 1.28827657e-07
-8.25000000e+00 1.30005843e-07
-8.20000000e+00 1.31201613e-07
-8.15000000e+00 1.32415317e-07
-8.10000000e+00 1.33647370e-07
-8.05000000e+00 1.34898133e-07
-8.00000000e+00 1.36168040e-07
-7.95000000e+00 1.37457483e-07
-7.90000000e+00 1.38766900e-07
-7.85000000e+00 1.40096730e-07
-7.80000000e+00 1.41447393e-07
-7.75000000e+00 1.42819393e-07
-7.70000000e+00 1.44213173e-07
-7.65000000e+00 1.45629263e-07
-7.60000000e+00 1.47068137e-07
-7.55000000e+00 1.48530327e-07
-7.50000000e+00 1.50016370e-07
-7.45000000e+00 1.51526790e-07
-7.40000000e+00 1.53062203e-07
-7.35000000e+00 1.54623143e-07
-7.30000000e+00 1.56210267e-07
-7.25000000e+00 1.57824140e-07
-7.20000000e+00 1.59465473e-07
-7.15000000e+00 1.61134870e-07
-7.10000000e+00 1.62833003e-07
-7.05000000e+00 1.64560623e-07
-7.00000000e+00 1.66318427e-07
-6.95000000e+00 1.68107190e-07
-6.90000000e+00 1.69927650e-07
-6.85000000e+00 1.71780633e-07
-6.80000000e+00 1.73666947e-07
-6.75000000e+00 1.75587447e-07
-6.70000000e+00 1.77543020e-07
-6.65000000e+00 1.79534567e-07
-6.60000000e+00 1.81563063e-07
-6.55000000e+00 1.83629427e-07
-6.50000000e+00 1.85734693e-07
-6.45000000e+00 1.87879913e-07
-6.40000000e+00 1.90066137e-07
-6.35000000e+00 1.92294503e-07
-6.30000000e+00 1.94566150e-07
-6.25000000e+00 1.96882287e-07
-6.20000000e+00 1.99244157e-07
-6.15000000e+00 2.01653040e-07
-6.10000000e+00 2.04110260e-07
-6.05000000e+00 2.06617190e-07
-6.00000000e+00 2.09175280e-07
-5.95000000e+00 2.11785997e-07
-5.90000000e+00 2.14450903e-07
-5.85000000e+00 2.17171600e-07
-5.80000000e+00 2.19949743e-07
-5.75000000e+00 2.22787040e-07
-5.70000000e+00 2.25685323e-07
-5.65000000e+00 2.28646433e-07
-5.60000000e+00 2.31672297e-07
-5.55000000e+00 2.34764967e-07
-5.50000000e+00 2.37926520e-07
-5.45000000e+00 2.41159173e-07
-5.40000000e+00 2.44465170e-07
-5.35000000e+00 2.47846880e-07
-5.30000000e+00 2.51306793e-07
-5.25000000e+00 2.54847480e-07
-5.20000000e+00 2.58471637e-07
-5.15000000e+00 2.62182067e-07
-5.10000000e+00 2.65981720e-07
-5.05000000e+00 2.69873580e-07
-5.00000000e+00 2.73860903e-07
-4.95000000e+00 2.77946987e-07
-4.90000000e+00 2.82135370e-07
-4.85000000e+00 2.86429670e-07
-4.80000000e+00 2.90833727e-07
-4.75000000e+00 2.95351507e-07
-4.70000000e+00 2.99987243e-07
-4.65000000e+00 3.04745280e-07
-4.60000000e+00 3.09630230e-07
-4.55000000e+00 3.14646940e-07
-4.50000000e+00 3.19800480e-07
-4.45000000e+00 3.25096150e-07
-4.40000000e+00 3.30539587e-07
-4.35000000e+00 3.36136640e-07
-4.30000000e+00 3.41893457e-07
-4.25000000e+00 3.47816573e-07
-4.20000000e+00 3.53912840e-07
-4.15000000e+00 3.60189483e-07
-4.10000000e+00 3.66654123e-07
-4.05000000e+00 3.73314783e-07
-4.00000000e+00 3.80179940e-07
-3.95000000e+00 3.87258500e-07
-3.90000000e+00 3.94559953e-07
-3.85000000e+00 4.02094313e-07
-3.80000000e+00 4.09872170e-07
-3.75000000e+00 4.17904753e-07
-3.70000000e+00 4.26203937e-07
-3.65000000e+00 4.34782337e-07
-3.60000000e+00 4.43653377e-07
-3.55000000e+00 4.52831183e-07
-3.50000000e+00 4.62330930e-07
-3.45000000e+00 4.72168707e-07
-3.40000000e+00 4.82361673e-07
-3.35000000e+00 4.92928030e-07
-3.30000000e+00 5.03887327e-07
-3.25000000e+00 5.15260343e-07
-3.20000000e+00 5.27069230e-07
-3.15000000e+00 5.39337810e-07
-3.10000000e+00 5.52091567e-07
-3.05000000e+00 5.65357770e-07
-3.00000000e+00 5.79165743e-07
-2.95000000e+00 5.93546890e-07
-2.90000000e+00 6.08535030e-07
-2.85000000e+00 6.24166667e-07
-2.80000000e+00 6.40480810e-07
-2.75000000e+00 6.57519940e-07
-2.70000000e+00 6.75329787e-07
-2.65000000e+00 6.93959833e-07
-2.60000000e+00 7.13463510e-07
-2.55000000e+00 7.33899083e-07
-2.50000000e+00 7.55329630e-07
-2.45000000e+00 7.77823513e-07
-2.40000000e+00 8.01455597e-07
-2.35000000e+00 8.26307377e-07
-2.30000000e+00 8.52467850e-07
-2.25000000e+00 8.80034433e-07
-2.20000000e+00 9.09113783e-07
-2.15000000e+00 9.39822957e-07
-2.10000000e+00 9.72291007e-07
-2.05000000e+00 1.00665945e-06
-2.00000000e+00 1.04308506e-06
-1.95000000e+00 1.08174085e-06
-1.90000000e+00 1.12281880e-06
-1.85000000e+00 1.16653142e-06
-1.80000000e+00 1.21311579e-06
-1.75000000e+00 1.26283572e-06
-1.70000000e+00 1.31598556e-06
-1.65000000e+00 1.37289550e-06
-1.60000000e+00 1.43393572e-06
-1.55000000e+00 1.49952233e-06
-1.50000000e+00 1.57012461e-06
-1.45000000e+00 1.64627221e-06
-1.40000000e+00 1.72856473e-06
-1.35000000e+00 1.81768380e-06
-1.30000000e+00 1.91440237e-06
-1.25000000e+00 2.01960330e-06
-1.20000000e+00 2.13429387e-06
-1.15000000e+00 2.25962677e-06
-1.10000000e+00 2.39692120e-06
-1.05000000e+00 2.54769173e-06
-1.00000000e+00 2.71367510e-06
-9.50000000e-01 2.89686150e-06
-9.00000000e-01 3.09953270e-06
-8.50000000e-01 3.32429270e-06
-8.00000000e-01 3.57410133e-06
-7.50000000e-01 3.85229580e-06
-7.00000000e-01 4.16259100e-06
-6.50000000e-01 4.50905270e-06
-6.00000000e-01 4.89600060e-06
-5.50000000e-01 5.32783307e-06
-5.00000000e-01 5.80869940e-06
-4.50000000e-01 6.34198277e-06
-4.00000000e-01 6.92953230e-06
-3.50000000e-01 7.57059983e-06
-3.00000000e-01 8.26054900e-06
-2.50000000e-01 8.98946977e-06
-2.00000000e-01 9.74109057e-06
-1.50000000e-01 1.04925321e-05
-1.00000000e-01 1.12154096e-05
-5.00000000e-02 1.18785792e-05
0.00000000e+00 1.24520550e-05
5.00000000e-02 1.29112098e-05
1.00000000e-01 1.32400272e-05
1.50000000e-01 1.34327753e-05
2.00000000e-01 1.34938768e-05
2.50000000e-01 1.34363929e-05
3.00000000e-01 1.32796358e-05
3.50000000e-01 1.30465159e-05
4.00000000e-01 1.27610743e-05
4.50000000e-01 1.24463970e-05
5.00000000e-01 1.21230389e-05
5.50000000e-01 1.18079684e-05
6.00000000e-01 1.15139946e-05
6.50000000e-01 1.12495153e-05
7.00000000e-01 1.10184910e-05
7.50000000e-01 1.08206133e-05
8.00000000e-01 1.06517271e-05
8.50000000e-01 1.05046400e-05
9.00000000e-01 1.03703576e-05
9.50000000e-01 1.02396452e-05
1.00000000e+00 1.01045951e-05
1.05000000e+00 9.95971807e-06
1.10000000e+00 9.80211180e-06
1.15000000e+00 9.63076387e-06
1.20000000e+00 9.44541243e-06
1.25000000e+00 9.24570773e-06
1.30000000e+00 9.03107753e-06
1.35000000e+00 8.80129620e-06
1.40000000e+00 8.55735773e-06
1.45000000e+00 8.30211157e-06
1.50000000e+00 8.04035013e-06
1.55000000e+00 7.77828377e-06
1.60000000e+00 7.52270840e-06
1.65000000e+00 7.28021567e-06
1.70000000e+00 7.05668353e-06
1.75000000e+00 6.85708230e-06
1.80000000e+00 6.68539720e-06
1.85000000e+00 6.54451307e-06
1.90000000e+00 6.43597413e-06
1.95000000e+00 6.35967733e-06
2.00000000e+00 6.31361980e-06
2.05000000e+00 6.29383080e-06
2.10000000e+00 6.29459917e-06
2.15000000e+00 6.30904847e-06
2.20000000e+00 6.33001720e-06
2.25000000e+00 6.35107443e-06
2.30000000e+00 6.36742090e-06
2.35000000e+00 6.37644923e-06
2.40000000e+00 6.37785553e-06
2.45000000e+00 6.37332457e-06
2.50000000e+00 6.36591157e-06
2.55000000e+00 6.35930607e-06
2.60000000e+00 6.35712273e-06
2.65000000e+00 6.36232317e-06
2.70000000e+00 6.37681293e-06
2.75000000e+00 6.40123620e-06
2.80000000e+00 6.43498993e-06
2.85000000e+00 6.47644480e-06
2.90000000e+00 6.52332780e-06
2.95000000e+00 6.57316613e-06
3.00000000e+00 6.62368243e-06
3.05000000e+00 6.67306233e-06
3.10000000e+00 6.72009787e-06
3.15000000e+00 6.76423743e-06
3.20000000e+00 6.80553190e-06
3.25000000e+00 6.84446170e-06
3.30000000e+00 6.88167717e-06
3.35000000e+00 6.91774027e-06
3.40000000e+00 6.95294137e-06
3.45000000e+00 6.98723813e-06
3.50000000e+00 7.02034123e-06
3.55000000e+00 7.05193257e-06
3.60000000e+00 7.08194360e-06
3.65000000e+00 7.11078137e-06
3.70000000e+00 7.13944853e-06
3.75000000e+00 7.16947500e-06
3.80000000e+00 7.20263750e-06
3.85000000e+00 7.24046427e-06
3.90000000e+00 7.28368787e-06
3.95000000e+00 7.33184397e-06
4.00000000e+00 7.38318673e-06
4.05000000e+00 7.43495337e-06
4.10000000e+00 7.48388970e-06
4.15000000e+00 7.52688707e-06
4.20000000e+00 7.56160327e-06
4.25000000e+00 7.58696753e-06
4.30000000e+00 7.60345880e-06
4.35000000e+00 7.61305180e-06
4.40000000e+00 7.61879793e-06
4.45000000e+00 7.62417103e-06
4.50000000e+00 7.63239397e-06
4.55000000e+00 7.64600330e-06
4.60000000e+00 7.66677017e-06
4.65000000e+00 7.69592680e-06
4.70000000e+00 7.73446540e-06
4.75000000e+00 7.78321983e-06
4.80000000e+00 7.84256273e-06
4.85000000e+00 7.91177937e-06
4.90000000e+00 7.98837713e-06
4.95000000e+00 8.06769330e-06
5.00000000e+00 8.14306787e-06
5.05000000e+00 8.20668660e-06
5.10000000e+00 8.25093180e-06
5.15000000e+00 8.26986990e-06
5.20000000e+00 8.26043863e-06
5.25000000e+00 8.22300473e-06
5.30000000e+00 8.16121103e-06
5.35000000e+00 8.08123847e-06
5.40000000e+00 7.99073700e-06
5.45000000e+00 7.89764580e-06
5.50000000e+00 7.80908280e-06
5.55000000e+00 7.73042607e-06
5.60000000e+00 7.66472143e-06
5.65000000e+00 7.61251903e-06
5.70000000e+00 7.57217947e-06
5.75000000e+00 7.54058220e-06
5.80000000e+00 7.51405540e-06
5.85000000e+00 7.48928463e-06
5.90000000e+00 7.46398653e-06
5.95000000e+00 7.43722460e-06
6.00000000e+00 7.40936513e-06
6.05000000e+00 7.38176260e-06
6.10000000e+00 7.35630547e-06
6.15000000e+00 7.33494790e-06
6.20000000e+00 7.31930840e-06
6.25000000e+00 7.31036727e-06
6.30000000e+00 7.30825543e-06
6.35000000e+00 7.31213863e-06
6.40000000e+00 7.32019587e-06
6.45000000e+00 7.32972273e-06
6.50000000e+00 7.33736860e-06
6.55000000e+00 7.33952127e-06
6.60000000e+00 7.33281380e-06
6.65000000e+00 7.31470657e-06
6.70000000e+00 7.28403507e-06
6.75000000e+00 7.24135787e-06
6.80000000e+00 7.18893990e-06
6.85000000e+00 7.13029723e-06
6.90000000e+00 7.06942807e-06
6.95000000e+00 7.00997500e-06
7.00000000e+00 6.95462170e-06
7.05000000e+00 6.90485963e-06
7.10000000e+00 6.86112737e-06
7.15000000e+00 6.82314753e-06
7.20000000e+00 6.79029147e-06
7.25000000e+00 6.76183477e-06
7.30000000e+00 6.73707343e-06
7.35000000e+00 6.71531630e-06
7.40000000e+00 6.69580900e-06
7.45000000e+00 6.67765047e-06
7.50000000e+00 6.65976177e-06
7.55000000e+00 6.64095913e-06
7.60000000e+00 6.62012680e-06
7.65000000e+00 6.59644083e-06
7.70000000e+00 6.56955697e-06
7.75000000e+00 6.53970260e-06
7.80000000e+00 6.50766543e-06
7.85000000e+00 6.47471587e-06
7.90000000e+00 6.44249320e-06
7.95000000e+00 6.41285980e-06
8.00000000e+00 6.38771110e-06
8.05000000e+00 6.36875263e-06
8.10000000e+00 6.35728257e-06
8.15000000e+00 6.35402493e-06
8.20000000e+00 6.35903853e-06
8.25000000e+00 6.37171090e-06
8.30000000e+00 6.39084450e-06
8.35000000e+00 6.41484967e-06
8.40000000e+00 6.44203897e-06
8.45000000e+00 6.47096333e-06
8.50000000e+00 6.50067637e-06
8.55000000e+00 6.53080883e-06
8.60000000e+00 6.56141410e-06
8.65000000e+00 6.59266117e-06
8.70000000e+00 6.62452917e-06
8.75000000e+00 6.65664227e-06
8.80000000e+00 6.68829333e-06
8.85000000e+00 6.71860720e-06
8.90000000e+00 6.74675193e-06
8.95000000e+00 6.77211933e-06
9.00000000e+00 6.79442600e-06
9.05000000e+00 6.81370460e-06
9.10000000e+00 6.83015797e-06
9.15000000e+00 6.84388223e-06
9.20000000e+00 6.85452453e-06
9.25000000e+00 6.86100790e-06
9.30000000e+00 6.86147000e-06
9.35000000e+00 6.85350357e-06
9.40000000e+00 6.83466627e-06
9.45000000e+00 6.80310710e-06
9.50000000e+00 6.75809060e-06
9.55000000e+00 6.70024403e-06
9.60000000e+00 6.63147007e-06
9.65000000e+00 6.55460070e-06
9.70000000e+00 6.47294377e-06
9.75000000e+00 6.38985900e-06
9.80000000e+00 6.30844043e-06
9.85000000e+00 6.23131860e-06
9.90000000e+00 6.16056823e-06
9.95000000e+00 6.09770800e-06
1.00000000e+01 6.04377387e-06
1.00500000e+01 5.99944020e-06
1.01000000e+01 5.96514090e-06
1.01500000e+01 5.94114673e-06
1.02000000e+01 5.92758370e-06
1.02500000e+01 5.92441367e-06
1.03000000e+01 5.93141920e-06
1.03500000e+01 5.94821143e-06
1.04000000e+01 5.97425047e-06
1.04500000e+01 6.00884177e-06
1.05000000e+01 6.05108990e-06
1.05500000e+01 6.09981923e-06
1.06000000e+01 6.15350290e-06
1.06500000e+01 6.21024743e-06
1.07000000e+01 6.26785793e-06
1.07500000e+01 6.32399070e-06
1.08000000e+01 6.37636793e-06
1.08500000e+01 6.42301247e-06
1.09000000e+01 6.46243720e-06
1.09500000e+01 6.49373020e-06
1.10000000e+01 6.51650733e-06
1.10500000e+01 6.53078770e-06
1.11000000e+01 6.53688440e-06
1.11500000e+01 6.53542157e-06
1.12000000e+01 6.52748173e-06
1.12500000e+01 6.51477753e-06
1.13000000e+01 6.49967507e-06
1.13500000e+01 6.48495280e-06
1.14000000e+01 6.47333623e-06
1.14500000e+01 6.46697800e-06
1.15000000e+01 6.46709373e-06
1.15500000e+01 6.47387360e-06
1.16000000e+01 6.48664947e-06
1.16500000e+01 6.50419587e-06
1.17000000e+01 6.52501487e-06
1.17500000e+01 6.54751243e-06
1.18000000e+01 6.57004823e-06
1.18500000e+01 6.59092887e-06
1.19000000e+01 6.60842560e-06
1.19500000e+01 6.62088050e-06
1.20000000e+01 6.62690110e-06
1.20500000e+01 6.62558447e-06
1.21000000e+01 6.61667937e-06
1.21500000e+01 6.60060013e-06
1.22000000e+01 6.57830060e-06
1.22500000e+01 6.55106527e-06
1.23000000e+01 6.52032723e-06
1.23500000e+01 6.48757047e-06
1.24000000e+01 6.45432843e-06
1.24500000e+01 6.42222373e-06
1.25000000e+01 6.39298180e-06
1.25500000e+01 6.36836187e-06
1.26000000e+01 6.34999100e-06
1.26500000e+01 6.33912933e-06
1.27000000e+01 6.33643580e-06
1.27500000e+01 6.34183297e-06
1.28000000e+01 6.35454667e-06
1.28500000e+01 6.37331760e-06
1.29000000e+01 6.39670313e-06
1.29500000e+01 6.42331800e-06
1.30000000e+01 6.45192360e-06
1.30500000e+01 6.48132987e-06
1.31000000e+01 6.51020653e-06
1.31500000e+01 6.53692687e-06
1.32000000e+01 6.55952647e-06
1.32500000e+01 6.57581247e-06
1.33000000e+01 6.58358807e-06
1.33500000e+01 6.58094470e-06
1.34000000e+01 6.56654213e-06
1.34500000e+01 6.53981943e-06
1.35000000e+01 6.50108910e-06
1.35500000e+01 6.45151300e-06
1.36000000e+01 6.39296883e-06
1.36500000e+01 6.32787593e-06
1.37000000e+01 6.25901990e-06
1.37500000e+01 6.18938613e-06
1.38000000e+01 6.12199157e-06
1.38500000e+01 6.05968433e-06
1.39000000e+01 6.00492040e-06
1.39500000e+01 5.95954020e-06
1.40000000e+01 5.92460373e-06
1.40500000e+01 5.90033237e-06
1.41000000e+01 5.88616373e-06
1.41500000e+01 5.88088650e-06
1.42000000e+01 5.88282300e-06
1.42500000e+01 5.89001330e-06
1.43000000e+01 5.90037100e-06
1.43500000e+01 5.91180103e-06
1.44000000e+01 5.92231093e-06
1.44500000e+01 5.93014500e-06
1.45000000e+01 5.93392937e-06
1.45500000e+01 5.93279283e-06
1.46000000e+01 5.92640567e-06
1.46500000e+01 5.91490777e-06
1.47000000e+01 5.89875903e-06
1.47500000e+01 5.87858283e-06
1.48000000e+01 5.85508187e-06
1.48500000e+01 5.82904210e-06
1.49000000e+01 5.80138587e-06
1.49500000e+01 5.77320517e-06
1.50000000e+01 5.74571947e-06
1.50500000e+01 5.72014880e-06
1.51000000e+01 5.69755017e-06
1.51500000e+01 5.67870323e-06
1.52000000e+01 5.66406277e-06
1.52500000e+01 5.65377103e-06
1.53000000e+01 5.64768353e-06
1.53500000e+01 5.64541290e-06
1.54000000e+01 5.64640730e-06
1.54500000e+01 5.65008320e-06
1.55000000e+01 5.65595747e-06
1.55500000e+01 5.66369853e-06
1.56000000e+01 5.67306287e-06
1.56500000e+01 5.68375633e-06
1.57000000e+01 5.69531027e-06
1.57500000e+01 5.70703283e-06
1.58000000e+01 5.71803367e-06
1.58500000e+01 5.72728910e-06
1.59000000e+01 5.73372480e-06
1.59500000e+01 5.73630743e-06
1.60000000e+01 5.73414330e-06
1.60500000e+01 5.72656447e-06
1.61000000e+01 5.71317367e-06
1.61500000e+01 5.69384003e-06
1.62000000e+01 5.66866390e-06
1.62500000e+01 5.63791440e-06
1.63000000e+01 5.60197350e-06
1.63500000e+01 5.56128750e-06
1.64000000e+01 5.51633400e-06
1.64500000e+01 5.46760220e-06
1.65000000e+01 5.41557413e-06
1.65500000e+01 5.36069277e-06
1.66000000e+01 5.30328910e-06
1.66500000e+01 5.24347360e-06
1.67000000e+01 5.18100080e-06
1.67500000e+01 5.11518250e-06
1.68000000e+01 5.04493560e-06
1.68500000e+01 4.96899350e-06
1.69000000e+01 4.88623637e-06
1.69500000e+01 4.79601467e-06
1.70000000e+01 4.69833080e-06
1.70500000e+01 4.59382883e-06
1.71000000e+01 4.48359813e-06
1.71500000e+01 4.36890160e-06
1.72000000e+01 4.25091897e-06
1.72500000e+01 4.13056280e-06
1.73000000e+01 4.00835917e-06
1.73500000e+01 3.88436383e-06
1.74000000e+01 3.75811900e-06
1.74500000e+01 3.62866697e-06
1.75000000e+01 3.49468910e-06
1.75500000e+01 3.35478630e-06
1.76000000e+01 3.20790087e-06
1.76500000e+01 3.05376027e-06
1.77000000e+01 2.89320623e-06
1.77500000e+01 2.72825233e-06
1.78000000e+01 2.56182087e-06
1.78500000e+01 2.39724187e-06
1.79000000e+01 2.23769800e-06
1.79500000e+01 2.08579550e-06
1.80000000e+01 1.94334627e-06
1.80500000e+01 1.81135567e-06
1.81000000e+01 1.69014203e-06
1.81500000e+01 1.57951120e-06
1.82000000e+01 1.47893147e-06
1.82500000e+01 1.38767900e-06
1.83000000e+01 1.30494267e-06
1.83500000e+01 1.22989890e-06
1.84000000e+01 1.16175393e-06
1.84500000e+01 1.09976870e-06
1.85000000e+01 1.04327076e-06
1.85500000e+01 9.91656683e-07
1.86000000e+01 9.44390370e-07
1.86500000e+01 9.00998040e-07
1.87000000e+01 8.61063247e-07
1.87500000e+01 8.24219580e-07
1.88000000e+01 7.90145773e-07
1.88500000e+01 7.58559510e-07
1.89000000e+01 7.29212657e-07
1.89500000e+01 7.01886703e-07
1.90000000e+01 6.76389207e-07
1.90500000e+01 6.52549703e-07
1.91000000e+01 6.30217633e-07
1.91500000e+01 6.09259190e-07
1.92000000e+01 5.89555260e-07
1.92500000e+01 5.70999640e-07
1.93000000e+01 5.53497427e-07
1.93500000e+01 5.36963580e-07
1.94000000e+01 5.21321653e-07
1.94500000e+01 5.06503030e-07
1.95000000e+01 4.92445547e-07
1.95500000e+01 4.79093193e-07
1.96000000e+01 4.66395117e-07
1.96500000e+01 4.54305173e-07
1.97000000e+01 4.42781407e-07
1.97500000e+01 4.31785570e-07
1.98000000e+01 4.21282643e-07
1.98500000e+01 4.11240750e-07
1.99000000e+01 4.01630610e-07
1.99500000e+01 3.92425290e-07
2.00000000e+01 3.83600063e-07
2.00500000e+01 3.75132143e-07
2.01000000e+01 3.67000540e-07
2.01500000e+01 3.59185800e-07
2.02000000e+01 3.51670033e-07
2.02500000e+01 3.44436600e-07
2.03000000e+01 3.37470013e-07
2.03500000e+01 3.30755997e-07
2.04000000e+01 3.24281143e-07
2.04500000e+01 3.18033073e-07
2.05000000e+01 3.12000240e-07
2.05500000e+01 3.06171773e-07
2.06000000e+01 3.00537647e-07
2.06500000e+01 2.95088350e-07
2.07000000e+01 2.89815077e-07
2.07500000e+01 2.84709483e-07
2.08000000e+01 2.79763803e-07
2.08500000e+01 2.74970777e-07
2.09000000e+01 2.70323427e-07
2.09500000e+01 2.65815400e-07
2.10000000e+01 2.61440513e-07
2.10500000e+01 2.57193087e-07
2.11000000e+01 2.53067643e-07
2.11500000e+01 2.49059087e-07
2.12000000e+01 2.45162610e-07
2.12500000e+01 2.41373577e-07
2.13000000e+01 2.37687727e-07
2.13500000e+01 2.34100903e-07
2.14000000e+01 2.30609277e-07
2.14500000e+01 2.27209107e-07
2.15000000e+01 2.23896933e-07
2.15500000e+01 2.20669387e-07
2.16000000e+01 2.17523350e-07
2.16500000e+01 2.14455807e-07
2.17000000e+01 2.11463900e-07
2.17500000e+01 2.08544930e-07
2.18000000e+01 2.05696260e-07
2.18500000e+01 2.02915437e-07
2.19000000e+01 2.00200107e-07
2.19500000e+01 1.97548020e-07
2.20000000e+01 1.94957050e-07
2.20500000e+01 1.92425103e-07
2.21000000e+01 1.89950257e-07
2.21500000e+01 1.87530600e-07
2.22000000e+01 1.85164350e-07
2.22500000e+01 1.82849807e-07
2.23000000e+01 1.80585300e-07
2.23500000e+01 1.78369290e-07
2.24000000e+01 1.76200220e-07
2.24500000e+01 1.74076680e-07
2.25000000e+01 1.71997250e-07
2.25500000e+01 1.69960623e-07
2.26000000e+01 1.67965470e-07
2.26500000e+01 1.66010610e-07
2.27000000e+01 1.64094863e-07
2.27500000e+01 1.62217053e-07
2.28000000e+01 1.60376130e-07
2.28500000e+01 1.58570993e-07
2.29000000e+01 1.56800683e-07
2.29500000e+01 1.55064163e-07
2.30000000e+01 1.53360547e-07
2.30500000e+01 1.51688923e-07
2.31000000e+01 1.50048400e-07
2.31500000e+01 1.48438157e-07
2.32000000e+01 1.46857360e-07
2.32500000e+01 1.45305260e-07
2.33000000e+01 1.43781053e-07
2.33500000e+01 1.42284070e-07
2.34000000e+01 1.40813567e-07
2.34500000e+01 1.39368870e-07
2.35000000e+01 1.37949347e-07
2.35500000e+01 1.36554327e-07
2.36000000e+01 1.35183227e-07
2.36500000e+01 1.33835433e-07
2.37000000e+01 1.32510380e-07
2.37500000e+01 1.31207513e-07
2.38000000e+01 1.29926290e-07
2.38500000e+01 1.28666210e-07
2.39000000e+01 1.27426743e-07
2.39500000e+01 1.26207427e-07
2.40000000e+01 1.25007753e-07
2.40500000e+01 1.23827293e-07
2.41000000e+01 1.22665590e-07
2.41500000e+01 1.21522220e-07
2.42000000e+01 1.20396773e-07
2.42500000e+01 1.19288823e-07
2.43000000e+01 1.18197997e-07
2.43500000e+01 1.17123890e-07
2.44000000e+01 1.16066163e-07
2.44500000e+01 1.15024420e-07
2.45000000e+01 1.13998340e-07
2.45500000e+01 1.12987587e-07
2.46000000e+01 1.11991810e-07
2.46500000e+01 1.11010710e-07
2.47000000e+01 1.10043950e-07
2.47500000e+01 1.09091257e-07
2.48000000e+01 1.08152310e-07
2.48500000e+01 1.07226847e-07
2.49000000e+01 1.06314570e-07
2.49500000e+01 1.05415220e-07
2.50000000e+01 1.04528540e-07
2.50500000e+01 1.03654253e-07
2.51000000e+01 1.02792133e-07
2.51500000e+01 1.01941922e-07
2.52000000e+01 1.01103383e-07
2.52500000e+01 1.00276290e-07
2.53000000e+01 9.94604213e-08
2.53500000e+01 9.86555637e-08
2.54000000e+01 9.78614867e-08
2.54500000e+01 9.70780017e-08
2.55000000e+01 9.63048887e-08
2.55500000e+01 9.55419617e-08
2.56000000e+01 9.47890257e-08
2.56500000e+01 9.40458930e-08
2.57000000e+01 9.33123893e-08
2.57500000e+01 9.25883210e-08
2.58000000e+01 9.18735290e-08
2.58500000e+01 9.11678267e-08
2.59000000e+01 9.04710667e-08
2.59500000e+01 8.97830647e-08
2.60000000e+01 8.91036820e-08
2.60500000e+01 8.84327663e-08
2.61000000e+01 8.77701517e-08
2.61500000e+01 8.71157057e-08
2.62000000e+01 8.64692700e-08
2.62500000e+01 8.58307197e-08
2.63000000e+01 8.51998983e-08
2.63500000e+01 8.45766900e-08
2.64000000e+01 8.39609617e-08
2.64500000e+01 8.33525763e-08
2.65000000e+01 8.27514193e-08
2.65500000e+01 8.21573557e-08
2.66000000e+01 8.15702800e-08
2.66500000e+01 8.09900570e-08
2.67000000e+01 8.04165950e-08
2.67500000e+01 7.98497643e-08
2.68000000e+01 7.92894623e-08
2.68500000e+01 7.87355867e-08
2.69000000e+01 7.81880217e-08
2.69500000e+01 7.76466757e-08
2.70000000e+01 7.71114380e-08
2.70500000e+01 7.65822167e-08
2.71000000e+01 7.60589140e-08
2.71500000e+01 7.55414357e-08
2.72000000e+01 7.50296960e-08
2.72500000e+01 7.45235930e-08
2.73000000e+01 7.40230497e-08
2.73500000e+01 7.35279673e-08
2.74000000e+01 7.30382697e-08
2.74500000e+01 7.25538710e-08
2.75000000e+01 7.20746900e-08
2.75500000e+01 7.16006523e-08
2.76000000e+01 7.11316703e-08
2.76500000e+01 7.06676763e-08
2.77000000e+01 7.02085850e-08
2.77500000e+01 6.97543343e-08
2.78000000e+01 6.93048370e-08
2.78500000e+01 6.88600360e-08
2.79000000e+01 6.84198617e-08
2.79500000e+01 6.79842373e-08
2.80000000e+01 6.75531050e-08
2.80500000e+01 6.71263893e-08
2.81000000e+01 6.67040370e-08
2.81500000e+01 6.62859717e-08
2.82000000e+01 6.58721473e-08
2.82500000e+01 6.54624907e-08
2.83000000e+01 6.50569470e-08
2.83500000e+01 6.46554627e-08
2.84000000e+01 6.42579703e-08
2.84500000e+01 6.38644233e-08
2.85000000e+01 6.34747583e-08
2.85500000e+01 6.30889257e-08
2.86000000e+01 6.27068703e-08
2.86500000e+01 6.23285407e-08
2.87000000e+01 6.19538907e-08
2.87500000e+01 6.15828603e-08
2.88000000e+01 6.12154090e-08
2.88500000e+01 6.08514793e-08
2.89000000e+01 6.04910290e-08
2.89500000e+01 6.01340100e-08
2.90000000e+01 5.97803763e-08
2.90500000e+01 5.94300867e-08
2.91000000e+01 5.90830887e-08
2.91500000e+01 5.87393470e-08
2.92000000e+01 5.83988100e-08
2.92500000e+01 5.80614440e-08
2.93000000e+01 5.77271963e-08
2.93500000e+01 5.73960367e-08
2.94000000e+01 5.70679250e-08
2.94500000e+01 5.67428147e-08
2.95000000e+01 5.64206743e-08
2.95500000e+01 5.61014587e-08
2.96000000e+01 5.57851373e-08
2.96500000e+01 5.54716640e-08
2.97000000e+01 5.51610113e-08
2.97500000e+01 5.48531437e-08
2.98000000e+01 5.45480203e-08
2.98500000e+01 5.42456123e-08
2.99000000e+01 5.39458800e-08
2.99500000e+01 5.36487967e-08
3.00000000e+01 5.33543200e-08
3.00500000e+01 5.30624297e-08
3.01000000e+01 5.27730847e-08
3.01500000e+01 5.24862573e-08
3.02000000e+01 5.22019193e-08
3.02500000e+01 5.19200347e-08
3.03000000e+01 5.16405793e-08
3.03500000e+01 5.13635190e-08
3.04000000e+01 5.10888270e-08
3.04500000e+01 5.08164750e-08
3.05000000e+01 5.05464347e-08
3.05500000e+01 5.02786823e-08
3.06000000e+01 5.00131837e-08
3.06500000e+01 4.97499197e-08
3.07000000e+01 4.94888563e-08
3.07500000e+01 4.92299730e-08
3.08000000e+01 4.89732423e-08
3.08500000e+01 4.87186400e-08
3.09000000e+01 4.84661433e-08
3.09500000e+01 4.82157230e-08
3.10000000e+01 4.79673613e-08
3.10500000e+01 4.77210273e-08
3.11000000e+01 4.74767047e-08
3.11500000e+01 4.72343630e-08
3.12000000e+01 4.69939860e-08
3.12500000e+01 4.67555523e-08
3.13000000e+01 4.65190347e-08
3.13500000e+01 5.17643600e-08
3.14000000e+01 5.68837360e-08
3.14500000e+01 5.65938583e-08
3.15000000e+01 6.15638253e-08
3.15500000e+01 6.64144103e-08
3.16000000e+01 6.60753490e-08
3.16500000e+01 7.07847353e-08
3.17000000e+01 7.53809460e-08
3.17500000e+01 7.98665850e-08
3.18000000e+01 7.94593640e-08
3.18500000e+01 8.38148217e-08
3.19000000e+01 9.32606787e-08
3.19500000e+01 9.27860323e-08
3.20000000e+01 9.68821647e-08
3.20500000e+01 1.00879051e-07
3.21000000e+01 1.00368342e-07
3.21500000e+01 1.04249340e-07
3.22000000e+01 1.08036230e-07
3.22500000e+01 1.07492487e-07
3.23000000e+01 1.11169830e-07
3.23500000e+01 1.14757927e-07
3.24000000e+01 1.14183977e-07
3.24500000e+01 1.22598163e-07
3.25000000e+01 1.21987353e-07
3.25500000e+01 1.25341777e-07
3.26000000e+01 1.28614203e-07
3.26500000e+01 1.27977760e-07
3.27000000e+01 1.31155677e-07
3.27500000e+01 1.34255797e-07
3.28000000e+01 1.33596063e-07
3.28500000e+01 1.36606797e-07
3.29000000e+01 1.39543680e-07
3.29500000e+01 1.38862823e-07
3.30000000e+01 1.46397510e-07
3.30500000e+01 1.45686520e-07
3.31000000e+01 1.48429067e-07
3.31500000e+01 1.51103720e-07
3.32000000e+01 1.50375180e-07
3.32500000e+01 1.52972660e-07
3.33000000e+01 1.52238677e-07
3.33500000e+01 1.54761317e-07
3.34000000e+01 1.57221313e-07
3.34500000e+01 1.56472397e-07
3.35000000e+01 1.58861540e-07
3.35500000e+01 1.58108457e-07
3.36000000e+01 1.64861583e-07
3.36500000e+01 1.67098270e-07
3.37000000e+01 1.66311963e-07
3.37500000e+01 1.68483963e-07
3.38000000e+01 1.67694937e-07
3.38500000e+01 1.69804193e-07
3.39000000e+01 1.69012797e-07
3.39500000e+01 1.71061120e-07
3.40000000e+01 1.73057610e-07
3.40500000e+01 1.72256873e-07
3.41000000e+01 1.74195643e-07
3.41500000e+01 1.73393433e-07
3.42000000e+01 1.79480833e-07
3.42500000e+01 1.78658417e-07
3.43000000e+01 1.80463183e-07
3.43500000e+01 1.79640143e-07
3.44000000e+01 1.81392443e-07
3.44500000e+01 1.83099537e-07
3.45000000e+01 1.82270423e-07
3.45500000e+01 1.83927810e-07
3.46000000e+01 1.83098777e-07
3.46500000e+01 1.84707897e-07
3.47000000e+01 1.83879180e-07
3.47500000e+01 1.85441420e-07
3.48000000e+01 1.84613230e-07
3.48500000e+01 1.90108913e-07
3.49000000e+01 1.89264120e-07
3.49500000e+01 1.90714937e-07
3.50000000e+01 1.92127317e-07
3.50500000e+01 1.91279467e-07
3.51000000e+01 1.92650187e-07
3.51500000e+01 1.91803847e-07
3.52000000e+01 1.93134107e-07
3.52500000e+01 1.92289433e-07
3.53000000e+01 1.93580350e-07
3.53500000e+01 1.92737490e-07
3.54000000e+01 1.93990183e-07
3.54500000e+01 1.93149303e-07
3.55000000e+01 1.98139287e-07
3.55500000e+01 1.97284603e-07
3.56000000e+01 1.98444277e-07
3.56500000e+01 1.97592047e-07
3.57000000e+01 1.98716923e-07
3.57500000e+01 1.97867237e-07
3.58000000e+01 1.98958270e-07
3.58500000e+01 1.98111217e-07
3.59000000e+01 1.99169370e-07
3.59500000e+01 1.98325070e-07
3.60000000e+01 1.99351213e-07
3.60500000e+01 1.98509763e-07
3.61000000e+01 1.99504787e-07
3.61500000e+01 1.98666297e-07
3.62000000e+01 2.03205113e-07
3.62500000e+01 2.02355123e-07
3.63000000e+01 2.03272497e-07
3.63500000e+01 2.02425820e-07
3.64000000e+01 2.03314847e-07
3.64500000e+01 2.02471563e-07
3.65000000e+01 2.03332983e-07
3.65500000e+01 2.02493107e-07
3.66000000e+01 2.03327753e-07
3.66500000e+01 2.02491383e-07
3.67000000e+01 2.03299890e-07
3.67500000e+01 2.02467057e-07
3.68000000e+01 2.03250153e-07
3.68500000e+01 2.02420967e-07
3.69000000e+01 2.06572067e-07
3.69500000e+01 2.05733217e-07
3.70000000e+01 2.06451183e-07
3.70500000e+01 2.05616257e-07
3.71000000e+01 2.06311060e-07
3.71500000e+01 2.05480040e-07
3.72000000e+01 2.06152307e-07
3.72500000e+01 2.05325227e-07
3.73000000e+01 2.05975607e-07
3.73500000e+01 2.05152540e-07
3.74000000e+01 2.05781543e-07
3.74500000e+01 2.04962490e-07
3.75000000e+01 2.05570720e-07
3.75500000e+01 2.04755753e-07
3.76000000e+01 2.03945497e-07
3.76500000e+01 2.07748667e-07
3.77000000e+01 2.06930283e-07
3.77500000e+01 2.07483133e-07
3.78000000e+01 2.06668963e-07
3.78500000e+01 2.07202903e-07
3.79000000e+01 2.06392963e-07
3.79500000e+01 2.06908523e-07
3.80000000e+01 2.06102873e-07
3.80500000e+01 2.06600533e-07
3.81000000e+01 2.05799123e-07
3.81500000e+01 2.06279343e-07
3.82000000e+01 2.05482243e-07
3.82500000e+01 2.04689620e-07
3.83000000e+01 2.05152707e-07
3.83500000e+01 2.04364310e-07
3.84000000e+01 2.07866533e-07
3.84500000e+01 2.07071273e-07
3.85000000e+01 2.07488203e-07
3.85500000e+01 2.06697313e-07
3.86000000e+01 2.07098780e-07
3.86500000e+01 2.06312310e-07
3.87000000e+01 2.06698787e-07
3.87500000e+01 2.05916740e-07
3.88000000e+01 2.05138970e-07
3.88500000e+01 2.05510903e-07
3.89000000e+01 2.04737550e-07
3.89500000e+01 2.05095273e-07
3.90000000e+01 2.04326270e-07
3.90500000e+01 2.04670153e-07
3.91000000e+01 2.03905510e-07
3.91500000e+01 2.04235940e-07
3.92000000e+01 2.06375433e-07
3.92500000e+01 2.05608993e-07
3.93000000e+01 2.05914090e-07
3.93500000e+01 2.05152117e-07
3.94000000e+01 2.05444647e-07
3.94500000e+01 2.04687117e-07
3.95000000e+01 2.04967350e-07
3.95500000e+01 2.04214260e-07
3.96000000e+01 2.03465173e-07
3.96500000e+01 2.03733907e-07
3.97000000e+01 2.02989200e-07
3.97500000e+01 2.03246310e-07
3.98000000e+01 2.02505990e-07
3.98500000e+01 2.02751800e-07
3.99000000e+01 2.02015873e-07
3.99500000e+01 2.01283787e-07
4.00000000e+01 2.01519070e-07
4.00500000e+01 2.03540130e-07
4.01000000e+01 2.03753323e-07
4.01500000e+01 2.03020523e-07
4.02000000e+01 2.03223417e-07
4.02500000e+01 2.02495020e-07
4.03000000e+01 2.01770427e-07
4.03500000e+01 2.01963920e-07
4.04000000e+01 2.01243660e-07
4.04500000e+01 2.01427413e-07
4.05000000e+01 2.00711493e-07
4.05500000e+01 2.00885763e-07
4.06000000e+01 2.00174197e-07
4.06500000e+01 1.99466247e-07
4.07000000e+01 1.99631930e-07
4.07500000e+01 1.98928290e-07
4.08000000e+01 1.99084977e-07
4.08500000e+01 1.98385597e-07
4.09000000e+01 2.00301687e-07
4.09500000e+01 2.00439937e-07
4.10000000e+01 1.99739680e-07
4.10500000e+01 1.99869527e-07
4.11000000e+01 1.99173547e-07
4.11500000e+01 1.98481047e-07
4.12000000e+01 1.98603510e-07
4.12500000e+01 1.97915267e-07
4.13000000e+01 1.98029783e-07
4.13500000e+01 1.97345753e-07
4.14000000e+01 1.96665137e-07
4.14500000e+01 1.96772713e-07
4.15000000e+01 1.96096263e-07
4.15500000e+01 1.96196280e-07
4.16000000e+01 1.95523980e-07
4.16500000e+01 1.95616660e-07
4.17000000e+01 1.94948527e-07
4.17500000e+01 1.96771133e-07
4.18000000e+01 1.96847950e-07
4.18500000e+01 1.96179167e-07
4.19000000e+01 1.96249160e-07
4.19500000e+01 1.95584523e-07
4.20000000e+01 1.94923143e-07
4.20500000e+01 1.94987330e-07
4.21000000e+01 1.94330027e-07
4.21500000e+01 1.93675943e-07
4.22000000e+01 1.93734540e-07
4.22500000e+01 1.93084490e-07
4.23000000e+01 1.93136760e-07
4.23500000e+01 1.92490737e-07
4.24000000e+01 1.91847823e-07
4.24500000e+01 1.91894860e-07
4.25000000e+01 1.91255917e-07
4.25500000e+01 1.91296950e-07
4.26000000e+01 1.90661990e-07
4.26500000e+01 1.90030037e-07
4.27000000e+01 1.92423793e-07
4.27500000e+01 1.91788347e-07
4.28000000e+01 1.91810150e-07
4.28500000e+01 1.91178700e-07
4.29000000e+01 1.90550207e-07
4.29500000e+01 1.90567543e-07
4.30000000e+01 1.89942957e-07
4.30500000e+01 1.89955020e-07
4.31000000e+01 1.89334340e-07
4.31500000e+01 1.88716560e-07
4.32000000e+01 1.88724430e-07
4.32500000e+01 1.88110480e-07
4.33000000e+01 1.87499423e-07
4.33500000e+01 1.87503240e-07
4.34000000e+01 1.86895960e-07
4.34500000e+01 1.86894887e-07
4.35000000e+01 1.86291377e-07
4.35500000e+01 1.85690683e-07
4.36000000e+01 1.85685837e-07
4.36500000e+01 1.87329880e-07
4.37000000e+01 1.86728820e-07
4.37500000e+01 1.86712417e-07
4.38000000e+01 1.86115093e-07
4.38500000e+01 1.86094257e-07
4.39000000e+01 1.85500657e-07
4.39500000e+01 1.84909770e-07
4.40000000e+01 1.84885637e-07
4.40500000e+01 1.84298433e-07
4.41000000e+01 1.83713900e-07
4.41500000e+01 1.83686547e-07
4.42000000e+01 1.83105650e-07
4.42500000e+01 1.83074237e-07
4.43000000e+01 1.82496940e-07
4.43500000e+01 1.81922247e-07
4.44000000e+01 1.81887843e-07
4.44500000e+01 1.81316737e-07
4.45000000e+01 1.80748180e-07
4.45500000e+01 1.80710880e-07
4.46000000e+01 1.80145840e-07
4.46500000e+01 1.82232240e-07
4.47000000e+01 1.81664417e-07
4.47500000e+01 1.81099123e-07
4.48000000e+01 1.81048210e-07
4.48500000e+01 1.80486397e-07
4.49000000e+01 1.79927103e-07
4.49500000e+01 1.79873710e-07
4.50000000e+01 1.79317870e-07
4.50500000e+01 1.78764493e-07
4.51000000e+01 1.78708680e-07
4.51500000e+01 1.78158740e-07
4.52000000e+01 1.78099647e-07
4.52500000e+01 1.77553080e-07
4.53000000e+01 1.77008920e-07
4.53500000e+01 1.76947587e-07
4.54000000e+01 1.76406800e-07
4.54500000e+01 1.75868363e-07
4.55000000e+01 1.75804883e-07
4.55500000e+01 1.75269760e-07
4.56000000e+01 1.74736987e-07
4.56500000e+01 1.76696397e-07
4.57000000e+01 1.76161053e-07
4.57500000e+01 1.75628023e-07
4.58000000e+01 1.75553860e-07
4.58500000e+01 1.75024133e-07
4.59000000e+01 1.74496683e-07
4.59500000e+01 1.74420690e-07
4.60000000e+01 1.73896473e-07
4.60500000e+01 1.73817747e-07
4.61000000e+01 1.73296773e-07
4.61500000e+01 1.72778020e-07
4.62000000e+01 1.72697583e-07
4.62500000e+01 1.72182010e-07
4.63000000e+01 1.71668650e-07
4.63500000e+01 1.71586603e-07
4.64000000e+01 1.71076373e-07
4.64500000e+01 1.70568300e-07
4.65000000e+01 1.70484683e-07
4.65500000e+01 1.69979737e-07
4.66000000e+01 1.69476923e-07
4.66500000e+01 1.69391803e-07
4.67000000e+01 1.68892047e-07
4.67500000e+01 1.70314890e-07
4.68000000e+01 1.70222237e-07
4.68500000e+01 1.69722267e-07
4.69000000e+01 1.69224397e-07
4.69500000e+01 1.69130433e-07
4.70000000e+01 1.68635607e-07
4.70500000e+01 1.68142840e-07
4.71000000e+01 1.68047620e-07
4.71500000e+01 1.67557853e-07
4.72000000e+01 1.67460493e-07
4.72500000e+01 1.66973710e-07
4.73000000e+01 1.66488950e-07
4.73500000e+01 1.66390440e-07
4.74000000e+01 1.65908613e-07
4.74500000e+01 1.65428783e-07
4.75000000e+01 1.65329193e-07
4.75500000e+01 1.64852270e-07
4.76000000e+01 1.64377287e-07
4.76500000e+01 1.64276650e-07
4.77000000e+01 1.63804567e-07
4.77500000e+01 1.63334407e-07
4.78000000e+01 1.63232763e-07
4.78500000e+01 1.64590170e-07
4.79000000e+01 1.64119803e-07
4.79500000e+01 1.64011653e-07
4.80000000e+01 1.63544117e-07
4.80500000e+01 1.63078477e-07
4.81000000e+01 1.62969480e-07
4.81500000e+01 1.62506653e-07
4.82000000e+01 1.62045703e-07
4.82500000e+01 1.61935903e-07
4.83000000e+01 1.61477720e-07
4.83500000e+01 1.61021373e-07
4.84000000e+01 1.60910843e-07
4.84500000e+01 1.60457243e-07
4.85000000e+01 1.60005460e-07
4.85500000e+01 1.59894183e-07
4.86000000e+01 1.59445133e-07
4.86500000e+01 1.58997853e-07
4.87000000e+01 1.58552377e-07
4.87500000e+01 1.58441300e-07
4.88000000e+01 1.57998470e-07
4.88500000e+01 1.57557423e-07
4.89000000e+01 1.57445697e-07
4.89500000e+01 1.57007253e-07
4.90000000e+01 1.58303910e-07
4.90500000e+01 1.58186457e-07
4.91000000e+01 1.57747790e-07
4.91500000e+01 1.57310847e-07
4.92000000e+01 1.57192857e-07
4.92500000e+01 1.56758523e-07
4.93000000e+01 1.56325893e-07
4.93500000e+01 1.56207417e-07
4.94000000e+01 1.55777360e-07
4.94500000e+01 1.55348973e-07
4.95000000e+01 1.55230033e-07
4.95500000e+01 1.54804207e-07
4.96000000e+01 1.54380037e-07
4.96500000e+01 1.54260663e-07
4.97000000e+01 1.53838983e-07
4.97500000e+01 1.53418967e-07
4.98000000e+01 1.53299193e-07
4.98500000e+01 1.52881643e-07
4.99000000e+01 1.52465720e-07
4.99500000e+01 1.52345557e-07
5.00000000e+01 1.51932083e-07
5.00500000e+01 1.51520207e-07
5.01000000e+01 1.51109910e-07
5.01500000e+01 1.50990240e-07
5.02000000e+01 1.52227580e-07
5.02500000e+01 1.51817033e-07
5.03000000e+01 1.51692377e-07
5.03500000e+01 1.51284223e-07
5.04000000e+01 1.50877627e-07
5.04500000e+01 1.50752737e-07
5.05000000e+01 1.50348530e-07
5.05500000e+01 1.49945870e-07
5.06000000e+01 1.49820727e-07
5.06500000e+01 1.49420420e-07
5.07000000e+01 1.49021643e-07
5.07500000e+01 1.48896317e-07
5.08000000e+01 1.48499853e-07
5.08500000e+01 1.48104883e-07
5.09000000e+01 1.47711420e-07
5.09500000e+01 1.47586717e-07
5.10000000e+01 1.47195543e-07
5.10500000e+01 1.46805833e-07
5.11000000e+01 1.46680967e-07
5.11500000e+01 1.46293533e-07
5.12000000e+01 1.45907550e-07
5.12500000e+01 1.45782533e-07
5.13000000e+01 1.45398770e-07
5.13500000e+01 1.45016447e-07
5.14000000e+01 1.44635570e-07
5.14500000e+01 1.44511217e-07
5.15000000e+01 1.45689593e-07
5.15500000e+01 1.45308407e-07
5.16000000e+01 1.45179697e-07
5.16500000e+01 1.44800717e-07
5.17000000e+01 1.44423147e-07
5.17500000e+01 1.44294377e-07
5.18000000e+01 1.43918973e-07
5.18500000e+01 1.43544967e-07
5.19000000e+01 1.43172337e-07
5.19500000e+01 1.43044327e-07
5.20000000e+01 1.42673827e-07
5.20500000e+01 1.42304687e-07
5.21000000e+01 1.42176670e-07
5.21500000e+01 1.41809657e-07
5.22000000e+01 1.41443980e-07
5.22500000e+01 1.41315953e-07
5.23000000e+01 1.40952383e-07
5.23500000e+01 1.40590127e-07
5.24000000e+01 1.40229193e-07
5.24500000e+01 1.40101927e-07
5.25000000e+01 1.39743047e-07
5.25500000e+01 1.39385493e-07
5.26000000e+01 1.39258263e-07
5.26500000e+01 1.38902723e-07
5.27000000e+01 1.38548467e-07
5.27500000e+01 1.38421290e-07
5.28000000e+01 1.39546030e-07
5.28500000e+01 1.39191467e-07
5.29000000e+01 1.38838173e-07
5.29500000e+01 1.38707873e-07
5.30000000e+01 1.38356597e-07
5.30500000e+01 1.38006580e-07
5.31000000e+01 1.37876390e-07
5.31500000e+01 1.37528340e-07
5.32000000e+01 1.37181543e-07
5.32500000e+01 1.36835997e-07
5.33000000e+01 1.36706657e-07
5.33500000e+01 1.36363050e-07
5.34000000e+01 1.36020660e-07
5.34500000e+01 1.35891453e-07
5.35000000e+01 1.35550990e-07
5.35500000e+01 1.35211753e-07
5.36000000e+01 1.34873703e-07
5.36500000e+01 1.34745327e-07
5.37000000e+01 1.34409187e-07
5.37500000e+01 1.34074233e-07
5.38000000e+01 1.33946000e-07
5.38500000e+01 1.33612917e-07
5.39000000e+01 1.33281007e-07
5.39500000e+01 1.32950277e-07
5.40000000e+01 1.32822890e-07
5.40500000e+01 1.32493997e-07
5.41000000e+01 1.32166250e-07
5.41500000e+01 1.33439683e-07
5.42000000e+01 1.33110450e-07
5.42500000e+01 1.32782367e-07
5.43000000e+01 1.32455423e-07
5.43500000e+01 1.32325487e-07
5.44000000e+01 1.32000380e-07
5.44500000e+01 1.31676393e-07
5.45000000e+01 1.31546670e-07
5.45500000e+01 1.31224477e-07
5.46000000e+01 1.30903413e-07
5.46500000e+01 1.30583457e-07
5.47000000e+01 1.30454630e-07
5.47500000e+01 1.30136437e-07
5.48000000e+01 1.29819343e-07
5.48500000e+01 1.29503360e-07
5.49000000e+01 1.29375423e-07
5.49500000e+01 1.29061170e-07
5.50000000e+01 1.28747993e-07
5.50500000e+01 1.28620280e-07
5.51000000e+01 1.28308843e-07
5.51500000e+01 1.27998460e-07
5.52000000e+01 1.27689150e-07
5.52500000e+01 1.27562310e-07
5.53000000e+01 1.27254697e-07
5.53500000e+01 1.26948127e-07
5.54000000e+01 1.26642613e-07
5.54500000e+01 1.26516657e-07
5.55000000e+01 1.26212797e-07
5.55500000e+01 1.25909987e-07
5.56000000e+01 1.27109247e-07
5.56500000e+01 1.26805030e-07
5.57000000e+01 1.26501840e-07
5.57500000e+01 1.26199683e-07
5.58000000e+01 1.26071597e-07
5.58500000e+01 1.25771087e-07
5.59000000e+01 1.25471587e-07
5.59500000e+01 1.25173090e-07
5.60000000e+01 1.25045920e-07
5.60500000e+01 1.24749057e-07
5.61000000e+01 1.24453183e-07
5.61500000e+01 1.24158300e-07
5.62000000e+01 1.24032017e-07
5.62500000e+01 1.23738750e-07
5.63000000e+01 1.23446450e-07
5.63500000e+01 1.23320463e-07
5.64000000e+01 1.23029743e-07
5.64500000e+01 1.22739993e-07
5.65000000e+01 1.22451213e-07
5.65500000e+01 1.22326130e-07
5.66000000e+01 1.22038900e-07
5.66500000e+01 1.21752620e-07
5.67000000e+01 1.21467303e-07
5.67500000e+01 1.21343103e-07
5.68000000e+01 1.21059310e-07
5.68500000e+01 1.20776460e-07
5.69000000e+01 1.20494540e-07
5.69500000e+01 1.20371230e-07
5.70000000e+01 1.20090823e-07
5.70500000e+01 1.21067740e-07
5.71000000e+01 1.20786367e-07
5.71500000e+01 1.20660923e-07
5.72000000e+01 1.20381047e-07
5.72500000e+01 1.20102097e-07
5.73000000e+01 1.19976977e-07
5.73500000e+01 1.19699503e-07
5.74000000e+01 1.19422957e-07
5.74500000e+01 1.19147303e-07
5.75000000e+01 1.19023093e-07
5.75500000e+01 1.18748897e-07
5.76000000e+01 1.18475610e-07
5.76500000e+01 1.18203213e-07
5.77000000e+01 1.18079897e-07
5.77500000e+01 1.17808933e-07
5.78000000e+01 1.17538860e-07
5.78500000e+01 1.17269660e-07
5.79000000e+01 1.17147237e-07
5.79500000e+01 1.16879450e-07
5.80000000e+01 1.16612537e-07
5.80500000e+01 1.16346483e-07
5.81000000e+01 1.16224947e-07
5.81500000e+01 1.15960300e-07
5.82000000e+01 1.15696503e-07
5.82500000e+01 1.15433553e-07
5.83000000e+01 1.15312883e-07
5.83500000e+01 1.15051317e-07
5.84000000e+01 1.14790587e-07
5.84500000e+01 1.14530700e-07
5.85000000e+01 1.14410887e-07
5.85500000e+01 1.14152370e-07
5.86000000e+01 1.15083187e-07
5.86500000e+01 1.14823713e-07
5.87000000e+01 1.14702020e-07
5.87500000e+01 1.14443903e-07
5.88000000e+01 1.14186623e-07
5.88500000e+01 1.13930147e-07
5.89000000e+01 1.13809347e-07
5.89500000e+01 1.13554213e-07
5.90000000e+01 1.13299890e-07
5.90500000e+01 1.13046367e-07
5.91000000e+01 1.12926447e-07
5.91500000e+01 1.12674240e-07
5.92000000e+01 1.12422827e-07
5.92500000e+01 1.12172220e-07
5.93000000e+01 1.12053173e-07
5.93500000e+01 1.11803857e-07
5.94000000e+01 1.11555323e-07
5.94500000e+01 1.11307577e-07
5.95000000e+01 1.11189383e-07
5.95500000e+01 1.10942920e-07
5.96000000e+01 1.10697223e-07
5.96500000e+01 1.10452297e-07
5.97000000e+01 1.10208147e-07
5.97500000e+01 1.10091300e-07
5.98000000e+01 1.09848403e-07
5.98500000e+01 1.09606250e-07
5.99000000e+01 1.09364857e-07
5.99500000e+01 1.09248863e-07
6.00000000e+01 1.09008710e-07
6.00500000e+01 1.08769307e-07
6.01000000e+01 1.08530643e-07
6.01500000e+01 1.08415477e-07
6.02000000e+01 1.08178037e-07
6.02500000e+01 1.09063387e-07
6.03000000e+01 1.08825043e-07
6.03500000e+01 1.08708193e-07
6.04000000e+01 1.08471067e-07
6.04500000e+01 1.08234677e-07
6.05000000e+01 1.07999003e-07
6.05500000e+01 1.07883000e-07
6.06000000e+01 1.07648527e-07
6.06500000e+01 1.07414790e-07
6.07000000e+01 1.07181757e-07
6.07500000e+01 1.06949447e-07
6.08000000e+01 1.06834747e-07
6.08500000e+01 1.06603613e-07
6.09000000e+01 1.06373187e-07
6.09500000e+01 1.06143457e-07
6.10000000e+01 1.06029590e-07
6.10500000e+01 1.05801027e-07
6.11000000e+01 1.05573160e-07
6.11500000e+01 1.05345990e-07
6.12000000e+01 1.05232956e-07
6.12500000e+01 1.05006923e-07
6.13000000e+01 1.04781574e-07
6.13500000e+01 1.04556924e-07
6.14000000e+01 1.04332947e-07
6.14500000e+01 1.04221157e-07
6.15000000e+01 1.03998300e-07
6.15500000e+01 1.03776126e-07
6.16000000e+01 1.03554624e-07
6.16500000e+01 1.03443643e-07
6.17000000e+01 1.03223238e-07
6.17500000e+01 1.03003507e-07
6.18000000e+01 1.02784437e-07
6.18500000e+01 1.02566022e-07
6.19000000e+01 1.03518080e-07
6.19500000e+01 1.03298572e-07
6.20000000e+01 1.03079719e-07
6.20500000e+01 1.02861528e-07
6.21000000e+01 1.02750260e-07
6.21500000e+01 1.02533161e-07
6.22000000e+01 1.02316700e-07
6.22500000e+01 1.02100893e-07
6.23000000e+01 1.01990424e-07
6.23500000e+01 1.01775678e-07
6.24000000e+01 1.01561575e-07
6.24500000e+01 1.01348106e-07
6.25000000e+01 1.01135280e-07
6.25500000e+01 1.01026035e-07
6.26000000e+01 1.00814258e-07
6.26500000e+01 1.00603110e-07
6.27000000e+01 1.00392595e-07
6.27500000e+01 1.00182691e-07
6.28000000e+01 1.00074619e-07
6.28500000e+01 9.98657643e-08
6.29000000e+01 9.96575093e-08
6.29500000e+01 9.94498667e-08
6.30000000e+01 9.93425780e-08
6.30500000e+01 9.91359610e-08
6.31000000e+01 9.89299637e-08
6.31500000e+01 9.87245520e-08
6.32000000e+01 9.85197570e-08
6.32500000e+01 9.84136230e-08
6.33000000e+01 9.82098253e-08
6.33500000e+01 9.80066250e-08
6.34000000e+01 9.78040117e-08
6.34500000e+01 9.76986280e-08
6.35000000e+01 9.74970197e-08
6.35500000e+01 9.72959907e-08
6.36000000e+01 9.70955470e-08
6.36500000e+01 9.68956897e-08
6.37000000e+01 9.77924513e-08
6.37500000e+01 9.75915787e-08
6.38000000e+01 9.73912713e-08
6.38500000e+01 9.71915490e-08
6.39000000e+01 9.69924027e-08
6.39500000e+01 9.68871993e-08
6.40000000e+01 9.66890167e-08
6.40500000e+01 9.64914177e-08
6.41000000e+01 9.62943793e-08
6.41500000e+01 9.61899037e-08
6.42000000e+01 9.59938343e-08
6.42500000e+01 9.57983157e-08
6.43000000e+01 9.56033700e-08
6.43500000e+01 9.54089760e-08
6.44000000e+01 9.53056120e-08
6.44500000e+01 9.51121693e-08
6.45000000e+01 9.49192710e-08
6.45500000e+01 9.47269300e-08
6.46000000e+01 9.45351337e-08
6.46500000e+01 9.44328667e-08
6.47000000e+01 9.42419913e-08
6.47500000e+01 9.40516677e-08
6.48000000e+01 9.38618783e-08
6.48500000e+01 9.36726313e-08
6.49000000e+01 9.35714597e-08
6.49500000e+01 9.33831233e-08
6.50000000e+01 9.31953260e-08
6.50500000e+01 9.30080530e-08
6.51000000e+01 9.28213130e-08
6.51500000e+01 9.27211960e-08
6.52000000e+01 9.25353537e-08
6.52500000e+01 9.23500273e-08
6.53000000e+01 9.21652300e-08
6.53500000e+01 9.19809733e-08
6.54000000e+01 9.18818897e-08
6.54500000e+01 9.16984940e-08
6.55000000e+01 9.15156087e-08
6.55500000e+01 9.22775160e-08
6.56000000e+01 9.20938407e-08
6.56500000e+01 9.19938767e-08
6.57000000e+01 9.18110627e-08
6.57500000e+01 9.16287660e-08
6.58000000e+01 9.14469863e-08
6.58500000e+01 9.12657130e-08
6.59000000e+01 9.11668023e-08
6.59500000e+01 9.09863800e-08
6.60000000e+01 9.08064637e-08
6.60500000e+01 9.06270583e-08
6.61000000e+01 9.04481493e-08
6.61500000e+01 9.03502487e-08
6.62000000e+01 9.01721767e-08
6.62500000e+01 8.99946030e-08
6.63000000e+01 8.98175323e-08
6.63500000e+01 8.96409450e-08
6.64000000e+01 8.95440600e-08
6.64500000e+01 8.93683000e-08
6.65000000e+01 8.91930290e-08
6.65500000e+01 8.90182423e-08
6.66000000e+01 8.88439453e-08
6.66500000e+01 8.87480467e-08
6.67000000e+01 8.85745597e-08
6.67500000e+01 8.84015603e-08
6.68000000e+01 8.82290303e-08
6.68500000e+01 8.80569820e-08
6.69000000e+01 8.79620500e-08
6.69500000e+01 8.77907980e-08
6.70000000e+01 8.76200253e-08
6.70500000e+01 8.74497080e-08
6.71000000e+01 8.72798613e-08
6.71500000e+01 8.71859063e-08
6.72000000e+01 8.70168493e-08
6.72500000e+01 8.68482613e-08
6.73000000e+01 8.66801327e-08
6.73500000e+01 8.65124603e-08
6.74000000e+01 8.63452487e-08
6.74500000e+01 8.71436577e-08
6.75000000e+01 8.69755443e-08
6.75500000e+01 8.68078813e-08
6.76000000e+01 8.66406777e-08
6.76500000e+01 8.64739370e-08
6.77000000e+01 8.63804373e-08
6.77500000e+01 8.62144603e-08
6.78000000e+01 8.60489300e-08
6.78500000e+01 8.58838507e-08
6.79000000e+01 8.57192180e-08
6.79500000e+01 8.56266570e-08
6.80000000e+01 8.54627793e-08
6.80500000e+01 8.52993470e-08
6.81000000e+01 8.51363580e-08
6.81500000e+01 8.49738083e-08
6.82000000e+01 8.48116990e-08
6.82500000e+01 8.47203680e-08
6.83000000e+01 8.45589893e-08
6.83500000e+01 8.43980627e-08
6.84000000e+01 8.42375557e-08
6.84500000e+01 8.40774827e-08
6.85000000e+01 8.39870510e-08
6.85500000e+01 8.38277030e-08
6.86000000e+01 8.36687903e-08
6.86500000e+01 8.35103057e-08
6.87000000e+01 8.33522417e-08
6.87500000e+01 8.31945930e-08
6.88000000e+01 8.31053503e-08
6.88500000e+01 8.29484277e-08
6.89000000e+01 8.27919113e-08
6.89500000e+01 8.26358243e-08
6.90000000e+01 8.24801463e-08
6.90500000e+01 8.23248820e-08
6.91000000e+01 8.22368007e-08
6.91500000e+01 8.20822423e-08
6.92000000e+01 8.19280913e-08
6.92500000e+01 8.17743510e-08
6.93000000e+01 8.16210180e-08
6.93500000e+01 8.15337957e-08
6.94000000e+01 8.13811523e-08
6.94500000e+01 8.12289063e-08
6.95000000e+01 8.19154913e-08
6.95500000e+01 8.17625173e-08
6.96000000e+01 8.16099553e-08
6.96500000e+01 8.15222730e-08
6.97000000e+01 8.13703950e-08
6.97500000e+01 8.12189243e-08
6.98000000e+01 8.10678403e-08
6.98500000e+01 8.09171560e-08
6.99000000e+01 8.07668607e-08
6.99500000e+01 8.06803010e-08
7.00000000e+01 8.05306973e-08
7.00500000e+01 8.03814783e-08
7.01000000e+01 8.02326383e-08
7.01500000e+01 8.00841993e-08
7.02000000e+01 7.99984677e-08
7.02500000e+01 7.98506857e-08
7.03000000e+01 7.97032917e-08
7.03500000e+01 7.95562763e-08
7.04000000e+01 7.94096467e-08
7.04500000e+01 7.92634070e-08
7.05000000e+01 7.91787630e-08
7.05500000e+01 7.90331627e-08
7.06000000e+01 7.88879427e-08
7.06500000e+01 7.87431020e-08
7.07000000e+01 7.85986367e-08
7.07500000e+01 7.84545433e-08
7.08000000e+01 7.83709677e-08
7.08500000e+01 7.82275067e-08
7.09000000e+01 7.80844253e-08
7.09500000e+01 7.79417107e-08
7.10000000e+01 7.77993637e-08
7.10500000e+01 7.76573907e-08
7.11000000e+01 7.75748547e-08
7.11500000e+01 7.74335070e-08
7.12000000e+01 7.72925127e-08
7.12500000e+01 7.71518840e-08
7.13000000e+01 7.70116107e-08
7.13500000e+01 7.68717150e-08
7.14000000e+01 7.67902053e-08
7.14500000e+01 7.66509180e-08
7.15000000e+01 7.65119767e-08
7.15500000e+01 7.63733947e-08
7.16000000e+01 7.70246340e-08
7.16500000e+01 7.68853583e-08
7.17000000e+01 7.67464420e-08
7.17500000e+01 7.66647497e-08
7.18000000e+01 7.65264437e-08
7.18500000e+01 7.63884903e-08
7.19000000e+01 7.62508907e-08
7.19500000e+01 7.61136300e-08
7.20000000e+01 7.59767300e-08
7.20500000e+01 7.58960497e-08
7.21000000e+01 7.57597327e-08
7.21500000e+01 7.56237723e-08
7.22000000e+01 7.54881517e-08
7.22500000e+01 7.53528690e-08
7.23000000e+01 7.52179450e-08
7.23500000e+01 7.51382507e-08
7.24000000e+01 7.50038933e-08
7.24500000e+01 7.48698873e-08
7.25000000e+01 7.47362137e-08
7.25500000e+01 7.46028850e-08
7.26000000e+01 7.44698817e-08
7.26500000e+01 7.43372173e-08
7.27000000e+01 7.42587233e-08
7.27500000e+01 7.41266313e-08
7.28000000e+01 7.39948740e-08
7.28500000e+01 7.38634460e-08
7.29000000e+01 7.37323507e-08
7.29500000e+01 7.36015707e-08
7.30000000e+01 7.35240297e-08
7.30500000e+01 7.33938237e-08
7.31000000e+01 7.32639383e-08
7.31500000e+01 7.31343727e-08
7.32000000e+01 7.30051470e-08
7.32500000e+01 7.28762337e-08
7.33000000e+01 7.27476417e-08
7.33500000e+01 7.26712473e-08
7.34000000e+01 7.25432040e-08
7.34500000e+01 7.24154873e-08
7.35000000e+01 7.22880790e-08
7.35500000e+01 7.21609907e-08
7.36000000e+01 7.20342133e-08
7.36500000e+01 7.19587313e-08
7.37000000e+01 7.18325030e-08
7.37500000e+01 7.17065813e-08
7.38000000e+01 7.15809707e-08
7.38500000e+01 7.21970830e-08
7.39000000e+01 7.20708277e-08
7.39500000e+01 7.19448757e-08
7.40000000e+01 7.18691937e-08
7.40500000e+01 7.17437797e-08
7.41000000e+01 7.16186697e-08
7.41500000e+01 7.14938757e-08
7.42000000e+01 7.13693917e-08
7.42500000e+01 7.12452047e-08
7.43000000e+01 7.11213183e-08
7.43500000e+01 7.10467470e-08
7.44000000e+01 7.09233920e-08
7.44500000e+01 7.08003383e-08
7.45000000e+01 7.06775813e-08
7.45500000e+01 7.05551290e-08
7.46000000e+01 7.04329833e-08
7.46500000e+01 7.03111320e-08
7.47000000e+01 7.02376367e-08
7.47500000e+01 7.01162970e-08
7.48000000e+01 6.99952490e-08
7.48500000e+01 6.98745030e-08
7.49000000e+01 6.97540430e-08
7.49500000e+01 6.96338800e-08
7.50000000e+01 6.95140120e-08
7.50500000e+01 6.94415797e-08
7.51000000e+01 6.93222097e-08
7.51500000e+01 6.92031373e-08
7.52000000e+01 6.90843450e-08
7.52500000e+01 6.89658363e-08
7.53000000e+01 6.88476300e-08
7.53500000e+01 6.87296937e-08
7.54000000e+01 6.86582973e-08
7.54500000e+01 6.85408563e-08
7.55000000e+01 6.84237023e-08
7.55500000e+01 6.83068317e-08
7.56000000e+01 6.81902460e-08
7.56500000e+01 6.80739330e-08
7.57000000e+01 6.79579030e-08
7.57500000e+01 6.78421610e-08
7.58000000e+01 6.77719750e-08
7.58500000e+01 6.76567043e-08
7.59000000e+01 6.75417063e-08
7.59500000e+01 6.74269883e-08
7.60000000e+01 6.73125530e-08
7.60500000e+01 6.71983877e-08
7.61000000e+01 6.70844953e-08
7.61500000e+01 6.77123113e-08
7.62000000e+01 6.75977263e-08
7.62500000e+01 6.74834157e-08
7.63000000e+01 6.73693773e-08
7.63500000e+01 6.72556143e-08
7.64000000e+01 6.71421183e-08
7.64500000e+01 6.70288937e-08
7.65000000e+01 6.69159417e-08
7.65500000e+01 6.68467237e-08
7.66000000e+01 6.67342353e-08
7.66500000e+01 6.66220100e-08
7.67000000e+01 6.65100590e-08
7.67500000e+01 6.63983653e-08
7.68000000e+01 6.62869330e-08
7.68500000e+01 6.61757757e-08
7.69000000e+01 6.61075200e-08
7.69500000e+01 6.59968060e-08
7.70000000e+01 6.58863690e-08
7.70500000e+01 6.57761780e-08
7.71000000e+01 6.56662580e-08
7.71500000e+01 6.55565900e-08
7.72000000e+01 6.54471803e-08
7.72500000e+01 6.53380323e-08
7.73000000e+01 6.52708953e-08
7.73500000e+01 6.51621993e-08
7.74000000e+01 6.50537437e-08
7.74500000e+01 6.49455507e-08
7.75000000e+01 6.48376113e-08
7.75500000e+01 6.47299213e-08
7.76000000e+01 6.46224917e-08
7.76500000e+01 6.45153067e-08
7.77000000e+01 6.44492703e-08
7.77500000e+01 6.43425157e-08
7.78000000e+01 6.42360143e-08
7.78500000e+01 6.41297697e-08
7.79000000e+01 6.40237693e-08
7.79500000e+01 6.39180160e-08
7.80000000e+01 6.38125063e-08
7.80500000e+01 6.37072390e-08
7.81000000e+01 6.36022243e-08
7.81500000e+01 6.35374323e-08
7.82000000e+01 6.34328333e-08
7.82500000e+01 6.33284807e-08
7.83000000e+01 6.32243790e-08
7.83500000e+01 6.31205147e-08
7.84000000e+01 6.30168847e-08
7.84500000e+01 6.29134983e-08
7.85000000e+01 6.28103483e-08
7.85500000e+01 6.27465937e-08
7.86000000e+01 6.32977390e-08
7.86500000e+01 6.31941917e-08
7.87000000e+01 6.30908727e-08
7.87500000e+01 6.29878073e-08
7.88000000e+01 6.28849727e-08
7.88500000e+01 6.27823750e-08
7.89000000e+01 6.26800067e-08
7.89500000e+01 6.25778850e-08
7.90000000e+01 6.25142420e-08
7.90500000e+01 6.24125237e-08
7.91000000e+01 6.23110360e-08
7.91500000e+01 6.22097850e-08
7.92000000e+01 6.21087673e-08
7.92500000e+01 6.20079737e-08
7.93000000e+01 6.19074190e-08
7.93500000e+01 6.18070870e-08
7.94000000e+01 6.17444500e-08
7.94500000e+01 6.16445237e-08
7.95000000e+01 6.15448187e-08
7.95500000e+01 6.14453453e-08
7.96000000e+01 6.13460960e-08
7.96500000e+01 6.12470700e-08
7.97000000e+01 6.11482770e-08
7.97500000e+01 6.10497123e-08
7.98000000e+01 6.09513660e-08
7.98500000e+01 6.08532403e-08
7.99000000e+01 6.07919023e-08
7.99500000e+01 6.06941700e-08
8.00000000e+01 6.05966540e-08
