-2.00000000e+01 3.48344743e-08
-1.99500000e+01 3.49794890e-08
-1.99000000e+01 3.51254330e-08
-1.98500000e+01 3.52723220e-08
-1.98000000e+01 3.54201613e-08
-1.97500000e+01 3.55689603e-08
-1.97000000e+01 3.57187257e-08
-1.96500000e+01 3.58694633e-08
-1.96000000e+01 3.60211897e-08
-1.95500000e+01 3.61739080e-08
-1.95000000e+01 3.63276280e-08
-1.94500000e+01 3.64823600e-08
-1.94000000e+01 3.66381133e-08
-1.93500000e+01 3.67948963e-08
-1.93000000e+01 3.69527170e-08
-1.92500000e+01 3.71115860e-08
-1.92000000e+01 3.72715130e-08
-1.91500000e+01 3.74325070e-08
-1.91000000e+01 3.75945790e-08
-1.90500000e+01 3.77577370e-08
-1.90000000e+01 3.79219937e-08
-1.89500000e+01 3.80873593e-08
-1.89000000e+01 3.82538400e-08
-1.88500000e+01 3.84214483e-08
-1.88000000e+01 3.85901950e-08
-1.87500000e+01 3.87600910e-08
-1.87000000e+01 3.89311460e-08
-1.86500000e+01 3.91033723e-08
-1.86000000e+01 3.92767817e-08
-1.85500000e+01 3.94513813e-08
-1.85000000e+01 3.96271850e-08
-1.84500000e+01 3.98042030e-08
-1.84000000e+01 3.99824490e-08
-1.83500000e+01 4.01619323e-08
-1.83000000e+01 4.03426663e-08
-1.82500000e+01 4.05246630e-08
-1.82000000e+01 4.07079347e-08
-1.81500000e+01 4.08924910e-08
-1.81000000e+01 4.10783453e-08
-1.80500000e+01 4.12655130e-08
-1.80000000e+01 4.14540027e-08
-1.79500000e+01 4.16438307e-08
-1.79000000e+01 4.18350087e-08
-1.78500000e+01 4.20275503e-08
-1.78000000e+01 4.22214673e-08
-1.77500000e+01 4.24167733e-08
-1.77000000e+01 4.26134840e-08
-1.76500000e+01 4.28116100e-08
-1.76000000e+01 4.30111697e-08
-1.75500000e+01 4.32121750e-08
-1.75000000e+01 4.34146383e-08
-1.74500000e+01 4.36185800e-08
-1.74000000e+01 4.38240073e-08
-1.73500000e+01 4.40309403e-08
-1.73000000e+01 4.42393913e-08
-1.72500000e+01 4.44493777e-08
-1.72000000e+01 4.46609140e-08
-1.71500000e+01 4.48740167e-08
-1.71000000e+01 4.50887040e-08
-1.70500000e+01 4.53049850e-08
-1.70000000e+01 4.55228820e-08
-1.69500000e+01 4.57424083e-08
-1.69000000e+01 4.59635840e-08
-1.68500000e+01 4.61864223e-08
-1.68000000e+01 4.64109443e-08
-1.67500000e+01 4.66371657e-08
-1.67000000e+01 4.68651047e-08
-1.66500000e+01 4.70947777e-08
-1.66000000e+01 4.73262013e-08
-1.65500000e+01 4.75593990e-08
-1.65000000e+01 4.77943847e-08
-1.64500000e+01 4.80311810e-08
-1.64000000e+01 4.82698060e-08
-1.63500000e+01 4.85102780e-08
-1.63000000e+01 4.87526177e-08
-1.62500000e+01 4.89968417e-08
-1.62000000e+01 4.92429753e-08
-1.61500000e+01 4.94910343e-08
-1.61000000e+01 4.97410443e-08
-1.60500000e+01 4.99930250e-08
-1.60000000e+01 5.02469957e-08
-1.59500000e+01 5.05029790e-08
-1.59000000e+01 5.07609950e-08
-1.58500000e+01 5.10210697e-08
-1.58000000e+01 5.12832217e-08
-1.57500000e+01 5.15474780e-08
-1.57000000e+01 5.18138583e-08
-1.56500000e+01 5.20823887e-08
-1.56000000e+01 5.23530967e-08
-1.55500000e+01 5.26259953e-08
-1.55000000e+01 5.29011183e-08
-1.54500000e+01 5.31784860e-08
-1.54000000e+01 5.34581273e-08
-1.53500000e+01 5.37400643e-08
-1.53000000e+01 5.40243263e-08
-1.52500000e+01 5.43109423e-08
-1.52000000e+01 5.45999297e-08
-1.51500000e+01 5.48913223e-08
-1.51000000e+01 5.51851447e-08
-1.50500000e+01 5.54814290e-08
-1.50000000e+01 5.57801983e-08
-1.49500000e+01 5.60814863e-08
-1.49000000e+01 5.63853210e-08
-1.48500000e+01 5.66917313e-08
-1.48000000e+01 5.70007467e-08
-1.47500000e+01 5.73123950e-08
-1.47000000e+01 5.76267137e-08
-1.46500000e+01 5.79437283e-08
-1.46000000e+01 5.82634757e-08
-1.45500000e+01 5.85859867e-08
-1.45000000e+01 5.89112940e-08
-1.44500000e+01 5.92394303e-08
-1.44000000e+01 5.95704270e-08
-1.43500000e+01 5.99043243e-08
-1.43000000e+01 6.02411520e-08
-1.42500000e+01 6.05809503e-08
-1.42000000e+01 6.09237540e-08
-1.41500000e+01 6.12695947e-08
-1.41000000e+01 6.16185220e-08
-1.40500000e+01 6.19705583e-08
-1.40000000e+01 6.23257523e-08
-1.39500000e+01 6.26841377e-08
-1.39000000e+01 6.30457587e-08
-1.38500000e+01 6.34106517e-08
-1.38000000e+01 6.37788610e-08
-1.37500000e+01 6.41504317e-08
-1.37000000e+01 6.45253933e-08
-1.36500000e+01 6.49038000e-08
-1.36000000e+01 6.52856890e-08
-1.35500000e+01 6.56711100e-08
-1.35000000e+01 6.60601037e-08
-1.34500000e+01 6.64527197e-08
-1.34000000e+01 6.68490047e-08
-1.33500000e+01 6.72490037e-08
-1.33000000e+01 6.76527650e-08
-1.32500000e+01 6.80603340e-08
-1.32000000e+01 6.84717683e-08
-1.31500000e+01 6.88871113e-08
-1.31000000e+01 6.93064210e-08
-1.30500000e+01 6.97297473e-08
-1.30000000e+01 7.01571423e-08
-1.29500000e+01 7.05886603e-08
-1.29000000e+01 7.10243523e-08
-1.28500000e+01 7.14642830e-08
-1.28000000e+01 7.19085013e-08
-1.27500000e+01 7.23570713e-08
-1.27000000e+01 7.28100510e-08
-1.26500000e+01 7.32674983e-08
-1.26000000e+01 7.37294743e-08
-1.25500000e+01 7.41960377e-08
-1.25000000e+01 7.46672600e-08
-1.24500000e+01 7.51431970e-08
-1.24000000e+01 7.56239217e-08
-1.23500000e+01 7.61094947e-08
-1.23000000e+01 7.65999880e-08
-1.22500000e+01 7.70954763e-08
-1.22000000e+01 7.75960127e-08
-1.21500000e+01 7.81016833e-08
-1.21000000e+01 7.86125527e-08
-1.20500000e+01 7.91287020e-08
-1.20000000e+01 7.96502013e-08
-1.19500000e+01 8.01771317e-08
-1.19000000e+01 8.07095773e-08
-1.18500000e+01 8.12476010e-08
-1.18000000e+01 8.17912977e-08
-1.17500000e+01 8.23407413e-08
-1.17000000e+01 8.28960267e-08
-1.16500000e+01 8.34572300e-08
-1.16000000e+01 8.40244470e-08
-1.15500000e+01 8.45977653e-08
-1.15000000e+01 8.51772733e-08
-1.14500000e+01 8.57630640e-08
-1.14000000e+01 8.63552293e-08
-1.13500000e+01 8.69538737e-08
-1.13000000e+01 8.75590837e-08
-1.12500000e+01 8.81709733e-08
-1.12000000e+01 8.87896400e-08
-1.11500000e+01 8.94151863e-08
-1.11000000e+01 9.00477147e-08
-1.10500000e+01 9.06873333e-08
-1.10000000e+01 9.13341657e-08
-1.09500000e+01 9.19883080e-08
-1.09000000e+01 9.26498880e-08
-1.08500000e+01 9.33190113e-08
-1.08000000e+01 9.39958127e-08
-1.07500000e+01 9.46804117e-08
-1.07000000e+01 9.53729153e-08
-1.06500000e+01 9.60734723e-08
-1.06000000e+01 9.67821967e-08
-1.05500000e+01 9.74992313e-08
-1.05000000e+01 9.82247067e-08
-1.04500000e+01 9.89587663e-08
-1.04000000e+01 9.97015593e-08
-1.03500000e+01 1.00453203e-07
-1.03000000e+01 1.01213866e-07
-1.02500000e+01 1.01983691e-07
-1.02000000e+01 1.02762839e-07
-1.01500000e+01 1.03551456e-07
-1.01000000e+01 1.04349716e-07
-1.00500000e+01 1.05157776e-07
-1.00000000e+01 1.05975805e-07
-9.95000000e+00 1.06803973e-07
-9.90000000e+00 1.07642450e-07
-9.85000000e+00 1.08491425e-07
-9.80000000e+00 1.09351076e-07
-9.75000000e+00 1.10221592e-07
-9.70000000e+00 1.11103165e-07
-9.65000000e+00 1.11995989e-07
-9.60000000e+00 1.12900265e-07
-9.55000000e+00 1.13816188e-07
-9.50000000e+00 1.14743988e-07
-9.45000000e+00 1.15683862e-07
-9.40000000e+00 1.16636037e-07
-9.35000000e+00 1.17600747e-07
-9.30000000e+00 1.18578207e-07
-9.25000000e+00 1.19568657e-07
-9.20000000e+00 1.20572330e-07
-9.15000000e+00 1.21589493e-07
-9.10000000e+00 1.22620377e-07
-9.05000000e+00 1.23665257e-07
-9.00000000e+00 1.24724390e-07
-8.95000000e+00 1.25798050e-07
-8.90000000e+00 1.26886537e-07
-8.85000000e+00 1.27990087e-07
-8.80000000e+00 1.29109037e-07
-8.75000000e+00 1.30243660e-07
-8.70000000e+00 1.31394273e-07
-8.65000000e+00 1.32561193e-07
-8.60000000e+00 1.33744750e-07
-8.55000000e+00 1.34945283e-07
-8.50000000e+00 1.36163093e-07
-8.45000000e+00 1.37398563e-07
-8.40000000e+00 1.38652027e-07
-8.35000000e+00 1.39923880e-07
-8.30000000e+00 1.41214477e-07
-8.25000000e+00 1.42524220e-07
-8.20000000e+00 1.43853510e-07
-8.15000000e+00 1.45202733e-07
-8.10000000e+00 1.46572330e-07
-8.05000000e+00 1.47962707e-07
-8.00000000e+00 1.49374330e-07
-7.95000000e+00 1.50807637e-07
-7.90000000e+00 1.52263113e-07
-7.85000000e+00 1.53741233e-07
-7.80000000e+00 1.55242487e-07
-7.75000000e+00 1.56767380e-07
-7.70000000e+00 1.58316420e-07
-7.65000000e+00 1.59890180e-07
-7.60000000e+00 1.61489177e-07
-7.55000000e+00 1.63114000e-07
-7.50000000e+00 1.64765230e-07
-7.45000000e+00 1.66443480e-07
-7.40000000e+00 1.68149367e-07
-7.35000000e+00 1.69883483e-07
-7.30000000e+00 1.71646563e-07
-7.25000000e+00 1.73439220e-07
-7.20000000e+00 1.75262197e-07
-7.15000000e+00 1.77116170e-07
-7.10000000e+00 1.79001927e-07
-7.05000000e+00 1.80920220e-07
-7.00000000e+00 1.82871783e-07
-6.95000000e+00 1.84857523e-07
-6.90000000e+00 1.86878187e-07
-6.85000000e+00 1.88934733e-07
-6.80000000e+00 1.91027953e-07
-6.75000000e+00 1.93158863e-07
-6.70000000e+00 1.95328357e-07
-6.65000000e+00 1.97537433e-07
-6.60000000e+00 1.99787133e-07
-6.55000000e+00 2.02078440e-07
-6.50000000e+00 2.04412543e-07
-6.45000000e+00 2.06790450e-07
-6.40000000e+00 2.09213420e-07
-6.35000000e+00 2.11682587e-07
-6.30000000e+00 2.14199210e-07
-6.25000000e+00 2.16764607e-07
-6.20000000e+00 2.19380037e-07
-6.15000000e+00 2.22046973e-07
-6.10000000e+00 2.24766763e-07
-6.05000000e+00 2.27540920e-07
-6.00000000e+00 2.30370963e-07
-5.95000000e+00 2.33258477e-07
-5.90000000e+00 2.36205127e-07
-5.85000000e+00 2.39212590e-07
-5.80000000e+00 2.42282687e-07
-5.75000000e+00 2.45417230e-07
-5.70000000e+00 2.48618100e-07
-5.65000000e+00 2.51887310e-07
-5.60000000e+00 2.55226893e-07
-5.55000000e+00 2.58639033e-07
-5.50000000e+00 2.62125900e-07
-5.45000000e+00 2.65689877e-07
-5.40000000e+00 2.69333300e-07
-5.35000000e+00 2.73058740e-07
-5.30000000e+00 2.76868727e-07
-5.25000000e+00 2.80766010e-07
-5.20000000e+00 2.84753433e-07
-5.15000000e+00 2.88833910e-07
-5.10000000e+00 2.93010547e-07
-5.05000000e+00 2.97286517e-07
-5.00000000e+00 3.01665223e-07
-4.95000000e+00 3.06150053e-07
-4.90000000e+00 3.10744707e-07
-4.85000000e+00 3.15452983e-07
-4.80000000e+00 3.20278840e-07
-4.75000000e+00 3.25226477e-07
-4.70000000e+00 3.30300200e-07
-4.65000000e+00 3.35504620e-07
-4.60000000e+00 3.40844423e-07
-4.55000000e+00 3.46324623e-07
-4.50000000e+00 3.51950463e-07
-4.45000000e+00 3.57727397e-07
-4.40000000e+00 3.63661210e-07
-4.35000000e+00 3.69757923e-07
-4.30000000e+00 3.76023903e-07
-4.25000000e+00 3.82465827e-07
-4.20000000e+00 3.89090563e-07
-4.15000000e+00 3.95905590e-07
-4.10000000e+00 4.02918597e-07
-4.05000000e+00 4.10137793e-07
-4.00000000e+00 4.17571740e-07
-3.95000000e+00 4.25229550e-07
-3.90000000e+00 4.33120747e-07
-3.85000000e+00 4.41255423e-07
-3.80000000e+00 4.49644210e-07
-3.75000000e+00 4.58298400e-07
-3.70000000e+00 4.67229937e-07
-3.65000000e+00 4.76451397e-07
-3.60000000e+00 4.85976180e-07
-3.55000000e+00 4.95818453e-07
-3.50000000e+00 5.05993283e-07
-3.45000000e+00 5.16516477e-07
-3.40000000e+00 5.27405077e-07
-3.35000000e+00 5.38677117e-07
-3.30000000e+00 5.50351743e-07
-3.25000000e+00 5.62449413e-07
-3.20000000e+00 5.74991927e-07
-3.15000000e+00 5.88002550e-07
-3.10000000e+00 6.01505967e-07
-3.05000000e+00 6.15528787e-07
-3.00000000e+00 6.30099393e-07
-2.95000000e+00 6.45248250e-07
-2.90000000e+00 6.61007900e-07
-2.85000000e+00 6.77413410e-07
-2.80000000e+00 6.94502387e-07
-2.75000000e+00 7.12315380e-07
-2.70000000e+00 7.30895727e-07
-2.65000000e+00 7.50290580e-07
-2.60000000e+00 7.70550700e-07
-2.55000000e+00 7.91730853e-07
-2.50000000e+00 8.13890523e-07
-2.45000000e+00 8.37094020e-07
-2.40000000e+00 8.61411260e-07
-2.35000000e+00 8.86917920e-07
-2.30000000e+00 9.13696783e-07
-2.25000000e+00 9.41837890e-07
-2.20000000e+00 9.71439677e-07
-2.15000000e+00 1.00260961e-06
-2.10000000e+00 1.03546561e-06
-2.05000000e+00 1.07013693e-06
-2.00000000e+00 1.10676591e-06
-1.95000000e+00 1.14550854e-06
-1.90000000e+00 1.18653785e-06
-1.85000000e+00 1.23004475e-06
-1.80000000e+00 1.27624051e-06
-1.75000000e+00 1.32535990e-06
-1.70000000e+00 1.37766407e-06
-1.65000000e+00 1.43344390e-06
-1.60000000e+00 1.49302380e-06
-1.55000000e+00 1.55676797e-06
-1.50000000e+00 1.62508460e-06
-1.45000000e+00 1.69843247e-06
-1.40000000e+00 1.77732907e-06
-1.35000000e+00 1.86235950e-06
-1.30000000e+00 1.95418533e-06
-1.25000000e+00 2.05355783e-06
-1.20000000e+00 2.16133127e-06
-1.15000000e+00 2.27847953e-06
-1.10000000e+00 2.40611473e-06
-1.05000000e+00 2.54550693e-06
-1.00000000e+00 2.69811143e-06
-9.50000000e-01 2.86559317e-06
-9.00000000e-01 3.04985917e-06
-8.50000000e-01 3.25308603e-06
-8.00000000e-01 3.47775760e-06
-7.50000000e-01 3.72668850e-06
-7.00000000e-01 4.00304273e-06
-6.50000000e-01 4.31033620e-06
-6.00000000e-01 4.65240357e-06
-5.50000000e-01 5.03329960e-06
-5.00000000e-01 5.45713593e-06
-4.50000000e-01 5.92776387e-06
-4.00000000e-01 6.44829440e-06
-3.50000000e-01 7.02040173e-06
-3.00000000e-01 7.64338453e-06
-2.50000000e-01 8.31308337e-06
-2.00000000e-01 9.02080147e-06
-1.50000000e-01 9.75263113e-06
-1.00000000e-01 1.04895874e-05
-5.00000000e-02 1.12089321e-05
0.00000000e+00 1.18866035e-05
5.00000000e-02 1.25002326e-05
1.00000000e-01 1.30318392e-05
1.50000000e-01 1.34695001e-05
2.00000000e-01 1.38078293e-05
2.50000000e-01 1.40474887e-05
3.00000000e-01 1.41941451e-05
3.50000000e-01 1.42573430e-05
4.00000000e-01 1.42496727e-05
4.50000000e-01 1.41862883e-05
5.00000000e-01 1.40844737e-05
5.50000000e-01 1.39627737e-05
6.00000000e-01 1.38394180e-05
6.50000000e-01 1.37301953e-05
7.00000000e-01 1.36463830e-05
7.50000000e-01 1.35933857e-05
8.00000000e-01 1.35705373e-05
8.50000000e-01 1.35720730e-05
9.00000000e-01 1.35889147e-05
9.50000000e-01 1.36106863e-05
1.00000000e+00 1.36274660e-05
1.05000000e+00 1.36309387e-05
1.10000000e+00 1.36148287e-05
1.15000000e+00 1.35747013e-05
1.20000000e+00 1.35074737e-05
1.25000000e+00 1.34110183e-05
1.30000000e+00 1.32840560e-05
1.35000000e+00 1.31261717e-05
1.40000000e+00 1.29376910e-05
1.45000000e+00 1.27193467e-05
1.50000000e+00 1.24720050e-05
1.55000000e+00 1.21967520e-05
1.60000000e+00 1.18954900e-05
1.65000000e+00 1.15718010e-05
1.70000000e+00 1.12316637e-05
1.75000000e+00 1.08836240e-05
1.80000000e+00 1.05381921e-05
1.85000000e+00 1.02065574e-05
1.90000000e+00 9.89895270e-06
1.95000000e+00 9.62311223e-06
2.00000000e+00 9.38316183e-06
2.05000000e+00 9.17922643e-06
2.10000000e+00 9.00786117e-06
2.15000000e+00 8.86332793e-06
2.20000000e+00 8.73941197e-06
2.25000000e+00 8.63126210e-06
2.30000000e+00 8.53661813e-06
2.35000000e+00 8.45600713e-06
2.40000000e+00 8.39194783e-06
2.45000000e+00 8.34755887e-06
2.50000000e+00 8.32515787e-06
2.55000000e+00 8.32527607e-06
2.60000000e+00 8.34632407e-06
2.65000000e+00 8.38486490e-06
2.70000000e+00 8.43625623e-06
2.75000000e+00 8.49539797e-06
2.80000000e+00 8.55740107e-06
2.85000000e+00 8.61811133e-06
2.90000000e+00 8.67451427e-06
2.95000000e+00 8.72498680e-06
3.00000000e+00 8.76931787e-06
3.05000000e+00 8.80846363e-06
3.10000000e+00 8.84414743e-06
3.15000000e+00 8.87854240e-06
3.20000000e+00 8.91412120e-06
3.25000000e+00 8.95356207e-06
3.30000000e+00 8.99941333e-06
3.35000000e+00 9.05338557e-06
3.40000000e+00 9.11548973e-06
3.45000000e+00 9.18348617e-06
3.50000000e+00 9.25304537e-06
3.55000000e+00 9.31865893e-06
3.60000000e+00 9.37497270e-06
3.65000000e+00 9.41803910e-06
3.70000000e+00 9.44606153e-06
3.75000000e+00 9.45949003e-06
3.80000000e+00 9.46053020e-06
3.85000000e+00 9.45228363e-06
3.90000000e+00 9.43776513e-06
3.95000000e+00 9.41909757e-06
4.00000000e+00 9.39714970e-06
4.05000000e+00 9.37172653e-06
4.10000000e+00 9.34210050e-06
4.15000000e+00 9.30753517e-06
4.20000000e+00 9.26750607e-06
4.25000000e+00 9.22160997e-06
4.30000000e+00 9.16936387e-06
4.35000000e+00 9.11016630e-06
4.40000000e+00 9.04353627e-06
4.45000000e+00 8.96952693e-06
4.50000000e+00 8.88910980e-06
4.55000000e+00 8.80430527e-06
4.60000000e+00 8.71795557e-06
4.65000000e+00 8.63317980e-06
4.70000000e+00 8.55271250e-06
4.75000000e+00 8.47835710e-06
4.80000000e+00 8.41070133e-06
4.85000000e+00 8.34910057e-06
4.90000000e+00 8.29188213e-06
4.95000000e+00 8.23666770e-06
5.00000000e+00 8.18075470e-06
5.05000000e+00 8.12149507e-06
5.10000000e+00 8.05667297e-06
5.15000000e+00 7.98486943e-06
5.20000000e+00 7.90578373e-06
5.25000000e+00 7.82042293e-06
5.30000000e+00 7.73104213e-06
5.35000000e+00 7.64075683e-06
5.40000000e+00 7.55291880e-06
5.45000000e+00 7.47048040e-06
5.50000000e+00 7.39558720e-06
5.55000000e+00 7.32948620e-06
5.60000000e+00 7.27266740e-06
5.65000000e+00 7.22505070e-06
5.70000000e+00 7.18608333e-06
5.75000000e+00 7.15472220e-06
5.80000000e+00 7.12939410e-06
5.85000000e+00 7.10805487e-06
5.90000000e+00 7.08843147e-06
5.95000000e+00 7.06845417e-06
6.00000000e+00 7.04677903e-06
6.05000000e+00 7.02322200e-06
6.10000000e+00 6.99890400e-06
6.15000000e+00 6.97601517e-06
6.20000000e+00 6.95725177e-06
6.25000000e+00 6.94513950e-06
6.30000000e+00 6.94147100e-06
6.35000000e+00 6.94702773e-06
6.40000000e+00 6.96160260e-06
6.45000000e+00 6.98422560e-06
6.50000000e+00 7.01344580e-06
6.55000000e+00 7.04754413e-06
6.60000000e+00 7.08463603e-06
6.65000000e+00 7.12268517e-06
6.70000000e+00 7.15948197e-06
6.75000000e+00 7.19262220e-06
6.80000000e+00 7.21950950e-06
6.85000000e+00 7.23740060e-06
6.90000000e+00 7.24354007e-06
6.95000000e+00 7.23542010e-06
7.00000000e+00 7.21113983e-06
7.05000000e+00 7.16976610e-06
7.10000000e+00 7.11154133e-06
7.15000000e+00 7.03783917e-06
7.20000000e+00 6.95086253e-06
7.25000000e+00 6.85318533e-06
7.30000000e+00 6.74728513e-06
7.35000000e+00 6.63520337e-06
7.40000000e+00 6.51843167e-06
7.45000000e+00 6.39804950e-06
7.50000000e+00 6.27505107e-06
7.55000000e+00 6.15070427e-06
7.60000000e+00 6.02676583e-06
7.65000000e+00 5.90543760e-06
7.70000000e+00 5.78908430e-06
7.75000000e+00 5.67984403e-06
7.80000000e+00 5.57929817e-06
7.85000000e+00 5.48830987e-06
7.90000000e+00 5.40705283e-06
7.95000000e+00 5.33517960e-06
8.00000000e+00 5.27204967e-06
8.05000000e+00 5.21695063e-06
8.10000000e+00 5.16926917e-06
8.15000000e+00 5.12860137e-06
8.20000000e+00 5.09480270e-06
8.25000000e+00 5.06797830e-06
8.30000000e+00 5.04840903e-06
8.35000000e+00 5.03640427e-06
8.40000000e+00 5.03208790e-06
8.45000000e+00 5.03514650e-06
8.50000000e+00 5.04460080e-06
8.55000000e+00 5.05867487e-06
8.60000000e+00 5.07484093e-06
8.65000000e+00 5.09007943e-06
8.70000000e+00 5.10133650e-06
8.75000000e+00 5.10607397e-06
8.80000000e+00 5.10275033e-06
8.85000000e+00 5.09106693e-06
8.90000000e+00 5.07189833e-06
8.95000000e+00 5.04694480e-06
9.00000000e+00 5.01824520e-06
9.05000000e+00 4.98772063e-06
9.10000000e+00 4.95687470e-06
9.15000000e+00 4.92669813e-06
9.20000000e+00 4.89774957e-06
9.25000000e+00 4.87033910e-06
9.30000000e+00 4.84473193e-06
9.35000000e+00 4.82130317e-06
9.40000000e+00 4.80059623e-06
9.45000000e+00 4.78326853e-06
9.50000000e+00 4.76993710e-06
9.55000000e+00 4.76098000e-06
9.60000000e+00 4.75636817e-06
9.65000000e+00 4.75560967e-06
9.70000000e+00 4.75784280e-06
9.75000000e+00 4.76205783e-06
9.80000000e+00 4.76736150e-06
9.85000000e+00 4.77318413e-06
9.90000000e+00 4.77936567e-06
9.95000000e+00 4.78612800e-06
1.00000000e+01 4.79398157e-06
1.00500000e+01 4.80361057e-06
1.01000000e+01 4.81574560e-06
1.01500000e+01 4.83101123e-06
1.02000000e+01 4.84975530e-06
1.02500000e+01 4.87188883e-06
1.03000000e+01 4.89678567e-06
1.03500000e+01 4.92326173e-06
1.04000000e+01 4.94963423e-06
1.04500000e+01 4.97385243e-06
1.05000000e+01 4.99371163e-06
1.05500000e+01 5.00715957e-06
1.06000000e+01 5.01267057e-06
1.06500000e+01 5.00959950e-06
1.07000000e+01 4.99839223e-06
1.07500000e+01 4.98056827e-06
1.08000000e+01 4.95846747e-06
1.08500000e+01 4.93485230e-06
1.09000000e+01 4.91248713e-06
1.09500000e+01 4.89381163e-06
1.10000000e+01 4.88076643e-06
1.10500000e+01 4.87477063e-06
1.11000000e+01 4.87679447e-06
1.11500000e+01 4.88744793e-06
1.12000000e+01 4.90702370e-06
1.12500000e+01 4.93547807e-06
1.13000000e+01 4.97237967e-06
1.13500000e+01 5.01688087e-06
1.14000000e+01 5.06775157e-06
1.14500000e+01 5.12348460e-06
1.15000000e+01 5.18243930e-06
1.15500000e+01 5.24296610e-06
1.16000000e+01 5.30347073e-06
1.16500000e+01 5.36241440e-06
1.17000000e+01 5.41830353e-06
1.17500000e+01 5.46972833e-06
1.18000000e+01 5.51549480e-06
1.18500000e+01 5.55482320e-06
1.19000000e+01 5.58754067e-06
1.19500000e+01 5.61417283e-06
1.20000000e+01 5.63588353e-06
1.20500000e+01 5.65425827e-06
1.21000000e+01 5.67098440e-06
1.21500000e+01 5.68749583e-06
1.22000000e+01 5.70466320e-06
1.22500000e+01 5.72259567e-06
1.23000000e+01 5.74062503e-06
1.23500000e+01 5.75749760e-06
1.24000000e+01 5.77172863e-06
1.24500000e+01 5.78200620e-06
1.25000000e+01 5.78749757e-06
1.25500000e+01 5.78797557e-06
1.26000000e+01 5.78377050e-06
1.26500000e+01 5.77564440e-06
1.27000000e+01 5.76466283e-06
1.27500000e+01 5.75208170e-06
1.28000000e+01 5.73921787e-06
1.28500000e+01 5.72726640e-06
1.29000000e+01 5.71707920e-06
1.29500000e+01 5.70896537e-06
1.30000000e+01 5.70259923e-06
1.30500000e+01 5.69709557e-06
1.31000000e+01 5.69125137e-06
1.31500000e+01 5.68388000e-06
1.32000000e+01 5.67411707e-06
1.32500000e+01 5.66159373e-06
1.33000000e+01 5.64643243e-06
1.33500000e+01 5.62911057e-06
1.34000000e+01 5.61028787e-06
1.34500000e+01 5.59067777e-06
1.35000000e+01 5.57098570e-06
1.35500000e+01 5.55190397e-06
1.36000000e+01 5.53413420e-06
1.36500000e+01 5.51841583e-06
1.37000000e+01 5.50552967e-06
1.37500000e+01 5.49625203e-06
1.38000000e+01 5.49124583e-06
1.38500000e+01 5.49091307e-06
1.39000000e+01 5.49525973e-06
1.39500000e+01 5.50382560e-06
1.40000000e+01 5.51573347e-06
1.40500000e+01 5.52985093e-06
1.41000000e+01 5.54501543e-06
1.41500000e+01 5.56023870e-06
1.42000000e+01 5.57481123e-06
1.42500000e+01 5.58828917e-06
1.43000000e+01 5.60041377e-06
1.43500000e+01 5.61103150e-06
1.44000000e+01 5.62005503e-06
1.44500000e+01 5.62747173e-06
1.45000000e+01 5.63336467e-06
1.45500000e+01 5.63794753e-06
1.46000000e+01 5.64158227e-06
1.46500000e+01 5.64477330e-06
1.47000000e+01 5.64811000e-06
1.47500000e+01 5.65219720e-06
1.48000000e+01 5.65761113e-06
1.48500000e+01 5.66491730e-06
1.49000000e+01 5.67470997e-06
1.49500000e+01 5.68761100e-06
1.50000000e+01 5.70419110e-06
1.50500000e+01 5.72483683e-06
1.51000000e+01 5.74962073e-06
1.51500000e+01 5.77823480e-06
1.52000000e+01 5.81001403e-06
1.52500000e+01 5.84402537e-06
1.53000000e+01 5.87918607e-06
1.53500000e+01 5.91436313e-06
1.54000000e+01 5.94843470e-06
1.54500000e+01 5.98029720e-06
1.55000000e+01 6.00883823e-06
1.55500000e+01 6.03287793e-06
1.56000000e+01 6.05110820e-06
1.56500000e+01 6.06206360e-06
1.57000000e+01 6.06418397e-06
1.57500000e+01 6.05600233e-06
1.58000000e+01 6.03645430e-06
1.58500000e+01 6.00521887e-06
1.59000000e+01 5.96293823e-06
1.59500000e+01 5.91118123e-06
1.60000000e+01 5.85213677e-06
1.60500000e+01 5.78815963e-06
1.61000000e+01 5.72135377e-06
1.61500000e+01 5.65335837e-06
1.62000000e+01 5.58536927e-06
1.62500000e+01 5.51831087e-06
1.63000000e+01 5.45303033e-06
1.63500000e+01 5.39038073e-06
1.64000000e+01 5.33115377e-06
1.64500000e+01 5.27589907e-06
1.65000000e+01 5.22472920e-06
1.65500000e+01 5.17721497e-06
1.66000000e+01 5.13241307e-06
1.66500000e+01 5.08901430e-06
1.67000000e+01 5.04551960e-06
1.67500000e+01 5.00039143e-06
1.68000000e+01 4.95215653e-06
1.68500000e+01 4.89948503e-06
1.69000000e+01 4.84128270e-06
1.69500000e+01 4.77677920e-06
1.70000000e+01 4.70555900e-06
1.70500000e+01 4.62751033e-06
1.71000000e+01 4.54269597e-06
1.71500000e+01 4.45123380e-06
1.72000000e+01 4.35325893e-06
1.72500000e+01 4.24898770e-06
1.73000000e+01 4.13884247e-06
1.73500000e+01 4.02353903e-06
1.74000000e+01 3.90404973e-06
1.74500000e+01 3.78141443e-06
1.75000000e+01 3.65648267e-06
1.75500000e+01 3.52967863e-06
1.76000000e+01 3.40088727e-06
1.76500000e+01 3.26950990e-06
1.77000000e+01 3.13467307e-06
1.77500000e+01 2.99556100e-06
1.78000000e+01 2.85178970e-06
1.78500000e+01 2.70372473e-06
1.79000000e+01 2.55262457e-06
1.79500000e+01 2.40054303e-06
1.80000000e+01 2.25001160e-06
1.80500000e+01 2.10362417e-06
1.81000000e+01 1.96365017e-06
1.81500000e+01 1.83179070e-06
1.82000000e+01 1.70909247e-06
1.82500000e+01 1.59599853e-06
1.83000000e+01 1.49246977e-06
1.83500000e+01 1.39812587e-06
1.84000000e+01 1.31237773e-06
1.84500000e+01 1.23452927e-06
1.85000000e+01 1.16385010e-06
1.85500000e+01 1.09962306e-06
1.86000000e+01 1.04117161e-06
1.86500000e+01 9.87874623e-07
1.87000000e+01 9.39171473e-07
1.87500000e+01 8.94561130e-07
1.88000000e+01 8.53600473e-07
1.88500000e+01 8.15897983e-07
1.89000000e+01 7.81109783e-07
1.89500000e+01 7.48933163e-07
1.90000000e+01 7.19102297e-07
1.90500000e+01 6.91383527e-07
1.91000000e+01 6.65570820e-07
1.91500000e+01 6.41482690e-07
1.92000000e+01 6.18958600e-07
1.92500000e+01 5.97856593e-07
1.93000000e+01 5.78050373e-07
1.93500000e+01 5.59427707e-07
1.94000000e+01 5.41888547e-07
1.94500000e+01 5.25343387e-07
1.95000000e+01 5.09711957e-07
1.95500000e+01 4.94922437e-07
1.96000000e+01 4.80909833e-07
1.96500000e+01 4.67615830e-07
1.97000000e+01 4.54987503e-07
1.97500000e+01 4.42976860e-07
1.98000000e+01 4.31540500e-07
1.98500000e+01 4.20638827e-07
1.99000000e+01 4.10235727e-07
1.99500000e+01 4.00298320e-07
2.00000000e+01 3.90796450e-07
2.00500000e+01 3.81702513e-07
2.01000000e+01 3.72991070e-07
2.01500000e+01 3.64638850e-07
2.02000000e+01 3.56624403e-07
2.02500000e+01 3.48927780e-07
2.03000000e+01 3.41530827e-07
2.03500000e+01 3.34416453e-07
2.04000000e+01 3.27569087e-07
2.04500000e+01 3.20974073e-07
2.05000000e+01 3.14617897e-07
2.05500000e+01 3.08488010e-07
2.06000000e+01 3.02572607e-07
2.06500000e+01 2.96860820e-07
2.07000000e+01 2.91342387e-07
2.07500000e+01 2.86007850e-07
2.08000000e+01 2.80848200e-07
2.08500000e+01 2.75855120e-07
2.09000000e+01 2.71020733e-07
2.09500000e+01 2.66337730e-07
2.10000000e+01 2.61799157e-07
2.10500000e+01 2.57398530e-07
2.11000000e+01 2.53129743e-07
2.11500000e+01 2.48987030e-07
2.12000000e+01 2.44964957e-07
2.12500000e+01 2.41058347e-07
2.13000000e+01 2.37262470e-07
2.13500000e+01 2.33572640e-07
2.14000000e+01 2.29984620e-07
2.14500000e+01 2.26494233e-07
2.15000000e+01 2.23097670e-07
2.15500000e+01 2.19791190e-07
2.16000000e+01 2.16571337e-07
2.16500000e+01 2.13434793e-07
2.17000000e+01 2.10378410e-07
2.17500000e+01 2.07399227e-07
2.18000000e+01 2.04494350e-07
2.18500000e+01 2.01661123e-07
2.19000000e+01 1.98896923e-07
2.19500000e+01 1.96199320e-07
2.20000000e+01 1.93565963e-07
2.20500000e+01 1.90994630e-07
2.21000000e+01 1.88483200e-07
2.21500000e+01 1.86029610e-07
2.22000000e+01 1.83631947e-07
2.22500000e+01 1.81288323e-07
2.23000000e+01 1.78996973e-07
2.23500000e+01 1.76756197e-07
2.24000000e+01 1.74564373e-07
2.24500000e+01 1.72419953e-07
2.25000000e+01 1.70321413e-07
2.25500000e+01 1.68267357e-07
2.26000000e+01 1.66256373e-07
2.26500000e+01 1.64287187e-07
2.27000000e+01 1.62358487e-07
2.27500000e+01 1.60469070e-07
2.28000000e+01 1.58617827e-07
2.28500000e+01 1.56803563e-07
2.29000000e+01 1.55025260e-07
2.29500000e+01 1.53281827e-07
2.30000000e+01 1.51572317e-07
2.30500000e+01 1.49895733e-07
2.31000000e+01 1.48251147e-07
2.31500000e+01 1.46637727e-07
2.32000000e+01 1.45054553e-07
2.32500000e+01 1.43500850e-07
2.33000000e+01 1.41975767e-07
2.33500000e+01 1.40478590e-07
2.34000000e+01 1.39008533e-07
2.34500000e+01 1.37564907e-07
2.35000000e+01 1.36147013e-07
2.35500000e+01 1.34754187e-07
2.36000000e+01 1.33385800e-07
2.36500000e+01 1.32041200e-07
2.37000000e+01 1.30719817e-07
2.37500000e+01 1.29421037e-07
2.38000000e+01 1.28144313e-07
2.38500000e+01 1.26889117e-07
2.39000000e+01 1.25654893e-07
2.39500000e+01 1.24441173e-07
2.40000000e+01 1.23247417e-07
2.40500000e+01 1.22073190e-07
2.41000000e+01 1.20917993e-07
2.41500000e+01 1.19781410e-07
2.42000000e+01 1.18662980e-07
2.42500000e+01 1.17562287e-07
2.43000000e+01 1.16478950e-07
2.43500000e+01 1.15412540e-07
2.44000000e+01 1.14362703e-07
2.44500000e+01 1.13329040e-07
2.45000000e+01 1.12311210e-07
2.45500000e+01 1.11308843e-07
2.46000000e+01 1.10321600e-07
2.46500000e+01 1.09349183e-07
2.47000000e+01 1.08391233e-07
2.47500000e+01 1.07447470e-07
2.48000000e+01 1.06517556e-07
2.48500000e+01 1.05601230e-07
2.49000000e+01 1.04698175e-07
2.49500000e+01 1.03808134e-07
2.50000000e+01 1.02930831e-07
2.50500000e+01 1.02065997e-07
2.51000000e+01 1.01213397e-07
2.51500000e+01 1.00372748e-07
2.52000000e+01 9.95438397e-08
2.52500000e+01 9.87264117e-08
2.53000000e+01 9.79202470e-08
2.53500000e+01 9.71251193e-08
2.54000000e+01 9.63408070e-08
2.54500000e+01 9.55671123e-08
2.55000000e+01 9.48038070e-08
2.55500000e+01 9.40507113e-08
2.56000000e+01 9.33076113e-08
2.56500000e+01 9.25743203e-08
2.57000000e+01 9.18506553e-08
2.57500000e+01 9.11364317e-08
2.58000000e+01 9.04314803e-08
2.58500000e+01 8.97356147e-08
2.59000000e+01 8.90486803e-08
2.59500000e+01 8.83704973e-08
2.60000000e+01 8.77009193e-08
2.60500000e+01 8.70397787e-08
2.61000000e+01 8.63869180e-08
2.61500000e+01 8.57422130e-08
2.62000000e+01 8.51054910e-08
2.62500000e+01 8.44766293e-08
2.63000000e+01 8.38554723e-08
2.63500000e+01 8.32418973e-08
2.64000000e+01 8.26357620e-08
2.64500000e+01 8.20369350e-08
2.65000000e+01 8.14453073e-08
2.65500000e+01 8.08607353e-08
2.66000000e+01 8.02831153e-08
2.66500000e+01 7.97123107e-08
2.67000000e+01 7.91482230e-08
2.67500000e+01 7.85907243e-08
2.68000000e+01 7.80397127e-08
2.68500000e+01 7.74950783e-08
2.69000000e+01 7.69567137e-08
2.69500000e+01 7.64245257e-08
2.70000000e+01 7.58983963e-08
2.70500000e+01 7.53782423e-08
2.71000000e+01 7.48639533e-08
2.71500000e+01 7.43554417e-08
2.72000000e+01 7.38526143e-08
2.72500000e+01 7.33553770e-08
2.73000000e+01 7.28636513e-08
2.73500000e+01 7.23773353e-08
2.74000000e+01 7.18963570e-08
2.74500000e+01 7.14206210e-08
2.75000000e+01 7.09500557e-08
2.75500000e+01 7.04845727e-08
2.76000000e+01 7.00240920e-08
2.76500000e+01 6.95685530e-08
2.77000000e+01 6.91178617e-08
2.77500000e+01 6.86719580e-08
2.78000000e+01 6.82307583e-08
2.78500000e+01 6.77942010e-08
2.79000000e+01 6.73622093e-08
2.79500000e+01 6.69347123e-08
2.80000000e+01 6.65116593e-08
2.80500000e+01 6.60929680e-08
2.81000000e+01 6.56785860e-08
2.81500000e+01 6.52684400e-08
2.82000000e+01 6.48624780e-08
2.82500000e+01 6.44606290e-08
2.83000000e+01 6.40628403e-08
2.83500000e+01 6.36690520e-08
2.84000000e+01 6.32792050e-08
2.84500000e+01 6.28932517e-08
2.85000000e+01 6.25111240e-08
2.85500000e+01 6.21327800e-08
2.86000000e+01 6.17581557e-08
2.86500000e+01 6.13872053e-08
2.87000000e+01 6.10198760e-08
2.87500000e+01 6.06561167e-08
2.88000000e+01 6.02958850e-08
2.88500000e+01 5.99391210e-08
2.89000000e+01 5.95857883e-08
2.89500000e+01 5.92358303e-08
2.90000000e+01 5.88892060e-08
2.90500000e+01 5.85458703e-08
2.91000000e+01 5.82057773e-08
2.91500000e+01 5.78688903e-08
2.92000000e+01 5.75351560e-08
2.92500000e+01 5.72045420e-08
2.93000000e+01 5.68769987e-08
2.93500000e+01 5.65524927e-08
2.94000000e+01 5.62309780e-08
2.94500000e+01 5.59124150e-08
2.95000000e+01 5.55967760e-08
2.95500000e+01 5.52840113e-08
2.96000000e+01 5.49740927e-08
2.96500000e+01 5.46669750e-08
2.97000000e+01 5.43626300e-08
2.97500000e+01 5.40610153e-08
2.98000000e+01 5.37620973e-08
2.98500000e+01 5.34658503e-08
2.99000000e+01 5.31722310e-08
2.99500000e+01 5.28812137e-08
3.00000000e+01 5.25927580e-08
3.00500000e+01 5.23068400e-08
3.01000000e+01 5.20234210e-08
3.01500000e+01 5.17424737e-08
3.02000000e+01 5.14639670e-08
3.02500000e+01 5.11878713e-08
3.03000000e+01 5.09141610e-08
3.03500000e+01 5.06427987e-08
3.04000000e+01 5.03737643e-08
3.04500000e+01 5.01070220e-08
3.05000000e+01 4.98425490e-08
3.05500000e+01 4.95803173e-08
3.06000000e+01 4.93202983e-08
3.06500000e+01 4.90624713e-08
3.07000000e+01 4.88068027e-08
3.07500000e+01 4.85532733e-08
3.08000000e+01 4.83018527e-08
3.08500000e+01 4.80525207e-08
3.09000000e+01 4.78052487e-08
3.09500000e+01 4.75600117e-08
3.10000000e+01 4.73167947e-08
3.10500000e+01 4.70755657e-08
3.11000000e+01 4.68363077e-08
3.11500000e+01 4.65989920e-08
3.12000000e+01 4.63636023e-08
3.12500000e+01 5.69579247e-08
3.13000000e+01 6.19513403e-08
3.13500000e+01 6.16342987e-08
3.14000000e+01 6.64819567e-08
3.14500000e+01 7.12129900e-08
3.15000000e+01 7.58300870e-08
3.15500000e+01 7.54419180e-08
3.16000000e+01 7.99246853e-08
3.16500000e+01 8.42994590e-08
3.17000000e+01 8.38693980e-08
3.17500000e+01 8.81172430e-08
3.18000000e+01 9.74234920e-08
3.18500000e+01 9.69278780e-08
3.19000000e+01 1.00922083e-07
3.19500000e+01 1.04819379e-07
3.20000000e+01 1.04289233e-07
3.20500000e+01 1.08073589e-07
3.21000000e+01 1.11766083e-07
3.21500000e+01 1.11204353e-07
3.22000000e+01 1.14790100e-07
3.22500000e+01 1.18288733e-07
3.23000000e+01 1.17698150e-07
3.23500000e+01 1.25992670e-07
3.24000000e+01 1.29277997e-07
3.24500000e+01 1.28636603e-07
3.25000000e+01 1.31826987e-07
3.25500000e+01 1.34939157e-07
3.26000000e+01 1.34274487e-07
3.26500000e+01 1.37296880e-07
3.27000000e+01 1.36623910e-07
3.27500000e+01 1.39559260e-07
3.28000000e+01 1.42422547e-07
3.28500000e+01 1.41729523e-07
3.29000000e+01 1.49162013e-07
3.29500000e+01 1.51846760e-07
3.30000000e+01 1.51113247e-07
3.30500000e+01 1.53720540e-07
3.31000000e+01 1.52981647e-07
3.31500000e+01 1.55513803e-07
3.32000000e+01 1.57983037e-07
3.32500000e+01 1.57229280e-07
3.33000000e+01 1.59627433e-07
3.33500000e+01 1.58869577e-07
3.34000000e+01 1.61198770e-07
3.34500000e+01 1.63469813e-07
3.35000000e+01 1.67103883e-07
3.35500000e+01 1.69284030e-07
3.36000000e+01 1.68490310e-07
3.36500000e+01 1.70607530e-07
3.37000000e+01 1.69811500e-07
3.37500000e+01 1.71867600e-07
3.38000000e+01 1.73871673e-07
3.38500000e+01 1.73066397e-07
3.39000000e+01 1.75012593e-07
3.39500000e+01 1.74205923e-07
3.40000000e+01 1.76095943e-07
3.40500000e+01 1.75288180e-07
3.41000000e+01 1.81302623e-07
3.41500000e+01 1.83067713e-07
3.42000000e+01 1.82234357e-07
3.42500000e+01 1.83948140e-07
3.43000000e+01 1.83114737e-07
3.43500000e+01 1.84778710e-07
3.44000000e+01 1.83945487e-07
3.44500000e+01 1.85561060e-07
3.45000000e+01 1.84728237e-07
3.45500000e+01 1.86296810e-07
3.46000000e+01 1.87824460e-07
3.46500000e+01 1.86987470e-07
3.47000000e+01 1.88470557e-07
3.47500000e+01 1.91590653e-07
3.48000000e+01 1.93008943e-07
3.48500000e+01 1.92157167e-07
3.49000000e+01 1.93533707e-07
3.49500000e+01 1.92683513e-07
3.50000000e+01 1.94019510e-07
3.50500000e+01 1.93171053e-07
3.51000000e+01 1.94467630e-07
3.51500000e+01 1.93621063e-07
3.52000000e+01 1.94879333e-07
3.52500000e+01 1.94034807e-07
3.53000000e+01 1.95255853e-07
3.53500000e+01 1.94413450e-07
3.54000000e+01 1.99352393e-07
3.54500000e+01 2.00485377e-07
3.55000000e+01 1.99626757e-07
3.55500000e+01 2.00725690e-07
3.56000000e+01 1.99869823e-07
3.56500000e+01 2.00935640e-07
3.57000000e+01 2.00082637e-07
3.57500000e+01 2.01116267e-07
3.58000000e+01 2.00266203e-07
3.58500000e+01 2.01268527e-07
3.59000000e+01 2.00421510e-07
3.59500000e+01 2.01393393e-07
3.60000000e+01 2.00549500e-07
3.60500000e+01 2.01491777e-07
3.61000000e+01 2.04207363e-07
3.61500000e+01 2.05102957e-07
3.62000000e+01 2.04251350e-07
3.62500000e+01 2.05119217e-07
3.63000000e+01 2.04271097e-07
3.63500000e+01 2.05111983e-07
3.64000000e+01 2.04267473e-07
3.64500000e+01 2.05082103e-07
3.65000000e+01 2.04241240e-07
3.65500000e+01 2.05030303e-07
3.66000000e+01 2.04193173e-07
3.66500000e+01 2.04957400e-07
3.67000000e+01 2.04124027e-07
3.67500000e+01 2.04864047e-07
3.68000000e+01 2.07411757e-07
3.68500000e+01 2.08111967e-07
3.69000000e+01 2.07273167e-07
3.69500000e+01 2.06439340e-07
3.70000000e+01 2.07115977e-07
3.70500000e+01 2.06286147e-07
3.71000000e+01 2.06940813e-07
3.71500000e+01 2.06115033e-07
3.72000000e+01 2.06748290e-07
3.72500000e+01 2.05926563e-07
3.73000000e+01 2.06539020e-07
3.73500000e+01 2.05721397e-07
3.74000000e+01 2.06313607e-07
3.74500000e+01 2.05500100e-07
3.75000000e+01 2.06072560e-07
3.75500000e+01 2.08465937e-07
3.76000000e+01 2.09004367e-07
3.76500000e+01 2.08187220e-07
3.77000000e+01 2.08707137e-07
3.77500000e+01 2.07894347e-07
3.78000000e+01 2.08396287e-07
3.78500000e+01 2.07587847e-07
3.79000000e+01 2.06783987e-07
3.79500000e+01 2.07268133e-07
3.80000000e+01 2.06468603e-07
3.80500000e+01 2.06935790e-07
3.81000000e+01 2.06140567e-07
3.81500000e+01 2.06591177e-07
3.82000000e+01 2.05800293e-07
3.82500000e+01 2.06234783e-07
3.83000000e+01 2.08492850e-07
3.83500000e+01 2.08898037e-07
3.84000000e+01 2.08104867e-07
3.84500000e+01 2.07316073e-07
3.85000000e+01 2.07706273e-07
3.85500000e+01 2.06921927e-07
3.86000000e+01 2.07297427e-07
3.86500000e+01 2.06517550e-07
3.87000000e+01 2.06878760e-07
3.87500000e+01 2.06103300e-07
3.88000000e+01 2.06450600e-07
3.88500000e+01 2.05679580e-07
3.89000000e+01 2.04912760e-07
3.89500000e+01 2.05246743e-07
3.90000000e+01 2.04484337e-07
3.90500000e+01 2.04805130e-07
3.91000000e+01 2.06937723e-07
3.91500000e+01 2.07233343e-07
3.92000000e+01 2.06469593e-07
3.92500000e+01 2.06752883e-07
3.93000000e+01 2.05993613e-07
3.93500000e+01 2.05238417e-07
3.94000000e+01 2.05510113e-07
3.94500000e+01 2.04759383e-07
3.95000000e+01 2.05019377e-07
3.95500000e+01 2.04273077e-07
3.96000000e+01 2.04521717e-07
3.96500000e+01 2.03779843e-07
3.97000000e+01 2.03041887e-07
3.97500000e+01 2.03279937e-07
3.98000000e+01 2.02546343e-07
3.98500000e+01 2.02773637e-07
3.99000000e+01 2.04795303e-07
3.99500000e+01 2.05000773e-07
4.00000000e+01 2.04266577e-07
4.00500000e+01 2.03536207e-07
4.01000000e+01 2.03732247e-07
4.01500000e+01 2.03006293e-07
4.02000000e+01 2.03192500e-07
4.02500000e+01 2.02470923e-07
4.03000000e+01 2.02647610e-07
4.03500000e+01 2.01930433e-07
4.04000000e+01 2.01216923e-07
4.04500000e+01 2.01384977e-07
4.05000000e+01 2.00675803e-07
4.05500000e+01 2.00834810e-07
4.06000000e+01 2.00129943e-07
4.06500000e+01 1.99428673e-07
4.07000000e+01 1.99579577e-07
4.07500000e+01 2.01497420e-07
4.08000000e+01 2.01629413e-07
4.08500000e+01 2.00928047e-07
4.09000000e+01 2.01051797e-07
4.09500000e+01 2.00354740e-07
4.10000000e+01 1.99661180e-07
4.10500000e+01 1.99777727e-07
4.11000000e+01 1.99088437e-07
4.11500000e+01 1.99197183e-07
4.12000000e+01 1.98512137e-07
4.12500000e+01 1.97830497e-07
4.13000000e+01 1.97932490e-07
4.13500000e+01 1.97255030e-07
4.14000000e+01 1.97349610e-07
4.14500000e+01 1.96676347e-07
4.15000000e+01 1.96006393e-07
4.15500000e+01 1.96094623e-07
4.16000000e+01 1.95428803e-07
4.16500000e+01 1.97991643e-07
4.17000000e+01 1.97321963e-07
4.17500000e+01 1.96655537e-07
4.18000000e+01 1.96721457e-07
4.18500000e+01 1.96059163e-07
4.19000000e+01 1.96118560e-07
4.19500000e+01 1.95460413e-07
4.20000000e+01 1.94805430e-07
4.20500000e+01 1.94859357e-07
4.21000000e+01 1.94208433e-07
4.21500000e+01 1.94256157e-07
4.22000000e+01 1.93609297e-07
4.22500000e+01 1.92965543e-07
4.23000000e+01 1.93008153e-07
4.23500000e+01 1.92368380e-07
4.24000000e+01 1.92405127e-07
4.24500000e+01 1.91769337e-07
4.25000000e+01 1.91136567e-07
4.25500000e+01 1.93530473e-07
4.26000000e+01 1.92894257e-07
4.26500000e+01 1.92912047e-07
4.27000000e+01 1.92279813e-07
4.27500000e+01 1.91650550e-07
4.28000000e+01 1.91663960e-07
4.28500000e+01 1.91038623e-07
4.29000000e+01 1.90416240e-07
4.29500000e+01 1.90425430e-07
4.30000000e+01 1.89806910e-07
4.30500000e+01 1.89811057e-07
4.31000000e+01 1.89196397e-07
4.31500000e+01 1.88584590e-07
4.32000000e+01 1.88584783e-07
4.32500000e+01 1.87976780e-07
4.33000000e+01 1.87972187e-07
4.33500000e+01 1.87367970e-07
4.34000000e+01 1.86766547e-07
4.34500000e+01 1.86758270e-07
4.35000000e+01 1.88406543e-07
4.35500000e+01 1.87804790e-07
4.36000000e+01 1.87785053e-07
4.36500000e+01 1.87187057e-07
4.37000000e+01 1.87163000e-07
4.37500000e+01 1.86568730e-07
4.38000000e+01 1.85977173e-07
4.38500000e+01 1.85949903e-07
4.39000000e+01 1.85362017e-07
4.39500000e+01 1.84776800e-07
4.40000000e+01 1.84746413e-07
4.40500000e+01 1.84164840e-07
4.41000000e+01 1.84130450e-07
4.41500000e+01 1.83552487e-07
4.42000000e+01 1.82977123e-07
4.42500000e+01 1.82939840e-07
4.43000000e+01 1.82368050e-07
4.43500000e+01 1.81798830e-07
4.44000000e+01 1.81758720e-07
4.44500000e+01 1.81193023e-07
4.45000000e+01 1.83282140e-07
4.45500000e+01 1.82713667e-07
4.46000000e+01 1.82147710e-07
4.46500000e+01 1.82094147e-07
4.47000000e+01 1.81531710e-07
4.47500000e+01 1.80971773e-07
4.48000000e+01 1.80915790e-07
4.48500000e+01 1.80359307e-07
4.49000000e+01 1.79805290e-07
4.49500000e+01 1.79746973e-07
4.50000000e+01 1.79196390e-07
4.50500000e+01 1.79134823e-07
4.51000000e+01 1.78587623e-07
4.51500000e+01 1.78042837e-07
4.52000000e+01 1.77979117e-07
4.52500000e+01 1.77437683e-07
4.53000000e+01 1.76898613e-07
4.53500000e+01 1.76832790e-07
4.54000000e+01 1.76297053e-07
4.54500000e+01 1.75763620e-07
4.55000000e+01 1.75695780e-07
4.55500000e+01 1.77190660e-07
4.56000000e+01 1.76657020e-07
4.56500000e+01 1.76580667e-07
4.57000000e+01 1.76050297e-07
4.57500000e+01 1.75971167e-07
4.58000000e+01 1.75444060e-07
4.58500000e+01 1.74919233e-07
4.59000000e+01 1.74838410e-07
4.59500000e+01 1.74316807e-07
4.60000000e+01 1.73797413e-07
4.60500000e+01 1.73714940e-07
4.61000000e+01 1.73198753e-07
4.61500000e+01 1.72684760e-07
4.62000000e+01 1.72600703e-07
4.62500000e+01 1.72089843e-07
4.63000000e+01 1.71581153e-07
4.63500000e+01 1.71495583e-07
4.64000000e+01 1.70990007e-07
4.64500000e+01 1.70486543e-07
4.65000000e+01 1.70399513e-07
4.65500000e+01 1.69899130e-07
4.66000000e+01 1.71327590e-07
4.66500000e+01 1.71233100e-07
4.67000000e+01 1.70732497e-07
4.67500000e+01 1.70635770e-07
4.68000000e+01 1.70138243e-07
4.68500000e+01 1.69642780e-07
4.69000000e+01 1.69544833e-07
4.69500000e+01 1.69052387e-07
4.70000000e+01 1.68561997e-07
4.70500000e+01 1.68462903e-07
4.71000000e+01 1.67975487e-07
4.71500000e+01 1.67490080e-07
4.72000000e+01 1.67389887e-07
4.72500000e+01 1.66907430e-07
4.73000000e+01 1.66426960e-07
4.73500000e+01 1.66325710e-07
4.74000000e+01 1.65848143e-07
4.74500000e+01 1.65372533e-07
4.75000000e+01 1.65270270e-07
4.75500000e+01 1.64797547e-07
4.76000000e+01 1.64326743e-07
4.76500000e+01 1.64223503e-07
4.77000000e+01 1.65586857e-07
4.77500000e+01 1.65115840e-07
4.78000000e+01 1.65006153e-07
4.78500000e+01 1.64537970e-07
4.79000000e+01 1.64071687e-07
4.79500000e+01 1.63961190e-07
4.80000000e+01 1.63497720e-07
4.80500000e+01 1.63036107e-07
4.81000000e+01 1.62924830e-07
4.81500000e+01 1.62465997e-07
4.82000000e+01 1.62009017e-07
4.82500000e+01 1.61897017e-07
4.83000000e+01 1.61442777e-07
4.83500000e+01 1.60990347e-07
4.84000000e+01 1.60877647e-07
4.84500000e+01 1.60427927e-07
4.85000000e+01 1.59980000e-07
4.85500000e+01 1.59866643e-07
4.86000000e+01 1.59421387e-07
4.86500000e+01 1.58977910e-07
4.87000000e+01 1.58863930e-07
4.87500000e+01 1.58423087e-07
4.88000000e+01 1.57983990e-07
4.88500000e+01 1.59609097e-07
4.89000000e+01 1.59168023e-07
4.89500000e+01 1.58728687e-07
4.90000000e+01 1.58608503e-07
4.90500000e+01 1.58171787e-07
4.91000000e+01 1.57736783e-07
4.91500000e+01 1.57616143e-07
4.92000000e+01 1.57183723e-07
4.92500000e+01 1.56752980e-07
4.93000000e+01 1.56323930e-07
4.93500000e+01 1.56203740e-07
4.94000000e+01 1.55777227e-07
4.94500000e+01 1.55352370e-07
4.95000000e+01 1.55231760e-07
4.95500000e+01 1.54809413e-07
4.96000000e+01 1.54388710e-07
4.96500000e+01 1.54267723e-07
4.97000000e+01 1.53849483e-07
4.97500000e+01 1.53432877e-07
4.98000000e+01 1.53311527e-07
4.98500000e+01 1.52897370e-07
4.99000000e+01 1.52484790e-07
4.99500000e+01 1.52363110e-07
5.00000000e+01 1.51952967e-07
5.00500000e+01 1.53196653e-07
5.01000000e+01 1.53070010e-07
5.01500000e+01 1.52659593e-07
5.02000000e+01 1.52250753e-07
5.02500000e+01 1.51843477e-07
5.03000000e+01 1.51717427e-07
5.03500000e+01 1.51312527e-07
5.04000000e+01 1.50909160e-07
5.04500000e+01 1.50782920e-07
5.05000000e+01 1.50381917e-07
5.05500000e+01 1.49982430e-07
5.06000000e+01 1.49855990e-07
5.06500000e+01 1.49458823e-07
5.07000000e+01 1.49063163e-07
5.07500000e+01 1.48936577e-07
5.08000000e+01 1.48543220e-07
5.08500000e+01 1.48151327e-07
5.09000000e+01 1.48024597e-07
5.09500000e+01 1.47634973e-07
5.10000000e+01 1.47246827e-07
5.10500000e+01 1.46860120e-07
5.11000000e+01 1.46734053e-07
5.11500000e+01 1.46349587e-07
5.12000000e+01 1.45966553e-07
5.12500000e+01 1.45840390e-07
5.13000000e+01 1.47027730e-07
5.13500000e+01 1.46644397e-07
5.14000000e+01 1.46513877e-07
5.14500000e+01 1.46132763e-07
5.15000000e+01 1.45753063e-07
5.15500000e+01 1.45374757e-07
5.16000000e+01 1.45245000e-07
5.16500000e+01 1.44868873e-07
5.17000000e+01 1.44494127e-07
5.17500000e+01 1.44364357e-07
5.18000000e+01 1.43991760e-07
5.18500000e+01 1.43620530e-07
5.19000000e+01 1.43490773e-07
5.19500000e+01 1.43121673e-07
5.20000000e+01 1.42753917e-07
5.20500000e+01 1.42387510e-07
5.21000000e+01 1.42258523e-07
5.21500000e+01 1.41894200e-07
5.22000000e+01 1.41531213e-07
5.22500000e+01 1.41402253e-07
5.23000000e+01 1.41041327e-07
5.23500000e+01 1.40681710e-07
5.24000000e+01 1.40552813e-07
5.24500000e+01 1.40195230e-07
5.25000000e+01 1.39838937e-07
5.25500000e+01 1.39483950e-07
5.26000000e+01 1.39355837e-07
5.26500000e+01 1.40487123e-07
5.27000000e+01 1.40131810e-07
5.27500000e+01 1.39999860e-07
5.28000000e+01 1.39646563e-07
5.28500000e+01 1.39294527e-07
5.29000000e+01 1.38943747e-07
5.29500000e+01 1.38812653e-07
5.30000000e+01 1.38463857e-07
5.30500000e+01 1.38116307e-07
5.31000000e+01 1.37985353e-07
5.31500000e+01 1.37639753e-07
5.32000000e+01 1.37295373e-07
5.32500000e+01 1.36952237e-07
5.33000000e+01 1.36822143e-07
5.33500000e+01 1.36480920e-07
5.34000000e+01 1.36140913e-07
5.34500000e+01 1.36010967e-07
5.35000000e+01 1.35672860e-07
5.35500000e+01 1.35335943e-07
5.36000000e+01 1.35000220e-07
5.36500000e+01 1.34871120e-07
5.37000000e+01 1.34537273e-07
5.37500000e+01 1.34204600e-07
5.38000000e+01 1.34075673e-07
5.38500000e+01 1.33744840e-07
5.39000000e+01 1.33415180e-07
5.39500000e+01 1.33086667e-07
5.40000000e+01 1.34366623e-07
5.40500000e+01 1.34036607e-07
5.41000000e+01 1.33707740e-07
5.41500000e+01 1.33576290e-07
5.42000000e+01 1.33249253e-07
5.42500000e+01 1.32923357e-07
5.43000000e+01 1.32598583e-07
5.43500000e+01 1.32468033e-07
5.44000000e+01 1.32145060e-07
5.44500000e+01 1.31823210e-07
5.45000000e+01 1.31692897e-07
5.45500000e+01 1.31372813e-07
5.46000000e+01 1.31053847e-07
5.46500000e+01 1.30735977e-07
5.47000000e+01 1.30606560e-07
5.47500000e+01 1.30290427e-07
5.48000000e+01 1.29975387e-07
5.48500000e+01 1.29661430e-07
5.49000000e+01 1.29532910e-07
5.49500000e+01 1.29220673e-07
5.50000000e+01 1.28909507e-07
5.50500000e+01 1.28781237e-07
5.51000000e+01 1.28471767e-07
5.51500000e+01 1.28163353e-07
5.52000000e+01 1.27855993e-07
5.52500000e+01 1.27728610e-07
5.53000000e+01 1.27422927e-07
5.53500000e+01 1.27118283e-07
5.54000000e+01 1.28150343e-07
5.54500000e+01 1.28020543e-07
5.55000000e+01 1.27715517e-07
5.55500000e+01 1.27411533e-07
5.56000000e+01 1.27282037e-07
5.56500000e+01 1.26979707e-07
5.57000000e+01 1.26678387e-07
5.57500000e+01 1.26378083e-07
5.58000000e+01 1.26249513e-07
5.58500000e+01 1.25950843e-07
5.59000000e+01 1.25653163e-07
5.59500000e+01 1.25356487e-07
5.60000000e+01 1.25228827e-07
5.60500000e+01 1.24933757e-07
5.61000000e+01 1.24639677e-07
5.61500000e+01 1.24512317e-07
5.62000000e+01 1.24219813e-07
5.62500000e+01 1.23928290e-07
5.63000000e+01 1.23637733e-07
5.63500000e+01 1.23511280e-07
5.64000000e+01 1.23222287e-07
5.64500000e+01 1.22934253e-07
5.65000000e+01 1.22647173e-07
5.65500000e+01 1.22521627e-07
5.66000000e+01 1.22236080e-07
5.66500000e+01 1.21951473e-07
5.67000000e+01 1.21667820e-07
5.67500000e+01 1.21543163e-07
5.68000000e+01 1.21261017e-07
5.68500000e+01 1.20979800e-07
5.69000000e+01 1.21963317e-07
5.69500000e+01 1.21836537e-07
5.70000000e+01 1.21554913e-07
5.70500000e+01 1.21274230e-07
5.71000000e+01 1.20994453e-07
5.71500000e+01 1.20868600e-07
5.72000000e+01 1.20590313e-07
5.72500000e+01 1.20312943e-07
5.73000000e+01 1.20187417e-07
5.73500000e+01 1.19911507e-07
5.74000000e+01 1.19636507e-07
5.74500000e+01 1.19362390e-07
5.75000000e+01 1.19237787e-07
5.75500000e+01 1.18965117e-07
5.76000000e+01 1.18693337e-07
5.76500000e+01 1.18422447e-07
5.77000000e+01 1.18298740e-07
5.77500000e+01 1.18029263e-07
5.78000000e+01 1.17760657e-07
5.78500000e+01 1.17492927e-07
5.79000000e+01 1.17370107e-07
5.79500000e+01 1.17103783e-07
5.80000000e+01 1.16838313e-07
5.80500000e+01 1.16573690e-07
5.81000000e+01 1.16451760e-07
5.81500000e+01 1.16188530e-07
5.82000000e+01 1.15926140e-07
5.82500000e+01 1.15664587e-07
5.83000000e+01 1.15543533e-07
5.83500000e+01 1.15283353e-07
5.84000000e+01 1.15024000e-07
5.84500000e+01 1.15961360e-07
5.85000000e+01 1.15838420e-07
5.85500000e+01 1.15578650e-07
5.86000000e+01 1.15319713e-07
5.86500000e+01 1.15061597e-07
5.87000000e+01 1.14939550e-07
5.87500000e+01 1.14682770e-07
5.88000000e+01 1.14426813e-07
5.88500000e+01 1.14171653e-07
5.89000000e+01 1.14050500e-07
5.89500000e+01 1.13796667e-07
5.90000000e+01 1.13543630e-07
5.90500000e+01 1.13291400e-07
5.91000000e+01 1.13171127e-07
5.91500000e+01 1.12920197e-07
5.92000000e+01 1.12670050e-07
5.92500000e+01 1.12420687e-07
5.93000000e+01 1.12172117e-07
5.93500000e+01 1.12053220e-07
5.94000000e+01 1.11805923e-07
5.94500000e+01 1.11559400e-07
5.95000000e+01 1.11313647e-07
5.95500000e+01 1.11195607e-07
5.96000000e+01 1.10951110e-07
5.96500000e+01 1.10707377e-07
5.97000000e+01 1.10464403e-07
5.97500000e+01 1.10347213e-07
5.98000000e+01 1.10105483e-07
5.98500000e+01 1.09864503e-07
5.99000000e+01 1.09624263e-07
5.99500000e+01 1.09507913e-07
6.00000000e+01 1.09268910e-07
6.00500000e+01 1.10162400e-07
6.01000000e+01 1.09922480e-07
6.01500000e+01 1.09804443e-07
6.02000000e+01 1.09565757e-07
6.02500000e+01 1.09327793e-07
6.03000000e+01 1.09090560e-07
6.03500000e+01 1.08854051e-07
6.04000000e+01 1.08737355e-07
6.04500000e+01 1.08502058e-07
6.05000000e+01 1.08267472e-07
6.05500000e+01 1.08033615e-07
6.06000000e+01 1.07917765e-07
6.06500000e+01 1.07685078e-07
6.07000000e+01 1.07453112e-07
6.07500000e+01 1.07221845e-07
6.08000000e+01 1.07106830e-07
6.08500000e+01 1.06876735e-07
6.09000000e+01 1.06647337e-07
6.09500000e+01 1.06418642e-07
6.10000000e+01 1.06304449e-07
6.10500000e+01 1.06076902e-07
6.11000000e+01 1.05850040e-07
6.11500000e+01 1.05623867e-07
6.12000000e+01 1.05398380e-07
6.12500000e+01 1.05285462e-07
6.13000000e+01 1.05061105e-07
6.13500000e+01 1.04837419e-07
6.14000000e+01 1.04614406e-07
6.14500000e+01 1.04502294e-07
6.15000000e+01 1.04280410e-07
6.15500000e+01 1.04059181e-07
6.16000000e+01 1.03838621e-07
6.16500000e+01 1.03618720e-07
6.17000000e+01 1.03507843e-07
6.17500000e+01 1.04358081e-07
6.18000000e+01 1.04137737e-07
6.18500000e+01 1.03918054e-07
6.19000000e+01 1.03805683e-07
6.19500000e+01 1.03587094e-07
6.20000000e+01 1.03369150e-07
6.20500000e+01 1.03151855e-07
6.21000000e+01 1.03040283e-07
6.21500000e+01 1.02824063e-07
6.22000000e+01 1.02608494e-07
6.22500000e+01 1.02393552e-07
6.23000000e+01 1.02179250e-07
6.23500000e+01 1.02068903e-07
6.24000000e+01 1.01855669e-07
6.24500000e+01 1.01643070e-07
6.25000000e+01 1.01431084e-07
6.25500000e+01 1.01219731e-07
6.26000000e+01 1.01110577e-07
6.26500000e+01 1.00900263e-07
6.27000000e+01 1.00690564e-07
6.27500000e+01 1.00481484e-07
6.28000000e+01 1.00373110e-07
6.28500000e+01 1.00165059e-07
6.29000000e+01 9.99576193e-08
6.29500000e+01 9.97507807e-08
6.30000000e+01 9.95445487e-08
6.30500000e+01 9.94373473e-08
6.31000000e+01 9.92321210e-08
6.31500000e+01 9.90274897e-08
6.32000000e+01 9.88234693e-08
6.32500000e+01 9.87170087e-08
6.33000000e+01 9.85139870e-08
6.33500000e+01 9.83115437e-08
6.34000000e+01 9.81097023e-08
6.34500000e+01 9.79084283e-08
6.35000000e+01 9.88132787e-08
6.35500000e+01 9.86109763e-08
6.36000000e+01 9.84092580e-08
6.36500000e+01 9.82081263e-08
6.37000000e+01 9.80075640e-08
6.37500000e+01 9.79012987e-08
6.38000000e+01 9.77017310e-08
6.38500000e+01 9.75027340e-08
6.39000000e+01 9.73042973e-08
6.39500000e+01 9.71987753e-08
6.40000000e+01 9.70012957e-08
6.40500000e+01 9.68043880e-08
6.41000000e+01 9.66080543e-08
6.41500000e+01 9.64122717e-08
6.42000000e+01 9.63078717e-08
6.42500000e+01 9.61130443e-08
6.43000000e+01 9.59187690e-08
6.43500000e+01 9.57250527e-08
6.44000000e+01 9.55318800e-08
6.44500000e+01 9.54285833e-08
6.45000000e+01 9.52363423e-08
6.45500000e+01 9.50446397e-08
6.46000000e+01 9.48534957e-08
6.46500000e+01 9.46628920e-08
6.47000000e+01 9.45606917e-08
6.47500000e+01 9.43709943e-08
6.48000000e+01 9.41818397e-08
6.48500000e+01 9.39932123e-08
6.49000000e+01 9.38051320e-08
6.49500000e+01 9.37039917e-08
6.50000000e+01 9.35167907e-08
6.50500000e+01 9.33301307e-08
6.51000000e+01 9.31440050e-08
6.51500000e+01 9.29583967e-08
6.52000000e+01 9.28583020e-08
6.52500000e+01 9.26735793e-08
6.53000000e+01 9.34443227e-08
6.53500000e+01 9.32587787e-08
6.54000000e+01 9.30737570e-08
6.54500000e+01 9.29727933e-08
6.55000000e+01 9.27886417e-08
6.55500000e+01 9.26050180e-08
6.56000000e+01 9.24219053e-08
6.56500000e+01 9.22393070e-08
6.57000000e+01 9.21393897e-08
6.57500000e+01 9.19576503e-08
6.58000000e+01 9.17764090e-08
6.58500000e+01 9.15956850e-08
6.59000000e+01 9.14154557e-08
6.59500000e+01 9.13165603e-08
6.60000000e+01 9.11371827e-08
6.60500000e+01 9.09583003e-08
6.61000000e+01 9.07799277e-08
6.61500000e+01 9.06020413e-08
6.62000000e+01 9.05041643e-08
6.62500000e+01 9.03270983e-08
6.63000000e+01 9.01505340e-08
6.63500000e+01 8.99744497e-08
6.64000000e+01 8.97988533e-08
6.64500000e+01 8.97019757e-08
6.65000000e+01 8.95272090e-08
6.65500000e+01 8.93529167e-08
6.66000000e+01 8.91791057e-08
6.66500000e+01 8.90057683e-08
6.67000000e+01 8.89098700e-08
6.67500000e+01 8.87373430e-08
6.68000000e+01 8.85652810e-08
6.68500000e+01 8.83936933e-08
6.69000000e+01 8.82225773e-08
6.69500000e+01 8.80519377e-08
6.70000000e+01 8.79573427e-08
6.70500000e+01 8.77874817e-08
6.71000000e+01 8.76180933e-08
6.71500000e+01 8.74491620e-08
6.72000000e+01 8.72806840e-08
6.72500000e+01 8.80866947e-08
6.73000000e+01 8.79173080e-08
6.73500000e+01 8.77483837e-08
6.74000000e+01 8.75799200e-08
6.74500000e+01 8.74119217e-08
6.75000000e+01 8.73174703e-08
6.75500000e+01 8.71502403e-08
6.76000000e+01 8.69834583e-08
6.76500000e+01 8.68171200e-08
6.77000000e+01 8.66512433e-08
6.77500000e+01 8.64858073e-08
6.78000000e+01 8.63926063e-08
6.78500000e+01 8.62279323e-08
6.79000000e+01 8.60637093e-08
6.79500000e+01 8.58999223e-08
6.80000000e+01 8.57365777e-08
6.80500000e+01 8.56442963e-08
6.81000000e+01 8.54816953e-08
6.81500000e+01 8.53195337e-08
6.82000000e+01 8.51577993e-08
6.82500000e+01 8.49965003e-08
6.83000000e+01 8.49051297e-08
6.83500000e+01 8.47445747e-08
6.84000000e+01 8.45844423e-08
6.84500000e+01 8.44247397e-08
6.85000000e+01 8.42654503e-08
6.85500000e+01 8.41065977e-08
6.86000000e+01 8.40164203e-08
6.86500000e+01 8.38582823e-08
6.87000000e+01 8.37005670e-08
6.87500000e+01 8.35432733e-08
6.88000000e+01 8.33863963e-08
6.88500000e+01 8.32299393e-08
6.89000000e+01 8.31409373e-08
6.89500000e+01 8.29851803e-08
6.90000000e+01 8.28298413e-08
6.90500000e+01 8.26748980e-08
6.91000000e+01 8.25203757e-08
6.91500000e+01 8.24322350e-08
6.92000000e+01 8.22784023e-08
6.92500000e+01 8.29731810e-08
6.93000000e+01 8.28186187e-08
6.93500000e+01 8.26644663e-08
6.94000000e+01 8.25107220e-08
6.94500000e+01 8.24221153e-08
6.95000000e+01 8.22690577e-08
6.95500000e+01 8.21163960e-08
6.96000000e+01 8.19641273e-08
6.96500000e+01 8.18122693e-08
6.97000000e+01 8.16608027e-08
6.97500000e+01 8.15733377e-08
6.98000000e+01 8.14225563e-08
6.98500000e+01 8.12721630e-08
6.99000000e+01 8.11221587e-08
6.99500000e+01 8.09725483e-08
7.00000000e+01 8.08233307e-08
7.00500000e+01 8.07369713e-08
7.01000000e+01 8.05884117e-08
7.01500000e+01 8.04402407e-08
7.02000000e+01 8.02924543e-08
7.02500000e+01 8.01450633e-08
7.03000000e+01 7.99980393e-08
7.03500000e+01 7.99127760e-08
7.04000000e+01 7.97664103e-08
7.04500000e+01 7.96204170e-08
7.05000000e+01 7.94748043e-08
7.05500000e+01 7.93295620e-08
7.06000000e+01 7.91846970e-08
7.06500000e+01 7.91005100e-08
7.07000000e+01 7.89562843e-08
7.07500000e+01 7.88124423e-08
7.08000000e+01 7.86689590e-08
7.08500000e+01 7.85258477e-08
7.09000000e+01 7.83830983e-08
7.09500000e+01 7.82999547e-08
7.10000000e+01 7.81578357e-08
7.10500000e+01 7.80160757e-08
7.11000000e+01 7.78746903e-08
7.11500000e+01 7.77336663e-08
7.12000000e+01 7.75929980e-08
7.12500000e+01 7.75108850e-08
7.13000000e+01 7.73708300e-08
7.13500000e+01 7.72311360e-08
7.14000000e+01 7.78891950e-08
7.14500000e+01 7.77488017e-08
7.15000000e+01 7.76087683e-08
7.15500000e+01 7.75262060e-08
7.16000000e+01 7.73867920e-08
7.16500000e+01 7.72477270e-08
7.17000000e+01 7.71090173e-08
7.17500000e+01 7.69706493e-08
7.18000000e+01 7.68326347e-08
7.18500000e+01 7.67510837e-08
7.19000000e+01 7.66136720e-08
7.19500000e+01 7.64766027e-08
7.20000000e+01 7.63398827e-08
7.20500000e+01 7.62035073e-08
7.21000000e+01 7.60674877e-08
7.21500000e+01 7.59317973e-08
7.22000000e+01 7.58514900e-08
7.22500000e+01 7.57163847e-08
7.23000000e+01 7.55816223e-08
7.23500000e+01 7.54472020e-08
7.24000000e+01 7.53131140e-08
7.24500000e+01 7.51793657e-08
7.25000000e+01 7.51000277e-08
7.25500000e+01 7.49668633e-08
7.26000000e+01 7.48340280e-08
7.26500000e+01 7.47015230e-08
7.27000000e+01 7.45693443e-08
7.27500000e+01 7.44374993e-08
7.28000000e+01 7.43059867e-08
7.28500000e+01 7.42278327e-08
7.29000000e+01 7.40968787e-08
7.29500000e+01 7.39662543e-08
7.30000000e+01 7.38359547e-08
7.30500000e+01 7.37059830e-08
7.31000000e+01 7.35763380e-08
7.31500000e+01 7.34991117e-08
7.32000000e+01 7.33700103e-08
7.32500000e+01 7.32412327e-08
7.33000000e+01 7.31127693e-08
7.33500000e+01 7.29846277e-08
7.34000000e+01 7.28568060e-08
7.34500000e+01 7.27293003e-08
7.35000000e+01 7.26532157e-08
7.35500000e+01 7.25262557e-08
7.36000000e+01 7.31499320e-08
7.36500000e+01 7.30223117e-08
7.37000000e+01 7.28949923e-08
7.37500000e+01 7.27679980e-08
7.38000000e+01 7.26413117e-08
7.38500000e+01 7.25650233e-08
7.39000000e+01 7.24388810e-08
7.39500000e+01 7.23130443e-08
7.40000000e+01 7.21875190e-08
7.40500000e+01 7.20622923e-08
7.41000000e+01 7.19373753e-08
7.41500000e+01 7.18127677e-08
7.42000000e+01 7.17375907e-08
7.42500000e+01 7.16135037e-08
7.43000000e+01 7.14897227e-08
7.43500000e+01 7.13662443e-08
7.44000000e+01 7.12430700e-08
7.44500000e+01 7.11201997e-08
7.45000000e+01 7.09976197e-08
7.45500000e+01 7.09235273e-08
7.46000000e+01 7.08014647e-08
7.46500000e+01 7.06796943e-08
7.47000000e+01 7.05582230e-08
7.47500000e+01 7.04370420e-08
7.48000000e+01 7.03161587e-08
7.48500000e+01 7.01955757e-08
7.49000000e+01 7.01225463e-08
7.49500000e+01 7.00024633e-08
7.50000000e+01 6.98826690e-08
7.50500000e+01 6.97631600e-08
7.51000000e+01 6.96439437e-08
7.51500000e+01 6.95250103e-08
7.52000000e+01 6.94063673e-08
7.52500000e+01 6.93343743e-08
7.53000000e+01 6.92162243e-08
7.53500000e+01 6.90983627e-08
7.54000000e+01 6.89807883e-08
7.54500000e+01 6.88634873e-08
7.55000000e+01 6.87464640e-08
7.55500000e+01 6.86297250e-08
7.56000000e+01 6.85132697e-08
7.56500000e+01 6.84424890e-08
7.57000000e+01 6.83265187e-08
7.57500000e+01 6.82108180e-08
7.58000000e+01 6.80954057e-08
7.58500000e+01 6.79802577e-08
7.59000000e+01 6.85709433e-08
7.59500000e+01 6.84551770e-08
7.60000000e+01 6.83841863e-08
7.60500000e+01 6.82688930e-08
7.61000000e+01 6.81538773e-08
7.61500000e+01 6.80391313e-08
7.62000000e+01 6.79246657e-08
7.62500000e+01 6.78104683e-08
7.63000000e+01 6.76965457e-08
7.63500000e+01 6.75828850e-08
7.64000000e+01 6.75130760e-08
7.64500000e+01 6.73998843e-08
7.65000000e+01 6.72869643e-08
7.65500000e+01 6.71743077e-08
7.66000000e+01 6.70619133e-08
7.66500000e+01 6.69497920e-08
7.67000000e+01 6.68379323e-08
7.67500000e+01 6.67263360e-08
7.68000000e+01 6.66576887e-08
7.68500000e+01 6.65465507e-08
7.69000000e+01 6.64356700e-08
7.69500000e+01 6.63250470e-08
7.70000000e+01 6.62146873e-08
7.70500000e+01 6.61045910e-08
7.71000000e+01 6.59947490e-08
7.71500000e+01 6.58851650e-08
7.72000000e+01 6.58176383e-08
7.72500000e+01 6.57085027e-08
7.73000000e+01 6.55996220e-08
7.73500000e+01 6.54909930e-08
7.74000000e+01 6.53826210e-08
7.74500000e+01 6.52744993e-08
7.75000000e+01 6.51666260e-08
7.75500000e+01 6.50590083e-08
7.76000000e+01 6.49925793e-08
7.76500000e+01 6.48853963e-08
7.77000000e+01 6.47784670e-08
7.77500000e+01 6.46717853e-08
7.78000000e+01 6.45653490e-08
7.78500000e+01 6.44591633e-08
7.79000000e+01 6.43532213e-08
7.79500000e+01 6.42475210e-08
7.80000000e+01 6.41821513e-08
7.80500000e+01 6.40768830e-08
7.81000000e+01 6.39718557e-08
7.81500000e+01 6.38670753e-08
7.82000000e+01 6.37625297e-08
7.82500000e+01 6.36582293e-08
7.83000000e+01 6.35541740e-08
7.83500000e+01 6.41123513e-08
7.84000000e+01 6.40077030e-08
7.84500000e+01 6.39424603e-08
7.85000000e+01 6.38382367e-08
7.85500000e+01 6.37342503e-08
7.86000000e+01 6.36305023e-08
7.86500000e+01 6.35269943e-08
7.87000000e+01 6.34237230e-08
7.87500000e+01 6.33206927e-08
7.88000000e+01 6.32178887e-08
7.88500000e+01 6.31536697e-08
7.89000000e+01 6.30512777e-08
7.89500000e+01 6.29491237e-08
7.90000000e+01 6.28472037e-08
7.90500000e+01 6.27455213e-08
7.91000000e+01 6.26440680e-08
7.91500000e+01 6.25428453e-08
7.92000000e+01 6.24418513e-08
7.92500000e+01 6.23410843e-08
7.93000000e+01 6.22780387e-08
7.93500000e+01 6.21776733e-08
7.94000000e+01 6.20775337e-08
7.94500000e+01 6.19776287e-08
7.95000000e+01 6.18779480e-08
7.95500000e+01 6.17784977e-08
7.96000000e+01 6.16792657e-08
7.96500000e+01 6.15802630e-08
7.97000000e+01 6.14814820e-08
7.97500000e+01 6.13829280e-08
7.98000000e+01 6.13211737e-08
7.98500000e+01 6.12230037e-08
7.99000000e+01 6.11250630e-08
7.99500000e+01 6.10273407e-08
8.00000000e+01 6.09298363e-08
