-2.00000000e+01 2.21068440e-06 2.21097340e-06
-1.99500000e+01 2.21938787e-06 2.21968150e-06
-1.99000000e+01 2.22814633e-06 2.22844437e-06
-1.98500000e+01 2.23695987e-06 2.23726233e-06
-1.98000000e+01 2.24582903e-06 2.24613593e-06
-1.97500000e+01 2.25475393e-06 2.25506567e-06
-1.97000000e+01 2.26373560e-06 2.26405223e-06
-1.96500000e+01 2.27277450e-06 2.27309590e-06
-1.96000000e+01 2.28187100e-06 2.28219710e-06
-1.95500000e+01 2.29102540e-06 2.29135643e-06
-1.95000000e+01 2.30023827e-06 2.30057443e-06
-1.94500000e+01 2.30951060e-06 2.30985177e-06
-1.94000000e+01 2.31884260e-06 2.31918873e-06
-1.93500000e+01 2.32823480e-06 2.32858610e-06
-1.93000000e+01 2.33768757e-06 2.33804397e-06
-1.92500000e+01 2.34720140e-06 2.34756347e-06
-1.92000000e+01 2.35677747e-06 2.35714490e-06
-1.91500000e+01 2.36641593e-06 2.36678863e-06
-1.91000000e+01 2.37611737e-06 2.37649540e-06
-1.90500000e+01 2.38588197e-06 2.38626580e-06
-1.90000000e+01 2.39571087e-06 2.39610057e-06
-1.89500000e+01 2.40560470e-06 2.40599997e-06
-1.89000000e+01 2.41556380e-06 2.41596490e-06
-1.88500000e+01 2.42558857e-06 2.42599563e-06
-1.88000000e+01 2.43567973e-06 2.43609290e-06
-1.87500000e+01 2.44583833e-06 2.44625757e-06
-1.87000000e+01 2.45606473e-06 2.45648990e-06
-1.86500000e+01 2.46635950e-06 2.46679073e-06
-1.86000000e+01 2.47672283e-06 2.47716060e-06
-1.85500000e+01 2.48715607e-06 2.48760040e-06
-1.85000000e+01 2.49765980e-06 2.49811060e-06
-1.84500000e+01 2.50823450e-06 2.50869170e-06
-1.84000000e+01 2.51888077e-06 2.51934453e-06
-1.83500000e+01 2.52959890e-06 2.53006973e-06
-1.83000000e+01 2.54039053e-06 2.54086820e-06
-1.82500000e+01 2.55125590e-06 2.55174030e-06
-1.82000000e+01 2.56219563e-06 2.56268713e-06
-1.81500000e+01 2.57321027e-06 2.57370870e-06
-1.81000000e+01 2.58430047e-06 2.58480657e-06
-1.80500000e+01 2.59546777e-06 2.59598110e-06
-1.80000000e+01 2.60671230e-06 2.60723287e-06
-1.79500000e+01 2.61803480e-06 2.61856277e-06
-1.79000000e+01 2.62943577e-06 2.62997153e-06
-1.78500000e+01 2.64091643e-06 2.64146020e-06
-1.78000000e+01 2.65247770e-06 2.65302903e-06
-1.77500000e+01 2.66412003e-06 2.66467940e-06
-1.77000000e+01 2.67584403e-06 2.67641153e-06
-1.76500000e+01 2.68765063e-06 2.68822643e-06
-1.76000000e+01 2.69954110e-06 2.70012520e-06
-1.75500000e+01 2.71151597e-06 2.71210830e-06
-1.75000000e+01 2.72357600e-06 2.72417693e-06
-1.74500000e+01 2.73572183e-06 2.73633120e-06
-1.74000000e+01 2.74795433e-06 2.74857293e-06
-1.73500000e+01 2.76027510e-06 2.76090253e-06
-1.73000000e+01 2.77268447e-06 2.77332070e-06
-1.72500000e+01 2.78518330e-06 2.78582853e-06
-1.72000000e+01 2.79777213e-06 2.79842687e-06
-1.71500000e+01 2.81045253e-06 2.81111693e-06
-1.71000000e+01 2.82322550e-06 2.82389920e-06
-1.70500000e+01 2.83609163e-06 2.83677507e-06
-1.70000000e+01 2.84905160e-06 2.84974493e-06
-1.69500000e+01 2.86210657e-06 2.86281003e-06
-1.69000000e+01 2.87525800e-06 2.87597160e-06
-1.68500000e+01 2.88850663e-06 2.88923023e-06
-1.68000000e+01 2.90185327e-06 2.90258710e-06
-1.67500000e+01 2.91529843e-06 2.91604313e-06
-1.67000000e+01 2.92884403e-06 2.92959967e-06
-1.66500000e+01 2.94249107e-06 2.94325753e-06
-1.66000000e+01 2.95624030e-06 2.95701760e-06
-1.65500000e+01 2.97009250e-06 2.97088103e-06
-1.65000000e+01 2.98404893e-06 2.98484903e-06
-1.64500000e+01 2.99811127e-06 2.99892287e-06
-1.64000000e+01 3.01228023e-06 3.01310330e-06
-1.63500000e+01 3.02655690e-06 3.02739187e-06
-1.63000000e+01 3.04094207e-06 3.04178890e-06
-1.62500000e+01 3.05543707e-06 3.05629663e-06
-1.62000000e+01 3.07004373e-06 3.07091573e-06
-1.61500000e+01 3.08476287e-06 3.08564717e-06
-1.61000000e+01 3.09959553e-06 3.10049240e-06
-1.60500000e+01 3.11454247e-06 3.11545257e-06
-1.60000000e+01 3.12960573e-06 3.13052933e-06
-1.59500000e+01 3.14478667e-06 3.14572330e-06
-1.59000000e+01 3.16008613e-06 3.16103633e-06
-1.58500000e+01 3.17550517e-06 3.17646923e-06
-1.58000000e+01 3.19104520e-06 3.19202347e-06
-1.57500000e+01 3.20670827e-06 3.20770073e-06
-1.57000000e+01 3.22249527e-06 3.22350190e-06
-1.56500000e+01 3.23840757e-06 3.23942853e-06
-1.56000000e+01 3.25444577e-06 3.25548200e-06
-1.55500000e+01 3.27061243e-06 3.27166400e-06
-1.55000000e+01 3.28690890e-06 3.28797570e-06
-1.54500000e+01 3.30333627e-06 3.30441840e-06
-1.54000000e+01 3.31989603e-06 3.32099370e-06
-1.53500000e+01 3.33658910e-06 3.33770307e-06
-1.53000000e+01 3.35341783e-06 3.35454843e-06
-1.52500000e+01 3.37038390e-06 3.37153077e-06
-1.52000000e+01 3.38748853e-06 3.38865217e-06
-1.51500000e+01 3.40473277e-06 3.40591357e-06
-1.51000000e+01 3.42211847e-06 3.42331690e-06
-1.50500000e+01 3.43964817e-06 3.44086417e-06
-1.50000000e+01 3.45732287e-06 3.45855643e-06
-1.49500000e+01 3.47514410e-06 3.47639560e-06
-1.49000000e+01 3.49311313e-06 3.49438340e-06
-1.48500000e+01 3.51123257e-06 3.51252190e-06
-1.48000000e+01 3.52950417e-06 3.53081257e-06
-1.47500000e+01 3.54792943e-06 3.54925687e-06
-1.47000000e+01 3.56650963e-06 3.56785687e-06
-1.46500000e+01 3.58524693e-06 3.58661437e-06
-1.46000000e+01 3.60414393e-06 3.60553170e-06
-1.45500000e+01 3.62320210e-06 3.62461010e-06
-1.45000000e+01 3.64242310e-06 3.64385213e-06
-1.44500000e+01 3.66180857e-06 3.66325870e-06
-1.44000000e+01 3.68136063e-06 3.68283307e-06
-1.43500000e+01 3.70108233e-06 3.70257670e-06
-1.43000000e+01 3.72097497e-06 3.72249133e-06
-1.42500000e+01 3.74104047e-06 3.74257933e-06
-1.42000000e+01 3.76128047e-06 3.76284277e-06
-1.41500000e+01 3.78169800e-06 3.78328410e-06
-1.41000000e+01 3.80229540e-06 3.80390510e-06
-1.40500000e+01 3.82307443e-06 3.82470843e-06
-1.40000000e+01 3.84403680e-06 3.84569560e-06
-1.39500000e+01 3.86518517e-06 3.86686927e-06
-1.39000000e+01 3.88652260e-06 3.88823223e-06
-1.38500000e+01 3.90805093e-06 3.90978617e-06
-1.38000000e+01 3.92977247e-06 3.93153377e-06
-1.37500000e+01 3.95168873e-06 3.95347730e-06
-1.37000000e+01 3.97380360e-06 3.97561980e-06
-1.36500000e+01 3.99611950e-06 3.99796333e-06
-1.36000000e+01 4.01863857e-06 4.02051027e-06
-1.35500000e+01 4.04136320e-06 4.04326337e-06
-1.35000000e+01 4.06429567e-06 4.06622533e-06
-1.34500000e+01 4.08743950e-06 4.08939920e-06
-1.34000000e+01 4.11079757e-06 4.11278707e-06
-1.33500000e+01 4.13437220e-06 4.13639250e-06
-1.33000000e+01 4.15816567e-06 4.16021693e-06
-1.32500000e+01 4.18218103e-06 4.18426483e-06
-1.32000000e+01 4.20642243e-06 4.20853827e-06
-1.31500000e+01 4.23089190e-06 4.23304070e-06
-1.31000000e+01 4.25559220e-06 4.25777413e-06
-1.30500000e+01 4.28052647e-06 4.28274250e-06
-1.30000000e+01 4.30569783e-06 4.30794900e-06
-1.29500000e+01 4.33111037e-06 4.33339673e-06
-1.29000000e+01 4.35676657e-06 4.35908890e-06
-1.28500000e+01 4.38266883e-06 4.38502767e-06
-1.28000000e+01 4.40882200e-06 4.41121813e-06
-1.27500000e+01 4.43522857e-06 4.43766257e-06
-1.27000000e+01 4.46189277e-06 4.46436533e-06
-1.26500000e+01 4.48881710e-06 4.49132903e-06
-1.26000000e+01 4.51600593e-06 4.51855747e-06
-1.25500000e+01 4.54346203e-06 4.54605487e-06
-1.25000000e+01 4.57119017e-06 4.57382413e-06
-1.24500000e+01 4.59919367e-06 4.60186987e-06
-1.24000000e+01 4.62747593e-06 4.63019510e-06
-1.23500000e+01 4.65604167e-06 4.65880440e-06
-1.23000000e+01 4.68489400e-06 4.68770123e-06
-1.22500000e+01 4.71403777e-06 4.71689060e-06
-1.22000000e+01 4.74347670e-06 4.74637557e-06
-1.21500000e+01 4.77321447e-06 4.77616080e-06
-1.21000000e+01 4.80325637e-06 4.80625057e-06
-1.20500000e+01 4.83360593e-06 4.83664893e-06
-1.20000000e+01 4.86426853e-06 4.86736110e-06
-1.19500000e+01 4.89524753e-06 4.89839090e-06
-1.19000000e+01 4.92654810e-06 4.92974350e-06
-1.18500000e+01 4.95817497e-06 4.96142253e-06
-1.18000000e+01 4.99013273e-06 4.99343437e-06
-1.17500000e+01 5.02242663e-06 5.02578293e-06
-1.17000000e+01 5.05506077e-06 5.05847293e-06
-1.16500000e+01 5.08804157e-06 5.09151017e-06
-1.16000000e+01 5.12137263e-06 5.12489913e-06
-1.15500000e+01 5.15506043e-06 5.15864627e-06
-1.15000000e+01 5.18910947e-06 5.19275527e-06
-1.14500000e+01 5.22352560e-06 5.22723317e-06
-1.14000000e+01 5.25831437e-06 5.26208450e-06
-1.13500000e+01 5.29348137e-06 5.29731503e-06
-1.13000000e+01 5.32903287e-06 5.33293140e-06
-1.12500000e+01 5.36497357e-06 5.36893843e-06
-1.12000000e+01 5.40131053e-06 5.40534303e-06
-1.11500000e+01 5.43804910e-06 5.44215080e-06
-1.11000000e+01 5.47519653e-06 5.47936873e-06
-1.10500000e+01 5.51275860e-06 5.51700263e-06
-1.10000000e+01 5.55074120e-06 5.55505860e-06
-1.09500000e+01 5.58915247e-06 5.59354417e-06
-1.09000000e+01 5.62799727e-06 5.63246547e-06
-1.08500000e+01 5.66728463e-06 5.67183033e-06
-1.08000000e+01 5.70701980e-06 5.71164493e-06
-1.07500000e+01 5.74721067e-06 5.75191733e-06
-1.07000000e+01 5.78786470e-06 5.79265373e-06
-1.06500000e+01 5.82898927e-06 5.83386277e-06
-1.06000000e+01 5.87059223e-06 5.87555197e-06
-1.05500000e+01 5.91268067e-06 5.91772840e-06
-1.05000000e+01 5.95526380e-06 5.96040097e-06
-1.04500000e+01 5.99834830e-06 6.00357710e-06
-1.04000000e+01 6.04194383e-06 6.04726657e-06
-1.03500000e+01 6.08605827e-06 6.09147600e-06
-1.03000000e+01 6.13069953e-06 6.13621583e-06
-1.02500000e+01 6.17587800e-06 6.18149383e-06
-1.02000000e+01 6.22160150e-06 6.22731910e-06
-1.01500000e+01 6.26788077e-06 6.27370210e-06
-1.01000000e+01 6.31472340e-06 6.32065117e-06
-1.00500000e+01 6.36214003e-06 6.36817687e-06
-1.00000000e+01 6.41014057e-06 6.41628770e-06
-9.95000000e+00 6.45873497e-06 6.46499593e-06
-9.90000000e+00 6.50793393e-06 6.51431087e-06
-9.85000000e+00 6.55774680e-06 6.56424243e-06
-9.80000000e+00 6.60818650e-06 6.61480260e-06
-9.75000000e+00 6.65926180e-06 6.66600167e-06
-9.70000000e+00 6.71098577e-06 6.71785217e-06
-9.65000000e+00 6.76336867e-06 6.77036460e-06
-9.60000000e+00 6.81642290e-06 6.82355173e-06
-9.55000000e+00 6.87016067e-06 6.87742477e-06
-9.50000000e+00 6.92459417e-06 6.93199630e-06
-9.45000000e+00 6.97973687e-06 6.98728020e-06
-9.40000000e+00 7.03559983e-06 7.04328797e-06
-9.35000000e+00 7.09219793e-06 7.10003417e-06
-9.30000000e+00 7.14954380e-06 7.15753150e-06
-9.25000000e+00 7.20765270e-06 7.21579583e-06
-9.20000000e+00 7.26653790e-06 7.27483980e-06
-9.15000000e+00 7.32621303e-06 7.33467770e-06
-9.10000000e+00 7.38669517e-06 7.39532567e-06
-9.05000000e+00 7.44799780e-06 7.45679840e-06
-9.00000000e+00 7.51013863e-06 7.51911303e-06
-8.95000000e+00 7.57313140e-06 7.58228427e-06
-8.90000000e+00 7.63699360e-06 7.64632983e-06
-8.85000000e+00 7.70174237e-06 7.71126517e-06
-8.80000000e+00 7.76739473e-06 7.77710920e-06
-8.75000000e+00 7.83396897e-06 7.84387977e-06
-8.70000000e+00 7.90148187e-06 7.91159370e-06
-8.65000000e+00 7.96995410e-06 7.98027140e-06
-8.60000000e+00 8.03940250e-06 8.04993077e-06
-8.55000000e+00 8.10984897e-06 8.12059400e-06
-8.50000000e+00 8.18131250e-06 8.19227827e-06
-8.45000000e+00 8.25381247e-06 8.26500700e-06
-8.40000000e+00 8.32737227e-06 8.33879980e-06
-8.35000000e+00 8.40201290e-06 8.41367863e-06
-8.30000000e+00 8.47775767e-06 8.48966783e-06
-8.25000000e+00 8.55462670e-06 8.56678827e-06
-8.20000000e+00 8.63264623e-06 8.64506530e-06
-8.15000000e+00 8.71183870e-06 8.72452243e-06
-8.10000000e+00 8.79223103e-06 8.80518597e-06
-8.05000000e+00 8.87384740e-06 8.88708077e-06
-8.00000000e+00 8.95671270e-06 8.97023203e-06
-7.95000000e+00 9.04085740e-06 9.05466867e-06
-7.90000000e+00 9.12630560e-06 9.14041750e-06
-7.85000000e+00 9.21308853e-06 9.22750927e-06
-7.80000000e+00 9.30123340e-06 9.31597147e-06
-7.75000000e+00 9.39077123e-06 9.40583597e-06
-7.70000000e+00 9.48173323e-06 9.49713243e-06
-7.65000000e+00 9.57415120e-06 9.58989313e-06
-7.60000000e+00 9.66805893e-06 9.68415340e-06
-7.55000000e+00 9.76348657e-06 9.77994447e-06
-7.50000000e+00 9.86047367e-06 9.87730300e-06
-7.45000000e+00 9.95905233e-06 9.97626503e-06
-7.40000000e+00 1.00592612e-05 1.00768689e-05
-7.35000000e+00 1.01611386e-05 1.01791500e-05
-7.30000000e+00 1.02647203e-05 1.02831495e-05
-7.25000000e+00 1.03700513e-05 1.03889079e-05
-7.20000000e+00 1.04771700e-05 1.04964670e-05
-7.15000000e+00 1.05861217e-05 1.06058707e-05
-7.10000000e+00 1.06969467e-05 1.07171623e-05
-7.05000000e+00 1.08096927e-05 1.08303897e-05
-7.00000000e+00 1.09244070e-05 1.09455960e-05
-6.95000000e+00 1.10411370e-05 1.10628360e-05
-6.90000000e+00 1.11599333e-05 1.11821563e-05
-6.85000000e+00 1.12808473e-05 1.13036087e-05
-6.80000000e+00 1.14039327e-05 1.14272487e-05
-6.75000000e+00 1.15292423e-05 1.15531307e-05
-6.70000000e+00 1.16568350e-05 1.16813140e-05
-6.65000000e+00 1.17867690e-05 1.18118540e-05
-6.60000000e+00 1.19191027e-05 1.19448160e-05
-6.55000000e+00 1.20539017e-05 1.20802607e-05
-6.50000000e+00 1.21912287e-05 1.22182530e-05
-6.45000000e+00 1.23311517e-05 1.23588627e-05
-6.40000000e+00 1.24737387e-05 1.25021577e-05
-6.35000000e+00 1.26190620e-05 1.26482127e-05
-6.30000000e+00 1.27671940e-05 1.27970997e-05
-6.25000000e+00 1.29182140e-05 1.29489000e-05
-6.20000000e+00 1.30722000e-05 1.31036900e-05
-6.15000000e+00 1.32292333e-05 1.32615533e-05
-6.10000000e+00 1.33894007e-05 1.34225780e-05
-6.05000000e+00 1.35527883e-05 1.35868517e-05
-6.00000000e+00 1.37194887e-05 1.37544687e-05
-5.95000000e+00 1.38895950e-05 1.39255223e-05
-5.90000000e+00 1.40632090e-05 1.41001157e-05
-5.85000000e+00 1.42404287e-05 1.42783483e-05
-5.80000000e+00 1.44213610e-05 1.44603277e-05
-5.75000000e+00 1.46061167e-05 1.46461677e-05
-5.70000000e+00 1.47948093e-05 1.48359800e-05
-5.65000000e+00 1.49875580e-05 1.50298883e-05
-5.60000000e+00 1.51844830e-05 1.52280150e-05
-5.55000000e+00 1.53857137e-05 1.54304930e-05
-5.50000000e+00 1.55913840e-05 1.56374513e-05
-5.45000000e+00 1.58016290e-05 1.58490340e-05
-5.40000000e+00 1.60165957e-05 1.60653857e-05
-5.35000000e+00 1.62364323e-05 1.62866577e-05
-5.30000000e+00 1.64612960e-05 1.65130093e-05
-5.25000000e+00 1.66913457e-05 1.67446040e-05
-5.20000000e+00 1.69267530e-05 1.69816173e-05
-5.15000000e+00 1.71676937e-05 1.72242197e-05
-5.10000000e+00 1.74143497e-05 1.74726073e-05
-5.05000000e+00 1.76669157e-05 1.77269683e-05
-5.00000000e+00 1.79255893e-05 1.79875063e-05
-4.95000000e+00 1.81905820e-05 1.82544363e-05
-4.90000000e+00 1.84621077e-05 1.85279773e-05
-4.85000000e+00 1.87403967e-05 1.88083633e-05
-4.80000000e+00 1.90256850e-05 1.90958337e-05
-4.75000000e+00 1.93182253e-05 1.93906460e-05
-4.70000000e+00 1.96182753e-05 1.96930597e-05
-4.65000000e+00 1.99261083e-05 2.00033537e-05
-4.60000000e+00 2.02420117e-05 2.03218210e-05
-4.55000000e+00 2.05662810e-05 2.06487627e-05
-4.50000000e+00 2.08992330e-05 2.09845030e-05
-4.45000000e+00 2.12411923e-05 2.13293720e-05
-4.40000000e+00 2.15925103e-05 2.16837273e-05
-4.35000000e+00 2.19535460e-05 2.20479313e-05
-4.30000000e+00 2.23246800e-05 2.24223737e-05
-4.25000000e+00 2.27063133e-05 2.28074647e-05
-4.20000000e+00 2.30988653e-05 2.32036307e-05
-4.15000000e+00 2.35027810e-05 2.36113270e-05
-4.10000000e+00 2.39185247e-05 2.40310253e-05
-4.05000000e+00 2.43465887e-05 2.44632353e-05
-4.00000000e+00 2.47874917e-05 2.49084727e-05
-3.95000000e+00 2.52417757e-05 2.53673040e-05
-3.90000000e+00 2.57100227e-05 2.58403153e-05
-3.85000000e+00 2.61928397e-05 2.63281290e-05
-3.80000000e+00 2.66908730e-05 2.68314047e-05
-3.75000000e+00 2.72047980e-05 2.73508373e-05
-3.70000000e+00 2.77353403e-05 2.78871723e-05
-3.65000000e+00 2.82832630e-05 2.84411727e-05
-3.60000000e+00 2.88493723e-05 2.90136883e-05
-3.55000000e+00 2.94345337e-05 2.96055853e-05
-3.50000000e+00 3.00396557e-05 3.02178003e-05
-3.45000000e+00 3.06657127e-05 3.08513310e-05
-3.40000000e+00 3.13137290e-05 3.15072323e-05
-3.35000000e+00 3.19848087e-05 3.21866373e-05
-3.30000000e+00 3.26801210e-05 3.28907330e-05
-3.25000000e+00 3.34009110e-05 3.36208180e-05
-3.20000000e+00 3.41485187e-05 3.43782497e-05
-3.15000000e+00 3.49243667e-05 3.51644917e-05
-3.10000000e+00 3.57299833e-05 3.59811173e-05
-3.05000000e+00 3.65669950e-05 3.68298033e-05
-3.00000000e+00 3.74371583e-05 3.77123563e-05
-2.95000000e+00 3.83423493e-05 3.86307040e-05
-2.90000000e+00 3.92845987e-05 3.95869433e-05
-2.85000000e+00 4.02660763e-05 4.05832987e-05
-2.80000000e+00 4.12891273e-05 4.16221903e-05
-2.75000000e+00 4.23562847e-05 4.27062347e-05
-2.70000000e+00 4.34702810e-05 4.38382497e-05
-2.65000000e+00 4.46340717e-05 4.50212953e-05
-2.60000000e+00 4.58508603e-05 4.62586747e-05
-2.55000000e+00 4.71241373e-05 4.75540063e-05
-2.50000000e+00 4.84576787e-05 4.89111793e-05
-2.45000000e+00 4.98555980e-05 5.03344650e-05
-2.40000000e+00 5.13224013e-05 5.18285247e-05
-2.35000000e+00 5.28629937e-05 5.33984430e-05
-2.30000000e+00 5.44827500e-05 5.50498043e-05
-2.25000000e+00 5.61875580e-05 5.67887220e-05
-2.20000000e+00 5.79839010e-05 5.86219537e-05
-2.15000000e+00 5.98789163e-05 6.05568710e-05
-2.10000000e+00 6.18804613e-05 6.26017020e-05
-2.05000000e+00 6.39972610e-05 6.47655007e-05
-2.00000000e+00 6.62389530e-05 6.70583243e-05
-1.95000000e+00 6.86162613e-05 6.94913640e-05
-1.90000000e+00 7.11411037e-05 7.20770737e-05
-1.85000000e+00 7.38267940e-05 7.48293953e-05
-1.80000000e+00 7.66882260e-05 7.77638263e-05
-1.75000000e+00 7.97420623e-05 8.08979180e-05
-1.70000000e+00 8.30070637e-05 8.42512370e-05
-1.65000000e+00 8.65043020e-05 8.78459013e-05
-1.60000000e+00 9.02575380e-05 9.17068363e-05
-1.55000000e+00 9.42935597e-05 9.58621720e-05
-1.50000000e+00 9.86426370e-05 1.00343685e-04
-1.45000000e+00 1.03338925e-04 1.05187212e-04
-1.40000000e+00 1.08420962e-04 1.10433197e-04
-1.35000000e+00 1.13932025e-04 1.16126951e-04
-1.30000000e+00 1.19920545e-04 1.22319143e-04
-1.25000000e+00 1.26440225e-04 1.29065800e-04
-1.20000000e+00 1.33549863e-04 1.36427983e-04
-1.15000000e+00 1.41312663e-04 1.44470847e-04
-1.10000000e+00 1.49794493e-04 1.53261533e-04
-1.05000000e+00 1.59061080e-04 1.62866010e-04
-1.00000000e+00 1.69173060e-04 1.73343137e-04
-9.50000000e-01 1.80179270e-04 1.84737730e-04
-9.00000000e-01 1.92108110e-04 1.97070930e-04
-8.50000000e-01 2.04957400e-04 2.10330667e-04
-8.00000000e-01 2.18687170e-04 2.24465600e-04
-7.50000000e-01 2.33218767e-04 2.39387263e-04
-7.00000000e-01 2.48446720e-04 2.54987477e-04
-6.50000000e-01 2.64267460e-04 2.71170810e-04
-6.00000000e-01 2.80620797e-04 2.87899867e-04
-5.50000000e-01 2.97532170e-04 3.05232077e-04
-5.00000000e-01 3.15133653e-04 3.23332023e-04
-4.50000000e-01 3.33650180e-04 3.42444957e-04
-4.00000000e-01 3.53349150e-04 3.62837037e-04
-3.50000000e-01 3.74469303e-04 3.84721740e-04
-3.00000000e-01 3.97153960e-04 4.08196487e-04
-2.50000000e-01 4.21408273e-04 4.33213310e-04
-2.00000000e-01 4.47099757e-04 4.59590707e-04
-1.50000000e-01 4.74003880e-04 4.87076873e-04
-1.00000000e-01 5.01888687e-04 5.15441763e-04
-5.00000000e-02 5.30607463e-04 5.44566173e-04
0.00000000e+00 5.60154563e-04 5.74478547e-04
5.00000000e-02 5.90649423e-04 6.05312340e-04
1.00000000e-01 6.22242390e-04 6.37193863e-04
1.50000000e-01 6.54986103e-04 6.70110370e-04
2.00000000e-01 6.88728317e-04 7.03821313e-04
2.50000000e-01 7.23075100e-04 7.37847547e-04
3.00000000e-01 7.57429290e-04 7.71531437e-04
3.50000000e-01 7.91073443e-04 8.04124317e-04
4.00000000e-01 8.23249730e-04 8.34862167e-04
4.50000000e-01 8.53216243e-04 8.63017440e-04
5.00000000e-01 8.80303513e-04 8.87964587e-04
5.50000000e-01 9.04001987e-04 9.09282847e-04
6.00000000e-01 9.24085370e-04 9.26882887e-04
6.50000000e-01 9.40713950e-04 9.41089607e-04
7.00000000e-01 9.54448697e-04 9.52615823e-04
7.50000000e-01 9.66140147e-04 9.62410077e-04
8.00000000e-01 9.76711603e-04 9.71419190e-04
8.50000000e-01 9.86906300e-04 9.80339740e-04
9.00000000e-01 9.97075703e-04 9.89431867e-04
9.50000000e-01 1.00707103e-03 9.98443787e-04
1.00000000e+00 1.01626611e-03 1.00666735e-03
1.05000000e+00 1.02369840e-03 1.01309703e-03
1.10000000e+00 1.02828203e-03 1.01664610e-03
1.15000000e+00 1.02903604e-03 1.01636731e-03
1.20000000e+00 1.02527358e-03 1.01163007e-03
1.25000000e+00 1.01672495e-03 1.00222516e-03
1.30000000e+00 1.00355687e-03 9.88369127e-04
1.35000000e+00 9.86302233e-04 9.70619363e-04
1.40000000e+00 9.65721583e-04 9.49736230e-04
1.45000000e+00 9.42660753e-04 9.26545880e-04
1.50000000e+00 9.17938693e-04 9.01839383e-04
1.55000000e+00 8.92276683e-04 8.76309207e-04
1.60000000e+00 8.66269250e-04 8.50522940e-04
1.65000000e+00 8.40379363e-04 8.24924243e-04
1.70000000e+00 8.14966417e-04 7.99861597e-04
1.75000000e+00 7.90329837e-04 7.75634750e-04
1.80000000e+00 7.66755453e-04 7.52535180e-04
1.85000000e+00 7.44540253e-04 7.30864183e-04
1.90000000e+00 7.23974180e-04 7.10904107e-04
1.95000000e+00 7.05282067e-04 6.92854407e-04
2.00000000e+00 6.88536617e-04 6.76746037e-04
2.05000000e+00 6.73584697e-04 6.62375777e-04
2.10000000e+00 6.60021650e-04 6.49296173e-04
2.15000000e+00 6.47237453e-04 6.36875060e-04
2.20000000e+00 6.34535263e-04 6.24423517e-04
2.25000000e+00 6.21288040e-04 6.11351857e-04
2.30000000e+00 6.07090240e-04 5.97310280e-04
2.35000000e+00 5.91846707e-04 5.82260140e-04
2.40000000e+00 5.75768493e-04 5.66449520e-04
2.45000000e+00 5.59275517e-04 5.50305020e-04
2.50000000e+00 5.42846730e-04 5.34280240e-04
2.55000000e+00 5.26878293e-04 5.18725053e-04
2.60000000e+00 5.11593940e-04 5.03815033e-04
2.65000000e+00 4.97034617e-04 4.89556443e-04
2.70000000e+00 4.83106753e-04 4.75846497e-04
2.75000000e+00 4.69664583e-04 4.62554143e-04
2.80000000e+00 4.56584727e-04 4.49588750e-04
2.85000000e+00 4.43814080e-04 4.36935353e-04
2.90000000e+00 4.31384117e-04 4.24660397e-04
2.95000000e+00 4.19400707e-04 4.12894873e-04
3.00000000e+00 4.08020987e-04 4.01807953e-04
3.05000000e+00 3.97422610e-04 3.91576520e-04
3.10000000e+00 3.87773910e-04 3.82355827e-04
3.15000000e+00 3.79207247e-04 3.74257990e-04
3.20000000e+00 3.71804057e-04 3.67340987e-04
3.25000000e+00 3.65591467e-04 3.61610313e-04
3.30000000e+00 3.60548670e-04 3.57027683e-04
3.35000000e+00 3.56616803e-04 3.53521167e-04
3.40000000e+00 3.53705713e-04 3.50991123e-04
3.45000000e+00 3.51695117e-04 3.49308563e-04
3.50000000e+00 3.50429217e-04 3.48309053e-04
3.55000000e+00 3.49711577e-04 3.47787473e-04
3.60000000e+00 3.49306553e-04 3.47501093e-04
3.65000000e+00 3.48951357e-04 3.47184550e-04
3.70000000e+00 3.48378720e-04 3.46573967e-04
3.75000000e+00 3.47342677e-04 3.45433410e-04
3.80000000e+00 3.45643013e-04 3.43578160e-04
3.85000000e+00 3.43146077e-04 3.40895887e-04
3.90000000e+00 3.39804543e-04 3.37365920e-04
3.95000000e+00 3.35674307e-04 3.33073203e-04
4.00000000e+00 3.30916237e-04 3.28205197e-04
4.05000000e+00 3.25775610e-04 3.23023443e-04
4.10000000e+00 3.20535570e-04 3.17814007e-04
4.15000000e+00 3.15463013e-04 3.12833653e-04
4.20000000e+00 3.10765283e-04 3.08272237e-04
4.25000000e+00 3.06570213e-04 3.04239083e-04
4.30000000e+00 3.02929573e-04 3.00770773e-04
4.35000000e+00 2.99835680e-04 2.97849163e-04
4.40000000e+00 2.97240270e-04 2.95419217e-04
4.45000000e+00 2.95068693e-04 2.93402820e-04
4.50000000e+00 2.93230350e-04 2.91708180e-04
4.55000000e+00 2.91628080e-04 2.90240100e-04
4.60000000e+00 2.90169093e-04 2.88911150e-04
4.65000000e+00 2.88777897e-04 2.87653967e-04
4.70000000e+00 2.87407640e-04 2.86431473e-04
4.75000000e+00 2.86045560e-04 2.85238557e-04
4.80000000e+00 2.84708480e-04 2.84095377e-04
4.85000000e+00 2.83427060e-04 2.83028173e-04
4.90000000e+00 2.82222917e-04 2.82045973e-04
4.95000000e+00 2.81084657e-04 2.81117950e-04
5.00000000e+00 2.79952403e-04 2.80160870e-04
5.05000000e+00 2.78716083e-04 2.79042990e-04
5.10000000e+00 2.77229667e-04 2.77602763e-04
5.15000000e+00 2.75337107e-04 2.75679813e-04
5.20000000e+00 2.72903530e-04 2.73147563e-04
5.25000000e+00 2.69844723e-04 2.69942180e-04
5.30000000e+00 2.66147673e-04 2.66079770e-04
5.35000000e+00 2.61879403e-04 2.61658677e-04
5.40000000e+00 2.57180327e-04 2.56847253e-04
5.45000000e+00 2.52244963e-04 2.51858880e-04
5.50000000e+00 2.47293680e-04 2.46922177e-04
5.55000000e+00 2.42543470e-04 2.42252030e-04
5.60000000e+00 2.38183890e-04 2.38028473e-04
5.65000000e+00 2.34362463e-04 2.34386183e-04
5.70000000e+00 2.31180510e-04 2.31412967e-04
5.75000000e+00 2.28696427e-04 2.29156547e-04
5.80000000e+00 2.26935440e-04 2.27634973e-04
5.85000000e+00 2.25901943e-04 2.26850447e-04
5.90000000e+00 2.25594520e-04 2.26803707e-04
5.95000000e+00 2.26019903e-04 2.27507260e-04
6.00000000e+00 2.27204580e-04 2.28995300e-04
6.05000000e+00 2.29199713e-04 2.31325507e-04
6.10000000e+00 2.32076930e-04 2.34572867e-04
6.15000000e+00 2.35915590e-04 2.38813063e-04
6.20000000e+00 2.40781323e-04 2.44100333e-04
6.25000000e+00 2.46701433e-04 2.50440143e-04
6.30000000e+00 2.53637100e-04 2.57761713e-04
6.35000000e+00 2.61457520e-04 2.65892277e-04
6.40000000e+00 2.69918687e-04 2.74538453e-04
6.45000000e+00 2.78653170e-04 2.83283693e-04
6.50000000e+00 2.87181583e-04 2.91609297e-04
6.55000000e+00 2.94953357e-04 2.98950893e-04
6.60000000e+00 3.01421523e-04 3.04783413e-04
6.65000000e+00 3.06139333e-04 3.08723073e-04
6.70000000e+00 3.08854880e-04 3.10611860e-04
6.75000000e+00 3.09571973e-04 3.10559233e-04
6.80000000e+00 3.08555857e-04 3.08923513e-04
6.85000000e+00 3.06282387e-04 3.06242093e-04
6.90000000e+00 3.03349197e-04 3.03135447e-04
6.95000000e+00 3.00376613e-04 3.00209810e-04
7.00000000e+00 2.97920623e-04 2.97979970e-04
7.05000000e+00 2.96409817e-04 2.96815780e-04
7.10000000e+00 2.96105663e-04 2.96911547e-04
7.15000000e+00 2.97081030e-04 2.98270357e-04
7.20000000e+00 2.99211623e-04 3.00700017e-04
7.25000000e+00 3.02180057e-04 3.03823707e-04
7.30000000e+00 3.05499853e-04 3.07112013e-04
7.35000000e+00 3.08568093e-04 3.09946763e-04
7.40000000e+00 3.10752153e-04 3.11715790e-04
7.45000000e+00 3.11500010e-04 3.11923717e-04
7.50000000e+00 3.10446420e-04 3.10286527e-04
7.55000000e+00 3.07477577e-04 3.06774197e-04
7.60000000e+00 3.02728897e-04 3.01586717e-04
7.65000000e+00 2.96519357e-04 2.95073777e-04
7.70000000e+00 2.89251130e-04 2.87634853e-04
7.75000000e+00 2.81315557e-04 2.79635460e-04
7.80000000e+00 2.73033237e-04 2.71362293e-04
7.85000000e+00 2.64637040e-04 2.63019370e-04
7.90000000e+00 2.56289630e-04 2.54751950e-04
7.95000000e+00 2.48116420e-04 2.46680517e-04
8.00000000e+00 2.40236730e-04 2.38927590e-04
8.05000000e+00 2.32780740e-04 2.31629463e-04
8.10000000e+00 2.25889843e-04 2.24931893e-04
8.15000000e+00 2.19705410e-04 2.18976317e-04
8.20000000e+00 2.14352760e-04 2.13884107e-04
8.25000000e+00 2.09927847e-04 2.09744160e-04
8.30000000e+00 2.06488630e-04 2.06605800e-04
8.35000000e+00 2.04051173e-04 2.04475610e-04
8.40000000e+00 2.02588553e-04 2.03316733e-04
8.45000000e+00 2.02030093e-04 2.03047913e-04
8.50000000e+00 2.02261510e-04 2.03543627e-04
8.55000000e+00 2.03126307e-04 2.04636183e-04
8.60000000e+00 2.04432157e-04 2.06123583e-04
8.65000000e+00 2.05964783e-04 2.07786077e-04
8.70000000e+00 2.07511880e-04 2.09412600e-04
8.75000000e+00 2.08894453e-04 2.10834180e-04
8.80000000e+00 2.09998970e-04 2.11955567e-04
8.85000000e+00 2.10800863e-04 2.12775877e-04
8.90000000e+00 2.11370833e-04 2.13389927e-04
8.95000000e+00 2.11861770e-04 2.13970383e-04
9.00000000e+00 2.12480873e-04 2.14736560e-04
9.05000000e+00 2.13455940e-04 2.15919630e-04
9.10000000e+00 2.15003897e-04 2.17732257e-04
9.15000000e+00 2.17306820e-04 2.20345840e-04
9.20000000e+00 2.20495180e-04 2.23875677e-04
9.25000000e+00 2.24637423e-04 2.28371380e-04
9.30000000e+00 2.29733197e-04 2.33811173e-04
9.35000000e+00 2.35710113e-04 2.40099970e-04
9.40000000e+00 2.42425493e-04 2.47073463e-04
9.45000000e+00 2.49676343e-04 2.54511607e-04
9.50000000e+00 2.57220720e-04 2.62163987e-04
9.55000000e+00 2.64810190e-04 2.69785913e-04
9.60000000e+00 2.72229510e-04 2.77178853e-04
9.65000000e+00 2.79334587e-04 2.84226777e-04
9.70000000e+00 2.86079423e-04 2.90917477e-04
9.75000000e+00 2.92523657e-04 2.97342847e-04
9.80000000e+00 2.98816747e-04 3.03674703e-04
9.85000000e+00 3.05159517e-04 3.10119787e-04
9.90000000e+00 3.11750890e-04 3.16864103e-04
9.95000000e+00 3.18733163e-04 3.24021220e-04
1.00000000e+01 3.26151950e-04 3.31600620e-04
1.00500000e+01 3.33944457e-04 3.39507510e-04
1.01000000e+01 3.41962160e-04 3.47577517e-04
1.01500000e+01 3.50026110e-04 3.55640183e-04
1.02000000e+01 3.58000817e-04 3.63594253e-04
1.02500000e+01 3.65865820e-04 3.71472497e-04
1.03000000e+01 3.73760883e-04 3.79473303e-04
1.03500000e+01 3.81989007e-04 3.87948130e-04
1.04000000e+01 3.90975687e-04 3.97348657e-04
1.04500000e+01 4.01196827e-04 4.08148570e-04
1.05000000e+01 4.13094070e-04 4.20758440e-04
1.05500000e+01 4.26993750e-04 4.35447447e-04
1.06000000e+01 4.43037233e-04 4.52277593e-04
1.06500000e+01 4.61125650e-04 4.71053137e-04
1.07000000e+01 4.80881450e-04 4.91289063e-04
1.07500000e+01 5.01635400e-04 5.12210190e-04
1.08000000e+01 5.22454590e-04 5.32798543e-04
1.08500000e+01 5.42226763e-04 5.51900077e-04
1.09000000e+01 5.59803303e-04 5.68385420e-04
1.09500000e+01 5.74175710e-04 5.81329133e-04
1.10000000e+01 5.84636160e-04 5.90152393e-04
1.10500000e+01 5.90866110e-04 5.94678847e-04
1.11000000e+01 5.92925857e-04 5.95091483e-04
1.11500000e+01 5.91161757e-04 5.91821563e-04
1.12000000e+01 5.86080737e-04 5.85423300e-04
1.12500000e+01 5.78244167e-04 5.76479033e-04
1.13000000e+01 5.68208040e-04 5.65552953e-04
1.13500000e+01 5.56508567e-04 5.53185593e-04
1.14000000e+01 5.43673150e-04 5.39906193e-04
1.14500000e+01 5.30233247e-04 5.26243003e-04
1.15000000e+01 5.16723780e-04 5.12718793e-04
1.15500000e+01 5.03664893e-04 4.99830657e-04
1.16000000e+01 4.91532423e-04 4.88021500e-04
1.16500000e+01 4.80726297e-04 4.77651317e-04
1.17000000e+01 4.71545197e-04 4.68975877e-04
1.17500000e+01 4.64171567e-04 4.62134730e-04
1.18000000e+01 4.58665373e-04 4.57146737e-04
1.18500000e+01 4.54964507e-04 4.53911367e-04
1.19000000e+01 4.52889300e-04 4.52213437e-04
1.19500000e+01 4.52151067e-04 4.51733010e-04
1.20000000e+01 4.52367297e-04 4.52063280e-04
1.20500000e+01 4.53086980e-04 4.52740050e-04
1.21000000e+01 4.53828770e-04 4.53283773e-04
1.21500000e+01 4.54130187e-04 4.53251660e-04
1.22000000e+01 4.53601653e-04 4.52290930e-04
1.22500000e+01 4.51974353e-04 4.50182040e-04
1.23000000e+01 4.49130840e-04 4.46861663e-04
1.23500000e+01 4.45110880e-04 4.42419430e-04
1.24000000e+01 4.40091110e-04 4.37070180e-04
1.24500000e+01 4.34344547e-04 4.31108330e-04
1.25000000e+01 4.28189337e-04 4.24855147e-04
1.25500000e+01 4.21936563e-04 4.18608403e-04
1.26000000e+01 4.15845610e-04 4.12601797e-04
1.26500000e+01 4.10092500e-04 4.06978173e-04
1.27000000e+01 4.04753467e-04 4.01779377e-04
1.27500000e+01 3.99804953e-04 3.96951587e-04
1.28000000e+01 3.95139023e-04 3.92365827e-04
1.28500000e+01 3.90592147e-04 3.87849830e-04
1.29000000e+01 3.85982280e-04 3.83225780e-04
1.29500000e+01 3.81147027e-04 3.78346600e-04
1.30000000e+01 3.75975420e-04 3.73123233e-04
1.30500000e+01 3.70427470e-04 3.67538940e-04
1.31000000e+01 3.64539260e-04 3.61649893e-04
1.31500000e+01 3.58415810e-04 3.55575703e-04
1.32000000e+01 3.52216090e-04 3.49483587e-04
1.32500000e+01 3.46133697e-04 3.43568727e-04
1.33000000e+01 3.40374327e-04 3.38031837e-04
1.33500000e+01 3.35130603e-04 3.33053063e-04
1.34000000e+01 3.30554417e-04 3.28763923e-04
1.34500000e+01 3.26729610e-04 3.25220607e-04
1.35000000e+01 3.23649430e-04 3.22384190e-04
1.35500000e+01 3.21205037e-04 3.20113973e-04
1.36000000e+01 3.19190777e-04 3.18179383e-04
1.36500000e+01 3.17330047e-04 3.16292847e-04
1.37000000e+01 3.15321233e-04 3.14160677e-04
1.37500000e+01 3.12895287e-04 3.11541193e-04
1.38000000e+01 3.09870277e-04 3.08293820e-04
1.38500000e+01 3.06186207e-04 3.04403780e-04
1.39000000e+01 3.01909437e-04 2.99976280e-04
1.39500000e+01 2.97208850e-04 2.95205667e-04
1.40000000e+01 2.92315563e-04 2.90333337e-04
1.40500000e+01 2.87480600e-04 2.85607990e-04
1.41000000e+01 2.82941270e-04 2.81255837e-04
1.41500000e+01 2.78898820e-04 2.77462053e-04
1.42000000e+01 2.75506060e-04 2.74360627e-04
1.42500000e+01 2.72861067e-04 2.72029390e-04
1.43000000e+01 2.71004537e-04 2.70487980e-04
1.43500000e+01 2.69919423e-04 2.69698247e-04
1.44000000e+01 2.69532587e-04 2.69566547e-04
1.44500000e+01 2.69719037e-04 2.69949337e-04
1.45000000e+01 2.70309637e-04 2.70662413e-04
1.45500000e+01 2.71103167e-04 2.71495280e-04
1.46000000e+01 2.71883723e-04 2.72230647e-04
1.46500000e+01 2.72442840e-04 2.72668243e-04
1.47000000e+01 2.72604573e-04 2.72650090e-04
1.47500000e+01 2.72248990e-04 2.72082013e-04
1.48000000e+01 2.71328750e-04 2.70946263e-04
1.48500000e+01 2.69873893e-04 2.69300997e-04
1.49000000e+01 2.67982790e-04 2.67266500e-04
1.49500000e+01 2.65801483e-04 2.65001253e-04
1.50000000e+01 2.63496243e-04 2.62673617e-04
1.50500000e+01 2.61225527e-04 2.60434790e-04
1.51000000e+01 2.59116223e-04 2.58397333e-04
1.51500000e+01 2.57246850e-04 2.56621093e-04
1.52000000e+01 2.55639230e-04 2.55107967e-04
1.52500000e+01 2.54258943e-04 2.53805203e-04
1.53000000e+01 2.53024597e-04 2.52617630e-04
1.53500000e+01 2.51825307e-04 2.51427507e-04
1.54000000e+01 2.50544187e-04 2.50119427e-04
1.54500000e+01 2.49083937e-04 2.48605487e-04
1.55000000e+01 2.47388480e-04 2.46844440e-04
1.55500000e+01 2.45454467e-04 2.44849380e-04
1.56000000e+01 2.43329143e-04 2.42680847e-04
1.56500000e+01 2.41094213e-04 2.40427217e-04
1.57000000e+01 2.38840623e-04 2.38177677e-04
1.57500000e+01 2.36640530e-04 2.35994830e-04
1.58000000e+01 2.34523870e-04 2.33893440e-04
1.58500000e+01 2.32464283e-04 2.31830117e-04
1.59000000e+01 2.30378030e-04 2.29706247e-04
1.59500000e+01 2.28136663e-04 2.27384840e-04
1.60000000e+01 2.25592300e-04 2.24718733e-04
1.60500000e+01 2.22610767e-04 2.21584990e-04
1.61000000e+01 2.19105320e-04 2.17916973e-04
1.61500000e+01 2.15061753e-04 2.13725343e-04
1.62000000e+01 2.10547633e-04 2.09101840e-04
1.62500000e+01 2.05703510e-04 2.04205440e-04
1.63000000e+01 2.00719653e-04 1.99236167e-04
1.63500000e+01 1.95806113e-04 1.94404687e-04
1.64000000e+01 1.91164207e-04 1.89905540e-04
1.64500000e+01 1.86965113e-04 1.85898243e-04
1.65000000e+01 1.83337373e-04 1.82497423e-04
1.65500000e+01 1.80362537e-04 1.79770200e-04
1.66000000e+01 1.78076297e-04 1.77738423e-04
1.66500000e+01 1.76472627e-04 1.76383017e-04
1.67000000e+01 1.75508867e-04 1.75649057e-04
1.67500000e+01 1.75110687e-04 1.75450697e-04
1.68000000e+01 1.75177063e-04 1.75676563e-04
1.68500000e+01 1.75586370e-04 1.76196823e-04
1.69000000e+01 1.76205213e-04 1.76873743e-04
1.69500000e+01 1.76901243e-04 1.77576430e-04
1.70000000e+01 1.77559683e-04 1.78198443e-04
1.70500000e+01 1.78100397e-04 1.78674383e-04
1.71000000e+01 1.78490720e-04 1.78990223e-04
1.71500000e+01 1.78749400e-04 1.79183457e-04
1.72000000e+01 1.78939943e-04 1.79332713e-04
1.72500000e+01 1.79156000e-04 1.79540930e-04
1.73000000e+01 1.79504040e-04 1.79917963e-04
1.73500000e+01 1.80088780e-04 1.80567167e-04
1.74000000e+01 1.81003857e-04 1.81577710e-04
1.74500000e+01 1.82327013e-04 1.83020793e-04
1.75000000e+01 1.84116957e-04 1.84946657e-04
1.75500000e+01 1.86408947e-04 1.87379703e-04
1.76000000e+01 1.89207843e-04 1.90311400e-04
1.76500000e+01 1.92479760e-04 1.93692397e-04
1.77000000e+01 1.96144977e-04 1.97427107e-04
1.77500000e+01 2.00075600e-04 2.01373813e-04
1.78000000e+01 2.04100697e-04 2.05352907e-04
1.78500000e+01 2.08020360e-04 2.09163750e-04
1.79000000e+01 2.11627897e-04 2.12608207e-04
1.79500000e+01 2.14736040e-04 2.15516110e-04
1.80000000e+01 2.17201280e-04 2.17766157e-04
1.80500000e+01 2.18939493e-04 2.19296560e-04
1.81000000e+01 2.19928960e-04 2.20102950e-04
1.81500000e+01 2.20201047e-04 2.20225920e-04
1.82000000e+01 2.19823130e-04 2.19733483e-04
1.82500000e+01 2.18880313e-04 2.18704830e-04
1.83000000e+01 2.17461033e-04 2.17219350e-04
1.83500000e+01 2.15649060e-04 2.15351907e-04
1.84000000e+01 2.13521037e-04 2.13172797e-04
1.84500000e+01 2.11147243e-04 2.10749073e-04
1.85000000e+01 2.08592293e-04 2.08144880e-04
1.85500000e+01 2.05914350e-04 2.05419413e-04
1.86000000e+01 2.03162613e-04 2.02623200e-04
1.86500000e+01 2.00374553e-04 1.99794747e-04
1.87000000e+01 1.97575120e-04 1.96959750e-04
1.87500000e+01 1.94779300e-04 1.94134223e-04
1.88000000e+01 1.91998360e-04 1.91331377e-04
1.88500000e+01 1.89248300e-04 1.88570287e-04
1.89000000e+01 1.86557980e-04 1.85883853e-04
1.89500000e+01 1.83974437e-04 1.83323467e-04
1.90000000e+01 1.81563690e-04 1.80958850e-04
1.90500000e+01 1.79406783e-04 1.78873327e-04
1.91000000e+01 1.77592213e-04 1.77155670e-04
1.91500000e+01 1.76206620e-04 1.75890530e-04
1.92000000e+01 1.75325410e-04 1.75149107e-04
1.92500000e+01 1.75004613e-04 1.74981243e-04
1.93000000e+01 1.75274397e-04 1.75409213e-04
1.93500000e+01 1.76134477e-04 1.76423523e-04
1.94000000e+01 1.77551337e-04 1.77980610e-04
1.94500000e+01 1.79457673e-04 1.80003073e-04
1.95000000e+01 1.81754830e-04 1.82383267e-04
1.95500000e+01 1.84319193e-04 1.84991133e-04
1.96000000e+01 1.87013240e-04 1.87686933e-04
1.96500000e+01 1.89700743e-04 1.90337627e-04
1.97000000e+01 1.92263897e-04 1.92834157e-04
1.97500000e+01 1.94618560e-04 1.95105390e-04
1.98000000e+01 1.96723233e-04 1.97124570e-04
1.98500000e+01 1.98579243e-04 1.98906453e-04
1.99000000e+01 2.00222260e-04 2.00496437e-04
1.99500000e+01 2.01708497e-04 2.01955557e-04
2.00000000e+01 2.03099617e-04 2.03345647e-04
2.00500000e+01 2.04450283e-04 2.04718043e-04
2.01000000e+01 2.05800227e-04 2.06107307e-04
2.01500000e+01 2.07171480e-04 2.07530077e-04
2.02000000e+01 2.08570033e-04 2.08988013e-04
2.02500000e+01 2.09990373e-04 2.10472823e-04
2.03000000e+01 2.11420353e-04 2.11970650e-04
2.03500000e+01 2.12843593e-04 2.13462963e-04
2.04000000e+01 2.14237233e-04 2.14922600e-04
2.04500000e+01 2.15565450e-04 2.16306093e-04
2.05000000e+01 2.16771983e-04 2.17546867e-04
2.05500000e+01 2.17777293e-04 2.18555120e-04
2.06000000e+01 2.18485870e-04 2.19229260e-04
2.06500000e+01 2.18805413e-04 2.19478853e-04
2.07000000e+01 2.18673883e-04 2.19253030e-04
2.07500000e+01 2.18084900e-04 2.18563527e-04
2.08000000e+01 2.17100690e-04 2.17492310e-04
2.08500000e+01 2.15846473e-04 2.16180023e-04
2.09000000e+01 2.14488537e-04 2.14800173e-04
2.09500000e+01 2.13205053e-04 2.13529627e-04
2.10000000e+01 2.12160343e-04 2.12525437e-04
2.10500000e+01 2.11489437e-04 2.11913217e-04
2.11000000e+01 2.11293800e-04 2.11786033e-04
2.11500000e+01 2.11644170e-04 2.12208677e-04
2.12000000e+01 2.12584787e-04 2.13221633e-04
2.12500000e+01 2.14134413e-04 2.14840660e-04
2.13000000e+01 2.16282477e-04 2.17051507e-04
2.13500000e+01 2.18981637e-04 2.19801723e-04
2.14000000e+01 2.22140347e-04 2.22993510e-04
2.14500000e+01 2.25619620e-04 2.26481663e-04
2.15000000e+01 2.29237560e-04 2.30079983e-04
2.15500000e+01 2.32783973e-04 2.33577483e-04
2.16000000e+01 2.36043773e-04 2.36763027e-04
2.16500000e+01 2.38825503e-04 2.39453467e-04
2.17000000e+01 2.40987613e-04 2.41518563e-04
2.17500000e+01 2.42455730e-04 2.42895897e-04
2.18000000e+01 2.43226307e-04 2.43592243e-04
2.18500000e+01 2.43357213e-04 2.43672587e-04
2.19000000e+01 2.42949223e-04 2.43240947e-04
2.19500000e+01 2.42124293e-04 2.42418907e-04
2.20000000e+01 2.41005390e-04 2.41325770e-04
2.20500000e+01 2.39700503e-04 2.40063333e-04
2.21000000e+01 2.38292030e-04 2.38706037e-04
2.21500000e+01 2.36831863e-04 2.37297280e-04
2.22000000e+01 2.35342387e-04 2.35851927e-04
2.22500000e+01 2.33823280e-04 2.34364843e-04
2.23000000e+01 2.32263280e-04 2.32824167e-04
2.23500000e+01 2.30654753e-04 2.31226393e-04
2.24000000e+01 2.29007700e-04 2.29589823e-04
2.24500000e+01 2.27359510e-04 2.27962207e-04
2.25000000e+01 2.25777020e-04 2.26420210e-04
2.25500000e+01 2.24350110e-04 2.25060170e-04
2.26000000e+01 2.23178093e-04 2.23982640e-04
2.26500000e+01 2.22352347e-04 2.23274253e-04
2.27000000e+01 2.21939043e-04 2.22991160e-04
2.27500000e+01 2.21965653e-04 2.23146883e-04
2.28000000e+01 2.22413380e-04 2.23706900e-04
2.28500000e+01 2.23216720e-04 2.24590703e-04
2.29000000e+01 2.24270623e-04 2.25681407e-04
2.29500000e+01 2.25444497e-04 2.26842263e-04
2.30000000e+01 2.26601697e-04 2.27937713e-04
2.30500000e+01 2.27621250e-04 2.28855670e-04
2.31000000e+01 2.28417917e-04 2.29526117e-04
2.31500000e+01 2.28955487e-04 2.29931550e-04
2.32000000e+01 2.29249877e-04 2.30105810e-04
2.32500000e+01 2.29360153e-04 2.30121020e-04
2.33000000e+01 2.29369363e-04 2.30065200e-04
2.33500000e+01 2.29359030e-04 2.30015620e-04
2.34000000e+01 2.29383183e-04 2.30013403e-04
2.34500000e+01 2.29447110e-04 2.30045053e-04
2.35000000e+01 2.29495553e-04 2.30034453e-04
2.35500000e+01 2.29413200e-04 2.29848247e-04
2.36000000e+01 2.29039070e-04 2.29314853e-04
2.36500000e+01 2.28193363e-04 2.28254900e-04
2.37000000e+01 2.26712157e-04 2.26517123e-04
2.37500000e+01 2.24482010e-04 2.24010757e-04
2.38000000e+01 2.21465067e-04 2.20725897e-04
2.38500000e+01 2.17707830e-04 2.16735873e-04
2.39000000e+01 2.13331350e-04 2.12182020e-04
2.39500000e+01 2.08507070e-04 2.07246040e-04
2.40000000e+01 2.03425507e-04 2.02118137e-04
2.40500000e+01 1.98266217e-04 1.96968743e-04
2.41000000e+01 1.93174943e-04 1.91928853e-04
2.41500000e+01 1.88251263e-04 1.87081020e-04
2.42000000e+01 1.83546310e-04 1.82460253e-04
2.42500000e+01 1.79068950e-04 1.78062317e-04
2.43000000e+01 1.74797393e-04 1.73856793e-04
2.43500000e+01 1.70693797e-04 1.69802257e-04
2.44000000e+01 1.66719267e-04 1.65861190e-04
2.44500000e+01 1.62847137e-04 1.62012340e-04
2.45000000e+01 1.59072203e-04 1.58258440e-04
2.45500000e+01 1.55414473e-04 1.54628077e-04
2.46000000e+01 1.51916837e-04 1.51171260e-04
2.46500000e+01 1.48637297e-04 1.47950209e-04
2.47000000e+01 1.45637912e-04 1.45027514e-04
2.47500000e+01 1.42973109e-04 1.42454512e-04
2.48000000e+01 1.40679505e-04 1.40261809e-04
2.48500000e+01 1.38768773e-04 1.38453180e-04
2.49000000e+01 1.37224056e-04 1.37003129e-04
2.49500000e+01 1.36000077e-04 1.35858186e-04
2.50000000e+01 1.35026900e-04 1.34941738e-04
2.50500000e+01 1.34217091e-04 1.34162360e-04
2.51000000e+01 1.33476019e-04 1.33424922e-04
2.51500000e+01 1.32714008e-04 1.32643127e-04
2.52000000e+01 1.31858425e-04 1.31751089e-04
2.52500000e+01 1.30862897e-04 1.30711309e-04
2.53000000e+01 1.29711486e-04 1.29517041e-04
2.53500000e+01 1.28416753e-04 1.28188389e-04
2.54000000e+01 1.27012485e-04 1.26763781e-04
2.54500000e+01 1.25543567e-04 1.25289457e-04
2.55000000e+01 1.24056045e-04 1.23810106e-04
2.55500000e+01 1.22589936e-04 1.22362902e-04
2.56000000e+01 1.21176066e-04 1.20975649e-04
2.56500000e+01 1.19836937e-04 1.19668806e-04
2.57000000e+01 1.18590391e-04 1.18459726e-04
2.57500000e+01 1.17454459e-04 1.17367477e-04
2.58000000e+01 1.16451537e-04 1.16416584e-04
2.58500000e+01 1.15610743e-04 1.15638573e-04
2.59000000e+01 1.14967831e-04 1.15071145e-04
2.59500000e+01 1.14562910e-04 1.14755321e-04
2.60000000e+01 1.14436686e-04 1.14731345e-04
2.60500000e+01 1.14626137e-04 1.15034356e-04
2.61000000e+01 1.15160354e-04 1.15690358e-04
2.61500000e+01 1.16057011e-04 1.16712958e-04
2.62000000e+01 1.17319709e-04 1.18101084e-04
2.62500000e+01 1.18936470e-04 1.19837837e-04
2.63000000e+01 1.20879520e-04 1.21890867e-04
2.63500000e+01 1.23106790e-04 1.24214560e-04
2.64000000e+01 1.25565603e-04 1.26754460e-04
2.64500000e+01 1.28198577e-04 1.29453867e-04
2.65000000e+01 1.30951547e-04 1.32262193e-04
2.65500000e+01 1.33782350e-04 1.35143520e-04
2.66000000e+01 1.36668690e-04 1.38083707e-04
2.66500000e+01 1.39613110e-04 1.41093757e-04
2.67000000e+01 1.42643080e-04 1.44208037e-04
2.67500000e+01 1.45805603e-04 1.47477100e-04
2.68000000e+01 1.49156863e-04 1.50955937e-04
2.68500000e+01 1.52748440e-04 1.54689737e-04
2.69000000e+01 1.56612680e-04 1.58699330e-04
2.69500000e+01 1.60749073e-04 1.62968727e-04
2.70000000e+01 1.65114190e-04 1.67436700e-04
2.70500000e+01 1.69617237e-04 1.71995040e-04
2.71000000e+01 1.74123537e-04 1.76495293e-04
2.71500000e+01 1.78467807e-04 1.80765863e-04
2.72000000e+01 1.82477470e-04 1.84638430e-04
2.72500000e+01 1.86003070e-04 1.87979333e-04
2.73000000e+01 1.88948973e-04 1.90718287e-04
2.73500000e+01 1.91295750e-04 1.92865697e-04
2.74000000e+01 1.93106843e-04 1.94512920e-04
2.74500000e+01 1.94517730e-04 1.95815500e-04
2.75000000e+01 1.95711067e-04 1.96965503e-04
2.75500000e+01 1.96886123e-04 1.98160797e-04
2.76000000e+01 1.98229970e-04 1.99578537e-04
2.76500000e+01 1.99895667e-04 2.01356613e-04
2.77000000e+01 2.01988840e-04 2.03583240e-04
2.77500000e+01 2.04561633e-04 2.06293333e-04
2.78000000e+01 2.07612407e-04 2.09469557e-04
2.78500000e+01 2.11089280e-04 2.13046903e-04
2.79000000e+01 2.14896967e-04 2.16920163e-04
2.79500000e+01 2.18907087e-04 2.20954580e-04
2.80000000e+01 2.22971837e-04 2.25000103e-04
2.80500000e+01 2.26941097e-04 2.28908743e-04
2.81000000e+01 2.30681220e-04 2.32553340e-04
2.81500000e+01 2.34092663e-04 2.35844383e-04
2.82000000e+01 2.37122533e-04 2.38741007e-04
2.82500000e+01 2.39768367e-04 2.41252923e-04
2.83000000e+01 2.42071657e-04 2.43431647e-04
2.83500000e+01 2.44102393e-04 2.45353337e-04
2.84000000e+01 2.45938150e-04 2.47097100e-04
2.84500000e+01 2.47643000e-04 2.48724463e-04
2.85000000e+01 2.49251440e-04 2.50264657e-04
2.85500000e+01 2.50761400e-04 2.51709873e-04
2.86000000e+01 2.52138287e-04 2.53022307e-04
2.86500000e+01 2.53330237e-04 2.54151487e-04
2.87000000e+01 2.54291743e-04 2.55059437e-04
2.87500000e+01 2.55009840e-04 2.55746267e-04
2.88000000e+01 2.55525863e-04 2.56269840e-04
2.88500000e+01 2.55945723e-04 2.56752320e-04
2.89000000e+01 2.56435350e-04 2.57371553e-04
2.89500000e+01 2.57201940e-04 2.58339410e-04
2.90000000e+01 2.58465467e-04 2.59871703e-04
2.90500000e+01 2.60427003e-04 2.62156100e-04
2.91000000e+01 2.63237790e-04 2.65321920e-04
2.91500000e+01 2.66973123e-04 2.69415147e-04
2.92000000e+01 2.71611490e-04 2.74379120e-04
2.92500000e+01 2.77021007e-04 2.80043210e-04
2.93000000e+01 2.82955923e-04 2.86123480e-04
2.93500000e+01 2.89067607e-04 2.92239633e-04
2.94000000e+01 2.94935427e-04 2.97953330e-04
2.94500000e+01 3.00118460e-04 3.02826970e-04
2.95000000e+01 3.04223410e-04 3.06495027e-04
2.95500000e+01 3.06973307e-04 3.08729950e-04
2.96000000e+01 3.08257793e-04 3.09482457e-04
2.96500000e+01 3.08147247e-04 3.08881570e-04
2.97000000e+01 3.06865103e-04 3.07193730e-04
2.97500000e+01 3.04727727e-04 3.04754687e-04
2.98000000e+01 3.02071263e-04 3.01895830e-04
2.98500000e+01 2.99186753e-04 2.98885340e-04
2.99000000e+01 2.96278397e-04 2.95895840e-04
2.99500000e+01 2.93450567e-04 2.93001337e-04
3.00000000e+01 2.90720937e-04 2.90197660e-04
3.00500000e+01 2.88050677e-04 2.87436580e-04
3.01000000e+01 2.85381080e-04 2.84661810e-04
3.01500000e+01 2.82664857e-04 2.81836563e-04
3.02000000e+01 2.79885777e-04 2.78957940e-04
3.02500000e+01 2.77063710e-04 2.76057420e-04
3.03000000e+01 2.74248627e-04 2.73191957e-04
3.03500000e+01 2.71507507e-04 2.70429707e-04
3.04000000e+01 2.68908850e-04 2.67834720e-04
3.04500000e+01 2.66508037e-04 2.65453400e-04
3.05000000e+01 2.64335050e-04 2.63304043e-04
3.05500000e+01 2.62387397e-04 2.61372207e-04
3.06000000e+01 2.60629267e-04 2.59612653e-04
3.06500000e+01 2.58997953e-04 2.57958290e-04
3.07000000e+01 2.57416000e-04 2.56333330e-04
3.07500000e+01 2.55805300e-04 2.54666417e-04
3.08000000e+01 2.54098240e-04 2.52898973e-04
3.08500000e+01 2.52241720e-04 2.50986117e-04
3.09000000e+01 2.50195573e-04 2.48892867e-04
3.09500000e+01 2.47928763e-04 2.46590583e-04
3.10000000e+01 2.45419687e-04 2.44059393e-04
3.10500000e+01 2.42663283e-04 2.41297217e-04
3.11000000e+01 2.39682263e-04 2.38331887e-04
3.11500000e+01 2.36536307e-04 2.35228837e-04
3.12000000e+01 2.33322537e-04 2.32089473e-04
3.12500000e+01 2.30166317e-04 2.29039843e-04
3.13000000e+01 2.27205010e-04 2.26214157e-04
3.13500000e+01 2.24571267e-04 2.23739107e-04
3.14000000e+01 2.22379577e-04 2.21721457e-04
3.14500000e+01 2.20716813e-04 2.20239393e-04
3.15000000e+01 2.19634903e-04 2.19334517e-04
3.15500000e+01 2.19143127e-04 2.19003740e-04
3.16000000e+01 2.19200510e-04 2.19191787e-04
3.16500000e+01 2.19710833e-04 2.19787803e-04
3.17000000e+01 2.20524877e-04 2.20631033e-04
3.17500000e+01 2.21454090e-04 2.21528330e-04
3.18000000e+01 2.22297193e-04 2.22284507e-04
3.18500000e+01 2.22876293e-04 2.22739303e-04
3.19000000e+01 2.23073603e-04 2.22801360e-04
3.19500000e+01 2.22856537e-04 2.22467107e-04
3.20000000e+01 2.22281393e-04 2.21816570e-04
3.20500000e+01 2.21473323e-04 2.20987290e-04
3.21000000e+01 2.20589853e-04 2.20135557e-04
3.21500000e+01 2.19780533e-04 2.19398540e-04
3.22000000e+01 2.19156010e-04 2.18868407e-04
3.22500000e+01 2.18773720e-04 2.18584473e-04
3.23000000e+01 2.18642087e-04 2.18542297e-04
3.23500000e+01 2.18737960e-04 2.18714013e-04
3.24000000e+01 2.19030027e-04 2.19071017e-04
3.24500000e+01 2.19498843e-04 2.19600970e-04
3.25000000e+01 2.20146680e-04 2.20313363e-04
3.25500000e+01 2.20994923e-04 2.21232500e-04
3.26000000e+01 2.22070657e-04 2.22381920e-04
3.26500000e+01 2.23388150e-04 2.23765113e-04
3.27000000e+01 2.24929863e-04 2.25348577e-04
3.27500000e+01 2.26633010e-04 2.27051173e-04
3.28000000e+01 2.28384493e-04 2.28743477e-04
3.28500000e+01 2.30027273e-04 2.30258517e-04
3.29000000e+01 2.31378313e-04 2.31413360e-04
3.29500000e+01 2.32255913e-04 2.32038287e-04
3.30000000e+01 2.32510400e-04 2.32005407e-04
3.30500000e+01 2.32048653e-04 2.31248700e-04
3.31000000e+01 2.30845407e-04 2.29768480e-04
3.31500000e+01 2.28937080e-04 2.27619787e-04
3.32000000e+01 2.26402710e-04 2.24890450e-04
3.32500000e+01 2.23339617e-04 2.21677510e-04
3.33000000e+01 2.19843123e-04 2.18070920e-04
3.33500000e+01 2.15996810e-04 2.14147310e-04
3.34000000e+01 2.11872693e-04 2.09973950e-04
3.34500000e+01 2.07539200e-04 2.05617650e-04
3.35000000e+01 2.03070123e-04 2.01153203e-04
3.35500000e+01 1.98550400e-04 1.96667230e-04
3.36000000e+01 1.94075577e-04 1.92255690e-04
3.36500000e+01 1.89745763e-04 1.88016890e-04
3.37000000e+01 1.85656417e-04 1.84041670e-04
3.37500000e+01 1.81888667e-04 1.80404830e-04
3.38000000e+01 1.78502163e-04 1.77158843e-04
3.38500000e+01 1.75531377e-04 1.74331453e-04
3.39000000e+01 1.72986123e-04 1.71927053e-04
3.39500000e+01 1.70854933e-04 1.69930407e-04
3.40000000e+01 1.69110997e-04 1.68312670e-04
3.40500000e+01 1.67717790e-04 1.67035880e-04
3.41000000e+01 1.66633227e-04 1.66056457e-04
3.41500000e+01 1.65810380e-04 1.65324727e-04
3.42000000e+01 1.65195347e-04 1.64782507e-04
3.42500000e+01 1.64724197e-04 1.64360690e-04
3.43000000e+01 1.64322003e-04 1.63980350e-04
3.43500000e+01 1.63908383e-04 1.63560753e-04
3.44000000e+01 1.63409407e-04 1.63033137e-04
3.44500000e+01 1.62774640e-04 1.62358383e-04
3.45000000e+01 1.61992320e-04 1.61539947e-04
3.45500000e+01 1.61096867e-04 1.60627650e-04
3.46000000e+01 1.60164107e-04 1.59708563e-04
3.46500000e+01 1.59295267e-04 1.58888210e-04
3.47000000e+01 1.58594740e-04 1.58267330e-04
3.47500000e+01 1.58147410e-04 1.57920107e-04
3.48000000e+01 1.58001180e-04 1.57878850e-04
3.48500000e+01 1.58156240e-04 1.58126040e-04
3.49000000e+01 1.58562887e-04 1.58594620e-04
3.49500000e+01 1.59126360e-04 1.59175493e-04
3.50000000e+01 1.59718323e-04 1.59731283e-04
3.50500000e+01 1.60192590e-04 1.60113467e-04
3.51000000e+01 1.60402787e-04 1.60180597e-04
3.51500000e+01 1.60219597e-04 1.59814820e-04
3.52000000e+01 1.59544640e-04 1.58934343e-04
3.52500000e+01 1.58320950e-04 1.57501317e-04
3.53000000e+01 1.56537893e-04 1.55524137e-04
3.53500000e+01 1.54231113e-04 1.53054650e-04
3.54000000e+01 1.51475997e-04 1.50179107e-04
3.54500000e+01 1.48375260e-04 1.47004557e-04
3.55000000e+01 1.45043273e-04 1.43642867e-04
3.55500000e+01 1.41589650e-04 1.40196510e-04
3.56000000e+01 1.38108637e-04 1.36750400e-04
3.56500000e+01 1.34675153e-04 1.33371203e-04
3.57000000e+01 1.31348487e-04 1.30112647e-04
3.57500000e+01 1.28178720e-04 1.27022030e-04
3.58000000e+01 1.25211167e-04 1.24143260e-04
3.58500000e+01 1.22485707e-04 1.21513943e-04
3.59000000e+01 1.20029930e-04 1.19157223e-04
3.59500000e+01 1.17850140e-04 1.17072203e-04
3.60000000e+01 1.15923450e-04 1.15227370e-04
3.60500000e+01 1.14195760e-04 1.13560417e-04
3.61000000e+01 1.12587857e-04 1.11987014e-04
3.61500000e+01 1.11009891e-04 1.10417505e-04
3.62000000e+01 1.09382003e-04 1.08778123e-04
3.62500000e+01 1.07654126e-04 1.07029715e-04
3.63000000e+01 1.05819103e-04 1.05177427e-04
3.63500000e+01 1.03912660e-04 1.03267314e-04
3.64000000e+01 1.02000992e-04 1.01370617e-04
3.64500000e+01 1.00160302e-04 9.95627297e-05
3.65000000e+01 9.84558960e-05 9.79033273e-05
3.65500000e+01 9.69278583e-05 9.64244287e-05
3.66000000e+01 9.55856753e-05 9.51280050e-05
3.66500000e+01 9.44132583e-05 9.39929370e-05
3.67000000e+01 9.33800850e-05 9.29876770e-05
3.67500000e+01 9.24552137e-05 9.20836217e-05
3.68000000e+01 9.16182820e-05 9.12648620e-05
3.68500000e+01 9.08639870e-05 9.05304600e-05
3.69000000e+01 9.01994170e-05 8.98898360e-05
3.69500000e+01 8.96354333e-05 8.93536600e-05
3.70000000e+01 8.91776600e-05 8.89247460e-05
3.70500000e+01 8.88193757e-05 8.85924730e-05
3.71000000e+01 8.85396247e-05 8.83319563e-05
3.71500000e+01 8.83058533e-05 8.81079533e-05
3.72000000e+01 8.80791467e-05 8.78803593e-05
3.72500000e+01 8.78201977e-05 8.76101927e-05
3.73000000e+01 8.74936747e-05 8.72636327e-05
3.73500000e+01 8.70714613e-05 8.68147963e-05
3.74000000e+01 8.65346507e-05 8.62479120e-05
3.74500000e+01 8.58761043e-05 8.55595910e-05
3.75000000e+01 8.51028330e-05 8.47614933e-05
3.75500000e+01 8.42378850e-05 8.38813210e-05
3.76000000e+01 8.33200433e-05 8.29621460e-05
3.76500000e+01 8.24007527e-05 8.20584233e-05
3.77000000e+01 8.15392033e-05 8.12306393e-05
3.77500000e+01 8.07960777e-05 8.05390397e-05
3.78000000e+01 8.02284367e-05 8.00385550e-05
3.78500000e+01 7.98857267e-05 7.97755823e-05
3.79000000e+01 7.98079917e-05 7.97862213e-05
3.79500000e+01 8.00249670e-05 8.00961323e-05
3.80000000e+01 8.05553663e-05 8.07195343e-05
3.80500000e+01 8.14055227e-05 8.16580420e-05
3.81000000e+01 8.25666367e-05 8.28978690e-05
3.81500000e+01 8.40120893e-05 8.44075600e-05
3.82000000e+01 8.56959167e-05 8.61373940e-05
3.82500000e+01 8.75547323e-05 8.80221567e-05
3.83000000e+01 8.95138983e-05 8.99885260e-05
3.83500000e+01 9.14973160e-05 9.19644740e-05
3.84000000e+01 9.34379863e-05 9.38890690e-05
3.84500000e+01 9.52855850e-05 9.57176037e-05
3.85000000e+01 9.70076853e-05 9.74208590e-05
3.85500000e+01 9.85845733e-05 9.89786320e-05
3.86000000e+01 9.99999070e-05 1.00370415e-04
3.86500000e+01 1.01231885e-04 1.01568872e-04
3.87000000e+01 1.02249777e-04 1.02538649e-04
3.87500000e+01 1.03018014e-04 1.03243490e-04
3.88000000e+01 1.03506880e-04 1.03657618e-04
3.88500000e+01 1.03704826e-04 1.03777025e-04
3.89000000e+01 1.03625650e-04 1.03623693e-04
3.89500000e+01 1.03306217e-04 1.03239313e-04
3.90000000e+01 1.02793380e-04 1.02670313e-04
3.90500000e+01 1.02126733e-04 1.01950264e-04
3.91000000e+01 1.01323600e-04 1.01087743e-04
3.91500000e+01 1.00373830e-04 1.00064781e-04
3.92000000e+01 9.92462230e-05 9.88464743e-05
3.92500000e+01 9.79037453e-05 9.73979057e-05
3.93000000e+01 9.63219607e-05 9.57021037e-05
3.93500000e+01 9.45039527e-05 9.37727157e-05
3.94000000e+01 9.24877250e-05 9.16586393e-05
3.94500000e+01 9.03441700e-05 8.94393807e-05
3.95000000e+01 8.81676210e-05 8.72139270e-05
3.95500000e+01 8.60612887e-05 8.50858363e-05
3.96000000e+01 8.41217450e-05 8.31478467e-05
3.96500000e+01 8.24244603e-05 8.14689193e-05
3.97000000e+01 8.10131860e-05 8.00843427e-05
3.97500000e+01 7.98931990e-05 7.89906263e-05
3.98000000e+01 7.90298093e-05 7.81447883e-05
3.98500000e+01 7.83518267e-05 7.74690980e-05
3.99000000e+01 7.77605180e-05 7.68610740e-05
3.99500000e+01 7.71442440e-05 7.62090933e-05
4.00000000e+01 7.63969350e-05 7.54116683e-05
4.00500000e+01 7.54379793e-05 7.43965120e-05
4.01000000e+01 7.42271337e-05 7.31335780e-05
4.01500000e+01 7.27700013e-05 7.16368670e-05
4.02000000e+01 7.11109713e-05 6.99545017e-05
4.02500000e+01 6.93169553e-05 6.81505220e-05
4.03000000e+01 6.74576253e-05 6.62856763e-05
4.03500000e+01 6.55884017e-05 6.44027620e-05
4.04000000e+01 6.37404107e-05 6.25199937e-05
4.04500000e+01 6.19185900e-05 6.06331157e-05
4.05000000e+01 6.01075003e-05 5.87239757e-05
4.05500000e+01 5.82813847e-05 5.67719883e-05
4.06000000e+01 5.64150660e-05 5.47636767e-05
4.06500000e+01 5.44917763e-05 5.26977647e-05
4.07000000e+01 5.25064463e-05 5.05849787e-05
4.07500000e+01 5.04652190e-05 4.84444787e-05
4.08000000e+01 4.83830653e-05 4.62997973e-05
4.08500000e+01 4.62817293e-05 4.41759683e-05
4.09000000e+01 4.41878237e-05 4.20981140e-05
4.09500000e+01 4.21310380e-05 4.00907100e-05
4.10000000e+01 4.01420030e-05 3.81769183e-05
4.10500000e+01 3.82498917e-05 3.63778583e-05
4.11000000e+01 3.64805537e-05 3.47116087e-05
4.11500000e+01 3.48547270e-05 3.31921567e-05
4.12000000e+01 3.33867063e-05 3.18281340e-05
4.12500000e+01 3.20831927e-05 3.06216837e-05
4.13000000e+01 3.09423700e-05 2.95674593e-05
4.13500000e+01 2.99533620e-05 2.86519850e-05
4.14000000e+01 2.90957940e-05 2.78532613e-05
4.14500000e+01 2.83401047e-05 2.71411597e-05
4.15000000e+01 2.76488527e-05 2.64790507e-05
4.15500000e+01 2.69798897e-05 2.58273560e-05
4.16000000e+01 2.62918863e-05 2.51491380e-05
4.16500000e+01 2.55511383e-05 2.44165010e-05
4.17000000e+01 2.47379677e-05 2.36158640e-05
4.17500000e+01 2.38498587e-05 2.27496083e-05
4.18000000e+01 2.29001487e-05 2.18336173e-05
4.18500000e+01 2.19127700e-05 2.08916907e-05
4.19000000e+01 2.09154617e-05 1.99493523e-05
4.19500000e+01 1.99340520e-05 1.90291273e-05
4.20000000e+01 1.89889007e-05 1.81479617e-05
4.20500000e+01 1.80938323e-05 1.73167753e-05
4.21000000e+01 1.72565773e-05 1.65411510e-05
4.21500000e+01 1.64800307e-05 1.58226273e-05
4.22000000e+01 1.57636943e-05 1.51599587e-05
4.22500000e+01 1.51048763e-05 1.45502010e-05
4.23000000e+01 1.44997093e-05 1.39895207e-05
4.23500000e+01 1.39437603e-05 1.34737147e-05
4.24000000e+01 1.34325083e-05 1.29985820e-05
4.24500000e+01 1.29615663e-05 1.25601047e-05
4.25000000e+01 1.25268463e-05 1.21545713e-05
4.25500000e+01 1.21246223e-05 1.17786063e-05
4.26000000e+01 1.17515372e-05 1.14291836e-05
4.26500000e+01 1.14046035e-05 1.11036111e-05
4.27000000e+01 1.10811647e-05 1.07994998e-05
4.27500000e+01 1.07788850e-05 1.05147478e-05
4.28000000e+01 1.04956946e-05 1.02474908e-05
4.28500000e+01 1.02297776e-05 9.99608977e-06
4.29000000e+01 9.97952143e-06 9.75909310e-06
4.29500000e+01 9.74350407e-06 9.53521837e-06
4.30000000e+01 9.52047050e-06 9.32333033e-06
4.30500000e+01 9.30930310e-06 9.12241610e-06
4.31000000e+01 9.10901343e-06 8.93157717e-06
4.31500000e+01 8.91871270e-06 8.75000747e-06
4.32000000e+01 8.73761190e-06 8.57699193e-06
4.32500000e+01 8.56500400e-06 8.41188250e-06
4.33000000e+01 8.40025353e-06 8.25410190e-06
4.33500000e+01 8.24278917e-06 8.10312613e-06
4.34000000e+01 8.09208973e-06 7.95848003e-06
4.34500000e+01 7.94769163e-06 7.81973783e-06
4.35000000e+01 7.80916937e-06 7.68650803e-06
4.35500000e+01 7.67613983e-06 7.55843717e-06
4.36000000e+01 7.54824927e-06 7.43520013e-06
4.36500000e+01 7.42517637e-06 7.31650233e-06
4.37000000e+01 7.30662927e-06 7.20207333e-06
4.37500000e+01 7.19233810e-06 7.09166300e-06
4.38000000e+01 7.08205693e-06 6.98504273e-06
4.38500000e+01 6.97555490e-06 6.88199963e-06
4.39000000e+01 6.87262430e-06 6.78234100e-06
4.39500000e+01 6.77307070e-06 6.68588467e-06
4.40000000e+01 6.67671513e-06 6.59246563e-06
4.40500000e+01 6.58339157e-06 6.50192617e-06
4.41000000e+01 6.49294287e-06 6.41412293e-06
4.41500000e+01 6.40522727e-06 6.32892287e-06
4.42000000e+01 6.32010997e-06 6.24619963e-06
4.42500000e+01 6.23746900e-06 6.16583680e-06
4.43000000e+01 6.15718467e-06 6.08772403e-06
4.43500000e+01 6.07914880e-06 6.01176037e-06
4.44000000e+01 6.00325960e-06 5.93784937e-06
4.44500000e+01 5.92942210e-06 5.86590183e-06
4.45000000e+01 5.85754667e-06 5.79583300e-06
4.45500000e+01 5.78754687e-06 5.72756247e-06
4.46000000e+01 5.71934527e-06 5.66101693e-06
4.46500000e+01 5.65286637e-06 5.59612497e-06
4.47000000e+01 5.58804167e-06 5.53282027e-06
4.47500000e+01 5.52480270e-06 5.47103970e-06
4.48000000e+01 5.46308680e-06 5.41072430e-06
4.48500000e+01 5.40283540e-06 5.35181863e-06
4.49000000e+01 5.34399180e-06 5.29426870e-06
4.49500000e+01 5.28650520e-06 5.23802447e-06
4.50000000e+01 5.23032167e-06 5.18303713e-06
4.50500000e+01 5.17539533e-06 5.12926280e-06
4.51000000e+01 5.12168073e-06 5.07665703e-06
4.51500000e+01 5.06913513e-06 5.02518073e-06
4.52000000e+01 5.01771777e-06 4.97479287e-06
4.52500000e+01 4.96738797e-06 4.92545707e-06
4.53000000e+01 4.91811003e-06 4.87713867e-06
4.53500000e+01 4.86984817e-06 4.82980323e-06
4.54000000e+01 4.82256987e-06 4.78341880e-06
4.54500000e+01 4.77624160e-06 4.73795417e-06
4.55000000e+01 4.73083257e-06 4.69338090e-06
4.55500000e+01 4.68631410e-06 4.64967023e-06
4.56000000e+01 4.64265813e-06 4.60679603e-06
4.56500000e+01 4.59983857e-06 4.56473233e-06
4.57000000e+01 4.55782757e-06 4.52345393e-06
4.57500000e+01 4.51660233e-06 4.48293833e-06
4.58000000e+01 4.47613887e-06 4.44316210e-06
4.58500000e+01 4.43641513e-06 4.40410493e-06
4.59000000e+01 4.39740957e-06 4.36574443e-06
4.59500000e+01 4.35910000e-06 4.32806137e-06
4.60000000e+01 4.32146760e-06 4.29103710e-06
4.60500000e+01 4.28449283e-06 4.25465280e-06
4.61000000e+01 4.24815860e-06 4.21889087e-06
4.61500000e+01 4.21244567e-06 4.18373377e-06
4.62000000e+01 4.17733733e-06 4.14916590e-06
4.62500000e+01 4.14281757e-06 4.11517113e-06
4.63000000e+01 4.10887090e-06 4.08173480e-06
4.63500000e+01 4.07548223e-06 4.04884200e-06
4.64000000e+01 4.04263577e-06 4.01647813e-06
4.64500000e+01 4.01031843e-06 3.98463060e-06
4.65000000e+01 3.97851643e-06 3.95328573e-06
4.65500000e+01 3.94721740e-06 3.92243100e-06
4.66000000e+01 3.91640790e-06 3.89205387e-06
4.66500000e+01 3.88607550e-06 3.86214303e-06
4.67000000e+01 3.85620900e-06 3.83268740e-06
4.67500000e+01 3.82679700e-06 3.80367560e-06
4.68000000e+01 3.79782897e-06 3.77509713e-06
4.68500000e+01 3.76929297e-06 3.74694117e-06
4.69000000e+01 3.74117970e-06 3.71919867e-06
4.69500000e+01 3.71347910e-06 3.69185930e-06
4.70000000e+01 3.68618167e-06 3.66491473e-06
4.70500000e+01 3.65927877e-06 3.63835477e-06
4.71000000e+01 3.63275960e-06 3.61217147e-06
4.71500000e+01 3.60661667e-06 3.58635627e-06
4.72000000e+01 3.58084137e-06 3.56090090e-06
4.72500000e+01 3.55542593e-06 3.53579747e-06
4.73000000e+01 3.53036223e-06 3.51103813e-06
4.73500000e+01 3.50564170e-06 3.48661593e-06
4.74000000e+01 3.48125770e-06 3.46252280e-06
4.74500000e+01 3.45720337e-06 3.43875277e-06
4.75000000e+01 3.43347137e-06 3.41529837e-06
4.75500000e+01 3.41005423e-06 3.39215300e-06
4.76000000e+01 3.38694573e-06 3.36931037e-06
4.76500000e+01 3.36413970e-06 3.34676430e-06
4.77000000e+01 3.34163060e-06 3.32450877e-06
4.77500000e+01 3.31941123e-06 3.30253770e-06
4.78000000e+01 3.29747560e-06 3.28084537e-06
4.78500000e+01 3.27581853e-06 3.25942643e-06
4.79000000e+01 3.25443463e-06 3.23827553e-06
4.79500000e+01 3.23331867e-06 3.21738737e-06
4.80000000e+01 3.21246487e-06 3.19675643e-06
4.80500000e+01 3.19186777e-06 3.17637807e-06
4.81000000e+01 3.17152293e-06 3.15624720e-06
4.81500000e+01 3.15142603e-06 3.13635973e-06
4.82000000e+01 3.13157173e-06 3.11671067e-06
4.82500000e+01 3.11195510e-06 3.09729523e-06
4.83000000e+01 3.09257200e-06 3.07810943e-06
4.83500000e+01 3.07341830e-06 3.05914917e-06
4.84000000e+01 3.05449003e-06 3.04041007e-06
4.84500000e+01 3.03578250e-06 3.02188777e-06
4.85000000e+01 3.01729140e-06 3.00357877e-06
4.85500000e+01 2.99901327e-06 2.98547927e-06
4.86000000e+01 2.98094470e-06 2.96758560e-06
4.86500000e+01 2.96308153e-06 2.94989400e-06
4.87000000e+01 2.94541967e-06 2.93240060e-06
4.87500000e+01 2.92795590e-06 2.91510223e-06
4.88000000e+01 2.91068690e-06 2.89799527e-06
4.88500000e+01 2.89360970e-06 2.88107723e-06
4.89000000e+01 2.87672060e-06 2.86434387e-06
4.89500000e+01 2.86001573e-06 2.84779237e-06
4.90000000e+01 2.84349260e-06 2.83141983e-06
4.90500000e+01 2.82714817e-06 2.81522333e-06
4.91000000e+01 2.81097970e-06 2.79919970e-06
4.91500000e+01 2.79498377e-06 2.78334597e-06
4.92000000e+01 2.77915727e-06 2.76765953e-06
4.92500000e+01 2.76349780e-06 2.75213747e-06
4.93000000e+01 2.74800307e-06 2.73677753e-06
4.93500000e+01 2.73266990e-06 2.72157687e-06
4.94000000e+01 2.71749537e-06 2.70653267e-06
4.94500000e+01 2.70247723e-06 2.69164270e-06
4.95000000e+01 2.68761307e-06 2.67690450e-06
4.95500000e+01 2.67290090e-06 2.66231573e-06
4.96000000e+01 2.65833760e-06 2.64787387e-06
4.96500000e+01 2.64392077e-06 2.63357657e-06
4.97000000e+01 2.62964843e-06 2.61942187e-06
4.97500000e+01 2.61551857e-06 2.60540757e-06
4.98000000e+01 2.60152890e-06 2.59153143e-06
4.98500000e+01 2.58767707e-06 2.57779110e-06
4.99000000e+01 2.57396077e-06 2.56418487e-06
4.99500000e+01 2.56037827e-06 2.55071040e-06
5.00000000e+01 2.54692783e-06 2.53736617e-06
5.00500000e+01 2.53360733e-06 2.52415010e-06
5.01000000e+01 2.52041417e-06 2.51105990e-06
5.01500000e+01 2.50734700e-06 2.49809413e-06
5.02000000e+01 2.49440407e-06 2.48525097e-06
5.02500000e+01 2.48158370e-06 2.47252853e-06
5.03000000e+01 2.46888373e-06 2.45992483e-06
5.03500000e+01 2.45630227e-06 2.44743843e-06
5.04000000e+01 2.44383787e-06 2.43506770e-06
5.04500000e+01 2.43148923e-06 2.42281100e-06
5.05000000e+01 2.41925433e-06 2.41066667e-06
5.05500000e+01 2.40713127e-06 2.39863293e-06
5.06000000e+01 2.39511880e-06 2.38670843e-06
5.06500000e+01 2.38321533e-06 2.37489150e-06
5.07000000e+01 2.37141963e-06 2.36318113e-06
5.07500000e+01 2.35973007e-06 2.35157520e-06
5.08000000e+01 2.34814467e-06 2.34007260e-06
5.08500000e+01 2.33666240e-06 2.32867193e-06
5.09000000e+01 2.32528193e-06 2.31737187e-06
5.09500000e+01 2.31400207e-06 2.30617097e-06
5.10000000e+01 2.30282110e-06 2.29506773e-06
5.10500000e+01 2.29173750e-06 2.28406110e-06
5.11000000e+01 2.28075030e-06 2.27314950e-06
5.11500000e+01 2.26985847e-06 2.26233217e-06
5.12000000e+01 2.25906047e-06 2.25160760e-06
5.12500000e+01 2.24835480e-06 2.24097437e-06
5.13000000e+01 2.23774043e-06 2.23043157e-06
5.13500000e+01 2.22721630e-06 2.21997797e-06
5.14000000e+01 2.21678157e-06 2.20961240e-06
5.14500000e+01 2.20643447e-06 2.19933363e-06
5.15000000e+01 2.19617393e-06 2.18914060e-06
5.15500000e+01 2.18599903e-06 2.17903237e-06
5.16000000e+01 2.17590880e-06 2.16900780e-06
5.16500000e+01 2.16590237e-06 2.15906583e-06
5.17000000e+01 2.15597793e-06 2.14920527e-06
5.17500000e+01 2.14613483e-06 2.13942527e-06
5.18000000e+01 2.13637220e-06 2.12972463e-06
5.18500000e+01 2.12668910e-06 2.12010290e-06
5.19000000e+01 2.11708453e-06 2.11055843e-06
5.19500000e+01 2.10755703e-06 2.10109060e-06
5.20000000e+01 2.33545607e-06 2.32832617e-06
5.20500000e+01 2.32495837e-06 2.31789340e-06
5.21000000e+01 2.31454480e-06 2.30754350e-06
5.21500000e+01 2.53522263e-06 2.52759140e-06
5.22000000e+01 2.52389230e-06 2.51632977e-06
5.22500000e+01 2.51265120e-06 2.50515633e-06
5.23000000e+01 2.72638227e-06 2.71828937e-06
5.23500000e+01 2.71427580e-06 2.70625473e-06
5.24000000e+01 2.70226337e-06 2.69431327e-06
5.24500000e+01 3.13930887e-06 3.13012187e-06
5.25000000e+01 3.12542580e-06 3.11631960e-06
5.25500000e+01 3.11164983e-06 3.10262353e-06
5.26000000e+01 3.31110053e-06 3.30154133e-06
5.26500000e+01 3.29656873e-06 3.28709270e-06
5.27000000e+01 3.28214753e-06 3.27275377e-06
5.27500000e+01 3.47542543e-06 3.46552587e-06
5.28000000e+01 3.46029127e-06 3.45047660e-06
5.28500000e+01 3.44527037e-06 3.43553953e-06
5.29000000e+01 3.63260440e-06 3.62239280e-06
5.29500000e+01 3.61690927e-06 3.60678453e-06
5.30000000e+01 3.60133127e-06 3.59129213e-06
5.30500000e+01 3.78294000e-06 3.77244337e-06
5.31000000e+01 3.76672497e-06 3.75631660e-06
5.31500000e+01 3.75062903e-06 3.74030803e-06
5.32000000e+01 4.14371613e-06 4.13237237e-06
5.32500000e+01 4.12607627e-06 4.11482653e-06
5.33000000e+01 4.10856380e-06 4.09740697e-06
5.33500000e+01 4.27826893e-06 4.26670423e-06
5.34000000e+01 4.26020347e-06 4.24873407e-06
5.34500000e+01 4.24226770e-06 4.23089213e-06
5.35000000e+01 4.40686927e-06 4.39510530e-06
5.35500000e+01 4.38841103e-06 4.37674270e-06
5.36000000e+01 4.37008370e-06 4.35851017e-06
5.36500000e+01 4.52976250e-06 4.51781937e-06
5.37000000e+01 4.51094310e-06 4.49909617e-06
5.37500000e+01 4.49225567e-06 4.48050313e-06
5.38000000e+01 4.47369860e-06 4.46204003e-06
5.38500000e+01 4.62803397e-06 4.61602617e-06
5.39000000e+01 4.60901407e-06 4.59710170e-06
5.39500000e+01 4.59012630e-06 4.57830777e-06
5.40000000e+01 4.94436567e-06 4.93169780e-06
5.40500000e+01 4.92419567e-06 4.91162747e-06
5.41000000e+01 4.90416433e-06 4.89169437e-06
5.41500000e+01 5.04857510e-06 5.03579277e-06
5.42000000e+01 5.02814420e-06 5.01546087e-06
5.42500000e+01 5.00785143e-06 4.99526613e-06
5.43000000e+01 5.14803793e-06 5.13515530e-06
5.43500000e+01 5.12736803e-06 5.11458463e-06
5.44000000e+01 5.10683780e-06 5.09415183e-06
5.44500000e+01 5.24294647e-06 5.22997643e-06
5.45000000e+01 5.22205970e-06 5.20918827e-06
5.45500000e+01 5.20131213e-06 5.18853843e-06
5.46000000e+01 5.18070180e-06 5.16802483e-06
5.46500000e+01 5.31239947e-06 5.29945330e-06
5.47000000e+01 5.29145583e-06 5.27860640e-06
5.47500000e+01 5.27064917e-06 5.25789600e-06
5.48000000e+01 5.39856047e-06 5.38555080e-06
5.48500000e+01 5.56992793e-06 5.55656173e-06
5.49000000e+01 5.54818893e-06 5.53492120e-06
5.49500000e+01 5.67155423e-06 5.65804617e-06
5.50000000e+01 5.64952927e-06 5.63612070e-06
5.50500000e+01 5.62764600e-06 5.61433580e-06
5.51000000e+01 5.74749430e-06 5.73395437e-06
5.51500000e+01 5.72534250e-06 5.71190057e-06
5.52000000e+01 5.70333190e-06 5.68998737e-06
5.52500000e+01 5.68146093e-06 5.66821310e-06
5.53000000e+01 5.79751580e-06 5.78405007e-06
5.53500000e+01 5.77539353e-06 5.76202420e-06
5.54000000e+01 5.75340967e-06 5.74013593e-06
5.54500000e+01 5.86619087e-06 5.85270950e-06
5.55000000e+01 5.84397083e-06 5.83058523e-06
5.55500000e+01 5.82188960e-06 5.80859910e-06
5.56000000e+01 5.93150583e-06 5.91801607e-06
5.56500000e+01 5.90920180e-06 5.89580703e-06
5.57000000e+01 6.06885163e-06 6.05515027e-06
5.57500000e+01 6.04614137e-06 6.03253610e-06
5.58000000e+01 6.15154483e-06 6.13775413e-06
5.58500000e+01 6.12863540e-06 6.11494017e-06
5.59000000e+01 6.10586567e-06 6.09226557e-06
5.59500000e+01 6.20833427e-06 6.19455730e-06
5.60000000e+01 6.18537890e-06 6.17169660e-06
5.60500000e+01 6.16256213e-06 6.14897347e-06
5.61000000e+01 6.13988267e-06 6.12638697e-06
5.61500000e+01 6.23919820e-06 6.22553470e-06
5.62000000e+01 6.21634480e-06 6.20277447e-06
5.62500000e+01 6.19362793e-06 6.18014913e-06
5.63000000e+01 6.29020713e-06 6.27656730e-06
5.63500000e+01 6.26732683e-06 6.25377897e-06
5.64000000e+01 6.24458243e-06 6.23112587e-06
5.64500000e+01 6.33850983e-06 6.32489990e-06
5.65000000e+01 6.31561387e-06 6.30209453e-06
5.65500000e+01 6.29285187e-06 6.27942210e-06
5.66000000e+01 6.44186340e-06 6.42816793e-06
5.66500000e+01 6.53221563e-06 6.51837703e-06
5.67000000e+01 6.50883623e-06 6.49508910e-06
5.67500000e+01 6.48559247e-06 6.47193497e-06
5.68000000e+01 6.57348270e-06 6.55968840e-06
5.68500000e+01 6.55011370e-06 6.53640987e-06
5.69000000e+01 6.52687900e-06 6.51326477e-06
5.69500000e+01 6.50377913e-06 6.49025303e-06
5.70000000e+01 6.58903387e-06 6.57537693e-06
5.70500000e+01 6.56581667e-06 6.55224843e-06
5.71000000e+01 6.54273247e-06 6.52925157e-06
5.71500000e+01 6.62568357e-06 6.61207793e-06
5.72000000e+01 6.60249277e-06 6.58897397e-06
5.72500000e+01 6.57943247e-06 6.56599997e-06
5.73000000e+01 6.55650167e-06 6.54315500e-06
5.73500000e+01 6.63699023e-06 6.62352487e-06
5.74000000e+01 6.61396070e-06 6.60058080e-06
5.74500000e+01 6.59106020e-06 6.57776407e-06
5.75000000e+01 6.83182060e-06 6.81809450e-06
5.75500000e+01 6.80827153e-06 6.79463187e-06
5.76000000e+01 6.78485317e-06 6.77129917e-06
5.76500000e+01 6.76156503e-06 6.74809527e-06
5.77000000e+01 6.83694470e-06 6.82336877e-06
5.77500000e+01 6.81357750e-06 6.80008613e-06
5.78000000e+01 6.79033860e-06 6.77693067e-06
5.78500000e+01 6.86370930e-06 6.85020007e-06
5.79000000e+01 6.84039973e-06 6.82697333e-06
5.79500000e+01 6.81721647e-06 6.80387243e-06
5.80000000e+01 6.79415907e-06 6.78089703e-06
5.80500000e+01 6.86539020e-06 6.85203200e-06
5.81000000e+01 6.84226803e-06 6.82899067e-06
5.81500000e+01 6.81927003e-06 6.80607293e-06
5.82000000e+01 6.79639580e-06 6.78327863e-06
5.82500000e+01 6.86555993e-06 6.85235103e-06
5.83000000e+01 6.84262603e-06 6.82949697e-06
5.83500000e+01 6.81981493e-06 6.80676413e-06
5.84000000e+01 6.88715803e-06 6.87401910e-06
5.84500000e+01 7.01803973e-06 7.00469677e-06
5.85000000e+01 6.99479050e-06 6.98152693e-06
5.85500000e+01 6.97166503e-06 6.95848057e-06
5.86000000e+01 7.03647883e-06 7.02321167e-06
5.86500000e+01 7.01330943e-06 7.00012067e-06
5.87000000e+01 6.99026147e-06 6.97715077e-06
5.87500000e+01 6.96733463e-06 6.95430137e-06
5.88000000e+01 7.03029000e-06 7.01717817e-06
5.88500000e+01 7.00732497e-06 6.99428927e-06
5.89000000e+01 6.98447810e-06 6.97151890e-06
5.89500000e+01 7.04578887e-06 7.03275477e-06
5.90000000e+01 7.02290887e-06 7.00995030e-06
5.90500000e+01 7.00014703e-06 6.98726317e-06
5.91000000e+01 6.97750207e-06 6.96469260e-06
5.91500000e+01 7.03706887e-06 7.02418827e-06
5.92000000e+01 7.01439393e-06 7.00158727e-06
5.92500000e+01 6.99183530e-06 6.97910230e-06
5.93000000e+01 6.96939193e-06 6.95673100e-06
5.93500000e+01 7.02727233e-06 7.01454323e-06
5.94000000e+01 7.00480227e-06 6.99214590e-06
5.94500000e+01 7.12793183e-06 7.11509450e-06
5.95000000e+01 7.18377367e-06 7.17087243e-06
5.95500000e+01 7.16094103e-06 7.14811220e-06
5.96000000e+01 7.13822310e-06 7.12546677e-06
5.96500000e+01 7.11561850e-06 7.10293373e-06
5.97000000e+01 7.16988763e-06 7.15714213e-06
5.97500000e+01 7.14727067e-06 7.13459603e-06
5.98000000e+01 7.12476557e-06 7.11216157e-06
5.98500000e+01 7.10237210e-06 7.08983853e-06
5.99000000e+01 7.15511913e-06 7.14252797e-06
5.99500000e+01 7.13271630e-06 7.12019430e-06
6.00000000e+01 7.11042350e-06 7.09797023e-06
6.00500000e+01 7.16181393e-06 7.14930530e-06
6.01000000e+01 7.13951400e-06 7.12707437e-06
6.01500000e+01 7.11732383e-06 7.10495227e-06
6.02000000e+01 7.09524233e-06 7.08293807e-06
6.02500000e+01 7.14520190e-06 7.13284473e-06
6.03000000e+01 7.12311547e-06 7.11082580e-06
6.03500000e+01 7.10113623e-06 7.08891330e-06
6.04000000e+01 7.07926410e-06 7.06710757e-06
6.04500000e+01 7.12783867e-06 7.11563087e-06
6.05000000e+01 7.24353243e-06 7.23116390e-06
6.05500000e+01 7.22134847e-06 7.20904673e-06
6.06000000e+01 7.19927113e-06 7.18703563e-06
6.06500000e+01 7.24601817e-06 7.23373550e-06
6.07000000e+01 7.22394620e-06 7.21172867e-06
6.07500000e+01 7.20197903e-06 7.18982683e-06
6.08000000e+01 7.18011687e-06 7.16802923e-06
6.08500000e+01 7.22557360e-06 7.21344113e-06
6.09000000e+01 7.20371913e-06 7.19165050e-06
6.09500000e+01 7.18196733e-06 7.16996233e-06
6.10000000e+01 7.22626663e-06 7.21421917e-06
6.10500000e+01 7.20452450e-06 7.19254060e-06
6.11000000e+01 7.18288577e-06 7.17096430e-06
6.11500000e+01 7.16134817e-06 7.14948860e-06
6.12000000e+01 7.20443213e-06 7.19253170e-06
6.12500000e+01 7.18290543e-06 7.17106723e-06
6.13000000e+01 7.16148007e-06 7.14970367e-06
6.13500000e+01 7.14015463e-06 7.12843887e-06
6.14000000e+01 7.18206057e-06 7.17030537e-06
6.14500000e+01 7.16074773e-06 7.14905347e-06
6.15000000e+01 7.13953387e-06 7.12789973e-06
6.15500000e+01 7.24894390e-06 7.23716503e-06
6.16000000e+01 7.28926293e-06 7.27744767e-06
6.16500000e+01 7.26778513e-06 7.25603027e-06
6.17000000e+01 7.24640570e-06 7.23471103e-06
6.17500000e+01 7.22512413e-06 7.21348930e-06
6.18000000e+01 7.26434417e-06 7.25267457e-06
6.18500000e+01 7.24308327e-06 7.23147230e-06
6.19000000e+01 7.22191947e-06 7.21036713e-06
6.19500000e+01 7.20085173e-06 7.18935797e-06
6.20000000e+01 7.23900623e-06 7.22747953e-06
6.20500000e+01 7.21796063e-06 7.20649150e-06
6.21000000e+01 7.19700933e-06 7.18559763e-06
6.21500000e+01 7.17615317e-06 7.16479877e-06
6.22000000e+01 7.21327347e-06 7.20188773e-06
6.22500000e+01 7.19244033e-06 7.18111143e-06
6.23000000e+01 7.17170073e-06 7.16042740e-06
6.23500000e+01 7.15105387e-06 7.13983643e-06
6.24000000e+01 7.18717183e-06 7.17592477e-06
6.24500000e+01 7.16654863e-06 7.15535737e-06
6.25000000e+01 7.14601767e-06 7.13488120e-06
6.25500000e+01 7.12557830e-06 7.11449613e-06
6.26000000e+01 7.16072357e-06 7.14961307e-06
6.26500000e+01 7.26406467e-06 7.25282407e-06
6.27000000e+01 7.24339483e-06 7.23220900e-06
6.27500000e+01 7.22281607e-06 7.21168443e-06
6.28000000e+01 7.25661643e-06 7.24545847e-06
6.28500000e+01 7.23606643e-06 7.22496293e-06
6.29000000e+01 7.21560633e-06 7.20455680e-06
6.29500000e+01 7.19523703e-06 7.18424050e-06
6.30000000e+01 7.22812927e-06 7.21710727e-06
6.30500000e+01 7.20778940e-06 7.19682043e-06
6.31000000e+01 7.18753773e-06 7.17662173e-06
6.31500000e+01 7.16737477e-06 7.15651127e-06
6.32000000e+01 7.19938480e-06 7.18849717e-06
6.32500000e+01 7.17925297e-06 7.16841683e-06
6.33000000e+01 7.15920743e-06 7.14842317e-06
6.33500000e+01 7.13924887e-06 7.12851583e-06
6.34000000e+01 7.17040237e-06 7.15964677e-06
6.34500000e+01 7.15047600e-06 7.13977057e-06
6.35000000e+01 7.13063490e-06 7.11998003e-06
6.35500000e+01 7.11087927e-06 7.10027490e-06
6.36000000e+01 7.14119987e-06 7.13057400e-06
6.36500000e+01 7.12147767e-06 7.11090140e-06
6.37000000e+01 7.10183823e-06 7.09131103e-06
6.37500000e+01 7.08228237e-06 7.07180473e-06
6.38000000e+01 7.22912607e-06 7.21846097e-06
6.38500000e+01 7.20928797e-06 7.19867240e-06
6.39000000e+01 7.18953360e-06 7.17896703e-06
6.39500000e+01 7.16986170e-06 7.15934410e-06
6.40000000e+01 7.19822860e-06 7.18769233e-06
6.40500000e+01 7.17859397e-06 7.16810630e-06
6.41000000e+01 7.15904187e-06 7.14860283e-06
6.41500000e+01 7.13957247e-06 7.12918073e-06
6.42000000e+01 7.16718373e-06 7.15677397e-06
6.42500000e+01 7.14775047e-06 7.13738867e-06
6.43000000e+01 7.12839877e-06 7.11808463e-06
6.43500000e+01 7.10912793e-06 7.09886050e-06
6.44000000e+01 7.13600490e-06 7.12571993e-06
6.44500000e+01 7.11677130e-06 7.10653340e-06
6.45000000e+01 7.09761707e-06 7.08742550e-06
6.45500000e+01 7.07854283e-06 7.06839737e-06
6.46000000e+01 7.10470653e-06 7.09454443e-06
6.46500000e+01 7.08566943e-06 7.07555310e-06
6.47000000e+01 7.06671167e-06 7.05664117e-06
6.47500000e+01 7.04783080e-06 7.03780583e-06
6.48000000e+01 7.07330087e-06 7.06325993e-06
6.48500000e+01 7.05445950e-06 7.04446317e-06
6.49000000e+01 7.03569443e-06 7.02574277e-06
6.49500000e+01 7.01700560e-06 7.00709860e-06
6.50000000e+01 7.15303890e-06 7.14296643e-06
6.50500000e+01 7.13410143e-06 7.12407303e-06
6.51000000e+01 7.11523950e-06 7.10525553e-06
6.51500000e+01 7.09645360e-06 7.08651407e-06
6.52000000e+01 7.07774403e-06 7.06784837e-06
6.52500000e+01 7.10152203e-06 7.09161323e-06
6.53000000e+01 7.08285400e-06 7.07298803e-06
6.53500000e+01 7.06426073e-06 7.05443810e-06
6.54000000e+01 7.04574183e-06 7.03596253e-06
6.54500000e+01 7.06888977e-06 7.05909803e-06
6.55000000e+01 7.05041310e-06 7.04066380e-06
6.55500000e+01 7.03200973e-06 7.02230250e-06
6.56000000e+01 7.01367980e-06 7.00401510e-06
6.56500000e+01 7.03621487e-06 7.02653807e-06
6.57000000e+01 7.01792697e-06 7.00829203e-06
6.57500000e+01 6.99971163e-06 6.99011803e-06
6.58000000e+01 6.98156827e-06 6.97201610e-06
6.58500000e+01 7.00350763e-06 6.99394423e-06
6.59000000e+01 6.98540593e-06 6.97588363e-06
6.59500000e+01 6.96737577e-06 6.95789460e-06
6.60000000e+01 6.94941653e-06 6.93997540e-06
6.60500000e+01 6.97077683e-06 6.96132477e-06
6.61000000e+01 6.95285937e-06 6.94344790e-06
6.61500000e+01 6.93501253e-06 6.92564153e-06
6.62000000e+01 7.02300560e-06 7.01353670e-06
6.62500000e+01 7.00503220e-06 6.99560317e-06
6.63000000e+01 7.02549937e-06 7.01606087e-06
6.63500000e+01 7.00756910e-06 6.99817050e-06
6.64000000e+01 6.98970927e-06 6.98035027e-06
6.64500000e+01 6.97191937e-06 6.96259953e-06
6.65000000e+01 6.99184430e-06 6.98251523e-06
6.65500000e+01 6.97409713e-06 6.96480753e-06
6.66000000e+01 6.95641827e-06 6.94716787e-06
6.66500000e+01 6.93880863e-06 6.92959660e-06
6.67000000e+01 6.95820683e-06 6.94898577e-06
6.67500000e+01 6.94064047e-06 6.93145790e-06
6.68000000e+01 6.92314127e-06 6.91399717e-06
6.68500000e+01 6.90570990e-06 6.89660373e-06
6.69000000e+01 6.92459553e-06 6.91548083e-06
6.69500000e+01 6.90720703e-06 6.89813000e-06
6.70000000e+01 6.88988580e-06 6.88084660e-06
6.70500000e+01 6.87262967e-06 6.86362773e-06
6.71000000e+01 6.85544057e-06 6.84647597e-06
6.71500000e+01 6.87380427e-06 6.86483127e-06
6.72000000e+01 6.85665817e-06 6.84772197e-06
6.72500000e+01 6.83957603e-06 6.83067673e-06
6.73000000e+01 6.82255957e-06 6.81369693e-06
6.73500000e+01 6.84043867e-06 6.83156833e-06
6.74000000e+01 6.82346570e-06 6.81463127e-06
6.74500000e+01 6.80655607e-06 6.79775780e-06
6.75000000e+01 6.88999087e-06 6.88110353e-06
6.75500000e+01 6.90712187e-06 6.89822817e-06
6.76000000e+01 6.89007757e-06 6.88121957e-06
6.76500000e+01 6.87309620e-06 6.86427390e-06
6.77000000e+01 6.85617850e-06 6.84739203e-06
6.77500000e+01 6.83932420e-06 6.83057340e-06
6.78000000e+01 6.85598260e-06 6.84722543e-06
6.78500000e+01 6.83917313e-06 6.83045080e-06
6.79000000e+01 6.82242543e-06 6.81373800e-06
6.79500000e+01 6.80574070e-06 6.79708833e-06
6.80000000e+01 6.82195610e-06 6.81329833e-06
6.80500000e+01 6.80531633e-06 6.79669270e-06
6.81000000e+01 6.78873737e-06 6.78014777e-06
6.81500000e+01 6.77221947e-06 6.76366423e-06
6.82000000e+01 6.78800510e-06 6.77944453e-06
6.82500000e+01 6.77153227e-06 6.76300550e-06
6.83000000e+01 6.75511983e-06 6.74662650e-06
6.83500000e+01 6.73876727e-06 6.73030743e-06
6.84000000e+01 6.72247427e-06 6.71404773e-06
6.84500000e+01 6.73782520e-06 6.72939367e-06
6.85000000e+01 6.72157723e-06 6.71317930e-06
6.85500000e+01 6.70538813e-06 6.69702280e-06
6.86000000e+01 6.68925743e-06 6.68092480e-06
6.86500000e+01 6.70420100e-06 6.69586367e-06
6.87000000e+01 6.68811447e-06 6.67980960e-06
6.87500000e+01 6.67208703e-06 6.66381453e-06
6.88000000e+01 6.75143057e-06 6.74307637e-06
6.88500000e+01 6.73529543e-06 6.72697307e-06
6.89000000e+01 6.74957670e-06 6.74125033e-06
6.89500000e+01 6.73348603e-06 6.72519263e-06
6.90000000e+01 6.71745323e-06 6.70919153e-06
6.90500000e+01 6.70147850e-06 6.69324813e-06
6.91000000e+01 6.71537840e-06 6.70714463e-06
6.91500000e+01 6.69944787e-06 6.69124600e-06
6.92000000e+01 6.68357460e-06 6.67540413e-06
6.92500000e+01 6.66775773e-06 6.65961857e-06
6.93000000e+01 6.65199807e-06 6.64388943e-06
6.93500000e+01 6.66551427e-06 6.65740227e-06
6.94000000e+01 6.64979880e-06 6.64171763e-06
6.94500000e+01 6.63413883e-06 6.62608897e-06
6.95000000e+01 6.61853417e-06 6.61051537e-06
6.95500000e+01 6.63168950e-06 6.62366757e-06
6.96000000e+01 6.61612973e-06 6.60813763e-06
6.96500000e+01 6.60062477e-06 6.59266273e-06
6.97000000e+01 6.58517413e-06 6.57724217e-06
6.97500000e+01 6.56977877e-06 6.56187673e-06
6.98000000e+01 6.58257043e-06 6.57466497e-06
6.98500000e+01 6.56721840e-06 6.55934257e-06
6.99000000e+01 6.55192043e-06 6.54407467e-06
6.99500000e+01 6.53667587e-06 6.52885997e-06
7.00000000e+01 6.54912483e-06 6.54130627e-06
7.00500000e+01 6.53392427e-06 6.52613433e-06
7.01000000e+01 6.51877660e-06 6.51101563e-06
7.01500000e+01 6.50368137e-06 6.49594923e-06
7.02000000e+01 6.57902867e-06 6.57122160e-06
7.02500000e+01 6.59090503e-06 6.58309543e-06
7.03000000e+01 6.57570177e-06 6.56792103e-06
7.03500000e+01 6.56055030e-06 6.55279880e-06
7.04000000e+01 6.54545210e-06 6.53772913e-06
7.04500000e+01 6.55700700e-06 6.54928277e-06
7.05000000e+01 6.54195280e-06 6.53425650e-06
7.05500000e+01 6.52695033e-06 6.51928220e-06
7.06000000e+01 6.51199970e-06 6.50435970e-06
7.06500000e+01 6.49710077e-06 6.48948873e-06
7.07000000e+01 6.50833473e-06 6.50072057e-06
7.07500000e+01 6.49347927e-06 6.48589280e-06
7.08000000e+01 6.47867443e-06 6.47111610e-06
7.08500000e+01 6.46392043e-06 6.45638960e-06
7.09000000e+01 6.47484973e-06 6.46731747e-06
7.09500000e+01 6.46013940e-06 6.45263443e-06
7.10000000e+01 6.44547897e-06 6.43800117e-06
7.10500000e+01 6.43086870e-06 6.42341790e-06
7.11000000e+01 6.41630777e-06 6.40888387e-06
7.11500000e+01 6.42693333e-06 6.41950760e-06
7.12000000e+01 6.41241550e-06 6.40501650e-06
7.12500000e+01 6.39794660e-06 6.39057417e-06
7.13000000e+01 6.38352680e-06 6.37618130e-06
7.13500000e+01 6.36915593e-06 6.36183733e-06
7.14000000e+01 6.37948550e-06 6.37216570e-06
7.14500000e+01 6.36515770e-06 6.35786350e-06
7.15000000e+01 6.35087733e-06 6.34360910e-06
7.15500000e+01 6.33664463e-06 6.32940233e-06
7.16000000e+01 6.34669253e-06 6.33944927e-06
7.16500000e+01 6.41822153e-06 6.41090897e-06
7.17000000e+01 6.40389057e-06 6.39660390e-06
7.17500000e+01 6.38960767e-06 6.38234723e-06
7.18000000e+01 6.37537210e-06 6.36813793e-06
7.18500000e+01 6.38493423e-06 6.37769947e-06
7.19000000e+01 6.37074257e-06 6.36353283e-06
7.19500000e+01 6.35659740e-06 6.34941297e-06
7.20000000e+01 6.34249940e-06 6.33534020e-06
7.20500000e+01 6.32844780e-06 6.32131373e-06
7.21000000e+01 6.33774157e-06 6.33060663e-06
7.21500000e+01 6.32373230e-06 6.31662230e-06
7.22000000e+01 6.30977007e-06 6.30268537e-06
7.22500000e+01 6.29585313e-06 6.28879313e-06
7.23000000e+01 6.30488950e-06 6.29782973e-06
7.23500000e+01 6.29101547e-06 6.28397973e-06
7.24000000e+01 6.27718637e-06 6.27017507e-06
7.24500000e+01 6.26340330e-06 6.25641633e-06
7.25000000e+01 6.24966477e-06 6.24270193e-06
7.25500000e+01 6.25844637e-06 6.25148300e-06
7.26000000e+01 6.24474967e-06 6.23781027e-06
7.26500000e+01 6.23109797e-06 6.22418293e-06
7.27000000e+01 6.21749103e-06 6.21059983e-06
7.27500000e+01 6.20392863e-06 6.19706113e-06
7.28000000e+01 6.21246260e-06 6.20559500e-06
7.28500000e+01 6.19894050e-06 6.19209647e-06
7.29000000e+01 6.18546257e-06 6.17864197e-06
7.29500000e+01 6.17202860e-06 6.16523130e-06
7.30000000e+01 6.18032440e-06 6.17352673e-06
7.30500000e+01 6.16693087e-06 6.16015633e-06
7.31000000e+01 6.23508433e-06 6.22824623e-06
7.31500000e+01 6.22160417e-06 6.21478977e-06
7.32000000e+01 6.20816767e-06 6.20137680e-06
7.32500000e+01 6.21603933e-06 6.20924850e-06
7.33000000e+01 6.20264433e-06 6.19587650e-06
7.33500000e+01 6.18929210e-06 6.18254703e-06
7.34000000e+01 6.17598237e-06 6.16926010e-06
7.34500000e+01 6.16271553e-06 6.15601590e-06
7.35000000e+01 6.17036177e-06 6.16366230e-06
7.35500000e+01 6.15713590e-06 6.15045887e-06
7.36000000e+01 6.14395240e-06 6.13729823e-06
7.36500000e+01 6.13081067e-06 6.12417927e-06
7.37000000e+01 6.11771150e-06 6.11110227e-06
7.37500000e+01 6.12513867e-06 6.11852957e-06
7.38000000e+01 6.11207890e-06 6.10549183e-06
7.38500000e+01 6.09906130e-06 6.09249617e-06
7.39000000e+01 6.08608467e-06 6.07954133e-06
7.39500000e+01 6.07314973e-06 6.06662773e-06
7.40000000e+01 6.08036293e-06 6.07384163e-06
7.40500000e+01 6.06746693e-06 6.06096767e-06
7.41000000e+01 6.05461183e-06 6.04813407e-06
7.41500000e+01 6.04179787e-06 6.03534200e-06
7.42000000e+01 6.04880503e-06 6.04234943e-06
7.42500000e+01 6.03603017e-06 6.02959580e-06
7.43000000e+01 6.02329507e-06 6.01688190e-06
7.43500000e+01 6.01060063e-06 6.00420853e-06
7.44000000e+01 5.99794617e-06 5.99157457e-06
7.44500000e+01 6.00475000e-06 5.99837930e-06
7.45000000e+01 5.99213397e-06 5.98578453e-06
7.45500000e+01 5.97955760e-06 5.97322887e-06
7.46000000e+01 5.96702060e-06 5.96071260e-06
7.46500000e+01 6.03187030e-06 6.02550360e-06
7.47000000e+01 6.03830303e-06 6.03193753e-06
7.47500000e+01 6.02568473e-06 6.01933990e-06
7.48000000e+01 6.01310527e-06 6.00678100e-06
7.48500000e+01 6.00056553e-06 5.99426127e-06
7.49000000e+01 5.98806440e-06 5.98178050e-06
7.49500000e+01 5.99430827e-06 5.98802570e-06
7.50000000e+01 5.98184587e-06 5.97558400e-06
7.50500000e+01 5.96942267e-06 5.96318097e-06
7.51000000e+01 5.95703787e-06 5.95081623e-06
7.51500000e+01 5.94469053e-06 5.93848890e-06
7.52000000e+01 5.95075003e-06 5.94454973e-06
7.52500000e+01 5.93844147e-06 5.93226097e-06
7.53000000e+01 5.92617037e-06 5.92000960e-06
7.53500000e+01 5.91393757e-06 5.90779603e-06
7.54000000e+01 5.90174190e-06 5.89562003e-06
7.54500000e+01 5.90762233e-06 5.90150223e-06
7.55000000e+01 5.89546443e-06 5.88936433e-06
7.55500000e+01 5.88334430e-06 5.87726353e-06
7.56000000e+01 5.87126130e-06 5.86519937e-06
7.56500000e+01 5.85921440e-06 5.85317167e-06
7.57000000e+01 5.86492037e-06 5.85887903e-06
7.57500000e+01 5.85291117e-06 5.84688890e-06
7.58000000e+01 5.84093853e-06 5.83493490e-06
7.58500000e+01 5.82900200e-06 5.82301733e-06
7.59000000e+01 5.81710180e-06 5.81113637e-06
7.59500000e+01 5.82263830e-06 5.81667437e-06
7.60000000e+01 5.81077527e-06 5.80483043e-06
7.60500000e+01 5.79894817e-06 5.79302157e-06
7.61000000e+01 5.78715657e-06 5.78124850e-06
7.61500000e+01 5.77540017e-06 5.76951060e-06
7.62000000e+01 5.78077130e-06 5.77488323e-06
7.62500000e+01 5.84246417e-06 5.83652147e-06
7.63000000e+01 5.83063350e-06 5.82470933e-06
7.63500000e+01 5.81883847e-06 5.81293310e-06
7.64000000e+01 5.80707853e-06 5.80119153e-06
7.64500000e+01 5.81213067e-06 5.80624547e-06
7.65000000e+01 5.80040813e-06 5.79454113e-06
7.65500000e+01 5.78872033e-06 5.78287150e-06
7.66000000e+01 5.77706713e-06 5.77123633e-06
7.66500000e+01 5.76544887e-06 5.75963607e-06
7.67000000e+01 5.77034663e-06 5.76453523e-06
7.67500000e+01 5.75876487e-06 5.75297133e-06
7.68000000e+01 5.74721763e-06 5.74144193e-06
7.68500000e+01 5.73570433e-06 5.72994680e-06
7.69000000e+01 5.72422587e-06 5.71848597e-06
7.69500000e+01 5.72897343e-06 5.72323533e-06
7.70000000e+01 5.71753043e-06 5.71180987e-06
7.70500000e+01 5.70612140e-06 5.70041830e-06
7.71000000e+01 5.69474580e-06 5.68906010e-06
7.71500000e+01 5.68340393e-06 5.67773557e-06
7.72000000e+01 5.68800490e-06 5.68233800e-06
7.72500000e+01 5.67669850e-06 5.67104880e-06
7.73000000e+01 5.66542547e-06 5.65979337e-06
7.73500000e+01 5.65418577e-06 5.64857110e-06
7.74000000e+01 5.64297913e-06 5.63738147e-06
7.74500000e+01 5.64743737e-06 5.64184120e-06
7.75000000e+01 5.63626533e-06 5.63068600e-06
7.75500000e+01 5.62512610e-06 5.61956363e-06
7.76000000e+01 5.61401960e-06 5.60847387e-06
7.76500000e+01 5.60294560e-06 5.59741620e-06
7.77000000e+01 5.60726470e-06 5.60173713e-06
7.77500000e+01 5.59622520e-06 5.59071467e-06
7.78000000e+01 5.58521767e-06 5.57972397e-06
7.78500000e+01 5.57424263e-06 5.56876547e-06
7.79000000e+01 5.56329923e-06 5.55783800e-06
7.79500000e+01 5.63705127e-06 5.63152560e-06
7.80000000e+01 5.62600757e-06 5.62049837e-06
7.80500000e+01 5.61499597e-06 5.60950317e-06
7.81000000e+01 5.60401677e-06 5.59853993e-06
7.81500000e+01 5.59306860e-06 5.58760803e-06
7.82000000e+01 5.59697657e-06 5.59151853e-06
7.82500000e+01 5.58606277e-06 5.58062083e-06
7.83000000e+01 5.57518127e-06 5.56975550e-06
7.83500000e+01 5.56433083e-06 5.55892110e-06
7.84000000e+01 5.55351093e-06 5.54811713e-06
7.84500000e+01 5.55729237e-06 5.55190073e-06
7.85000000e+01 5.54650673e-06 5.54113093e-06
7.85500000e+01 5.53575253e-06 5.53039220e-06
7.86000000e+01 5.52502883e-06 5.51968423e-06
7.86500000e+01 5.51433553e-06 5.50900667e-06
7.87000000e+01 5.51799403e-06 5.51266770e-06
7.87500000e+01 5.50733453e-06 5.50202380e-06
7.88000000e+01 5.49670600e-06 5.49141070e-06
7.88500000e+01 5.48610703e-06 5.48082720e-06
7.89000000e+01 5.47553830e-06 5.47027393e-06
7.89500000e+01 5.47907647e-06 5.47381423e-06
7.90000000e+01 5.46854120e-06 5.46329420e-06
7.90500000e+01 5.45803587e-06 5.45280373e-06
7.91000000e+01 5.44756003e-06 5.44234317e-06
7.91500000e+01 5.43711360e-06 5.43191223e-06
7.92000000e+01 5.42669693e-06 5.42151100e-06
7.92500000e+01 5.43012203e-06 5.42493823e-06
7.93000000e+01 5.41973843e-06 5.41456920e-06
7.93500000e+01 5.40938380e-06 5.40422953e-06
7.94000000e+01 5.39905817e-06 5.39391873e-06
7.94500000e+01 5.38876173e-06 5.38363707e-06
7.95000000e+01 5.39207313e-06 5.38695027e-06
7.95500000e+01 5.38180860e-06 5.37670047e-06
7.96000000e+01 5.37157333e-06 5.36648020e-06
7.96500000e+01 5.36136653e-06 5.35628837e-06
7.97000000e+01 5.41715740e-06 5.41203293e-06
7.97500000e+01 5.42022497e-06 5.41510243e-06
7.98000000e+01 5.40995560e-06 5.40484770e-06
7.98500000e+01 5.39971500e-06 5.39462167e-06
7.99000000e+01 5.38950277e-06 5.38442390e-06
7.99500000e+01 5.37931943e-06 5.37425470e-06
8.00000000e+01 5.38228043e-06 5.37721800e-06
