-2.00000000e+01 3.90673133e-08
-1.99500000e+01 3.92358803e-08
-1.99000000e+01 3.94055610e-08
-1.98500000e+01 3.95763673e-08
-1.98000000e+01 3.97483070e-08
-1.97500000e+01 3.99213950e-08
-1.97000000e+01 4.00956340e-08
-1.96500000e+01 4.02710413e-08
-1.96000000e+01 4.04476220e-08
-1.95500000e+01 4.06253930e-08
-1.95000000e+01 4.08043607e-08
-1.94500000e+01 4.09845363e-08
-1.94000000e+01 4.11659330e-08
-1.93500000e+01 4.13485617e-08
-1.93000000e+01 4.15324327e-08
-1.92500000e+01 4.17175557e-08
-1.92000000e+01 4.19039470e-08
-1.91500000e+01 4.20916153e-08
-1.91000000e+01 4.22805717e-08
-1.90500000e+01 4.24708307e-08
-1.90000000e+01 4.26624043e-08
-1.89500000e+01 4.28553043e-08
-1.89000000e+01 4.30495400e-08
-1.88500000e+01 4.32451307e-08
-1.88000000e+01 4.34420833e-08
-1.87500000e+01 4.36404130e-08
-1.87000000e+01 4.38401333e-08
-1.86500000e+01 4.40412577e-08
-1.86000000e+01 4.42437997e-08
-1.85500000e+01 4.44477693e-08
-1.85000000e+01 4.46531863e-08
-1.84500000e+01 4.48600603e-08
-1.84000000e+01 4.50684060e-08
-1.83500000e+01 4.52782390e-08
-1.83000000e+01 4.54895720e-08
-1.82500000e+01 4.57024253e-08
-1.82000000e+01 4.59168043e-08
-1.81500000e+01 4.61327310e-08
-1.81000000e+01 4.63502163e-08
-1.80500000e+01 4.65692813e-08
-1.80000000e+01 4.67899363e-08
-1.79500000e+01 4.70121983e-08
-1.79000000e+01 4.72360847e-08
-1.78500000e+01 4.74616120e-08
-1.78000000e+01 4.76887957e-08
-1.77500000e+01 4.79176487e-08
-1.77000000e+01 4.81481947e-08
-1.76500000e+01 4.83804463e-08
-1.76000000e+01 4.86144207e-08
-1.75500000e+01 4.88501377e-08
-1.75000000e+01 4.90876143e-08
-1.74500000e+01 4.93268687e-08
-1.74000000e+01 4.95679143e-08
-1.73500000e+01 4.98107773e-08
-1.73000000e+01 5.00554713e-08
-1.72500000e+01 5.03020153e-08
-1.72000000e+01 5.05504303e-08
-1.71500000e+01 5.08007367e-08
-1.71000000e+01 5.10529520e-08
-1.70500000e+01 5.13070933e-08
-1.70000000e+01 5.15631873e-08
-1.69500000e+01 5.18212503e-08
-1.69000000e+01 5.20813027e-08
-1.68500000e+01 5.23433677e-08
-1.68000000e+01 5.26074647e-08
-1.67500000e+01 5.28736203e-08
-1.67000000e+01 5.31418467e-08
-1.66500000e+01 5.34121747e-08
-1.66000000e+01 5.36846227e-08
-1.65500000e+01 5.39592137e-08
-1.65000000e+01 5.42359720e-08
-1.64500000e+01 5.45149197e-08
-1.64000000e+01 5.47960860e-08
-1.63500000e+01 5.50794843e-08
-1.63000000e+01 5.53651490e-08
-1.62500000e+01 5.56530967e-08
-1.62000000e+01 5.59433610e-08
-1.61500000e+01 5.62359610e-08
-1.61000000e+01 5.65309237e-08
-1.60500000e+01 5.68282773e-08
-1.60000000e+01 5.71280483e-08
-1.59500000e+01 5.74302627e-08
-1.59000000e+01 5.77349427e-08
-1.58500000e+01 5.80421257e-08
-1.58000000e+01 5.83518330e-08
-1.57500000e+01 5.86640940e-08
-1.57000000e+01 5.89789393e-08
-1.56500000e+01 5.92963993e-08
-1.56000000e+01 5.96165023e-08
-1.55500000e+01 5.99392733e-08
-1.55000000e+01 6.02647527e-08
-1.54500000e+01 6.05929650e-08
-1.54000000e+01 6.09239417e-08
-1.53500000e+01 6.12577180e-08
-1.53000000e+01 6.15943260e-08
-1.52500000e+01 6.19337983e-08
-1.52000000e+01 6.22761627e-08
-1.51500000e+01 6.26214630e-08
-1.51000000e+01 6.29697273e-08
-1.50500000e+01 6.33209903e-08
-1.50000000e+01 6.36752903e-08
-1.49500000e+01 6.40326610e-08
-1.49000000e+01 6.43931470e-08
-1.48500000e+01 6.47567707e-08
-1.48000000e+01 6.51235830e-08
-1.47500000e+01 6.54936120e-08
-1.47000000e+01 6.58669077e-08
-1.46500000e+01 6.62435010e-08
-1.46000000e+01 6.66234340e-08
-1.45500000e+01 6.70067497e-08
-1.45000000e+01 6.73934900e-08
-1.44500000e+01 6.77836953e-08
-1.44000000e+01 6.81774023e-08
-1.43500000e+01 6.85746667e-08
-1.43000000e+01 6.89755240e-08
-1.42500000e+01 6.93800193e-08
-1.42000000e+01 6.97882013e-08
-1.41500000e+01 7.02001177e-08
-1.41000000e+01 7.06158130e-08
-1.40500000e+01 7.10353290e-08
-1.40000000e+01 7.14587260e-08
-1.39500000e+01 7.18860457e-08
-1.39000000e+01 7.23173380e-08
-1.38500000e+01 7.27526580e-08
-1.38000000e+01 7.31920570e-08
-1.37500000e+01 7.36355873e-08
-1.37000000e+01 7.40832943e-08
-1.36500000e+01 7.45352467e-08
-1.36000000e+01 7.49914907e-08
-1.35500000e+01 7.54520830e-08
-1.35000000e+01 7.59170837e-08
-1.34500000e+01 7.63865483e-08
-1.34000000e+01 7.68605463e-08
-1.33500000e+01 7.73391190e-08
-1.33000000e+01 7.78223447e-08
-1.32500000e+01 7.83102787e-08
-1.32000000e+01 7.88029783e-08
-1.31500000e+01 7.93005223e-08
-1.31000000e+01 7.98029633e-08
-1.30500000e+01 8.03103817e-08
-1.30000000e+01 8.08228287e-08
-1.29500000e+01 8.13403900e-08
-1.29000000e+01 8.18631203e-08
-1.28500000e+01 8.23911067e-08
-1.28000000e+01 8.29244133e-08
-1.27500000e+01 8.34631140e-08
-1.27000000e+01 8.40072850e-08
-1.26500000e+01 8.45570117e-08
-1.26000000e+01 8.51123653e-08
-1.25500000e+01 8.56734187e-08
-1.25000000e+01 8.62402673e-08
-1.24500000e+01 8.68129847e-08
-1.24000000e+01 8.73916550e-08
-1.23500000e+01 8.79763690e-08
-1.23000000e+01 8.85672157e-08
-1.22500000e+01 8.91642840e-08
-1.22000000e+01 8.97676510e-08
-1.21500000e+01 9.03774300e-08
-1.21000000e+01 9.09937027e-08
-1.20500000e+01 9.16165657e-08
-1.20000000e+01 9.22461213e-08
-1.19500000e+01 9.28824710e-08
-1.19000000e+01 9.35257140e-08
-1.18500000e+01 9.41759443e-08
-1.18000000e+01 9.48332847e-08
-1.17500000e+01 9.54978360e-08
-1.17000000e+01 9.61697043e-08
-1.16500000e+01 9.68490070e-08
-1.16000000e+01 9.75358537e-08
-1.15500000e+01 9.82303780e-08
-1.15000000e+01 9.89326737e-08
-1.14500000e+01 9.96428800e-08
-1.14000000e+01 1.00361109e-07
-1.13500000e+01 1.01087503e-07
-1.13000000e+01 1.01822179e-07
-1.12500000e+01 1.02565271e-07
-1.12000000e+01 1.03316917e-07
-1.11500000e+01 1.04077256e-07
-1.11000000e+01 1.04846424e-07
-1.10500000e+01 1.05624555e-07
-1.10000000e+01 1.06411819e-07
-1.09500000e+01 1.07208347e-07
-1.09000000e+01 1.08014290e-07
-1.08500000e+01 1.08829814e-07
-1.08000000e+01 1.09655082e-07
-1.07500000e+01 1.10490252e-07
-1.07000000e+01 1.11335475e-07
-1.06500000e+01 1.12190943e-07
-1.06000000e+01 1.13056816e-07
-1.05500000e+01 1.13933281e-07
-1.05000000e+01 1.14820511e-07
-1.04500000e+01 1.15718701e-07
-1.04000000e+01 1.16628038e-07
-1.03500000e+01 1.17548699e-07
-1.03000000e+01 1.18480911e-07
-1.02500000e+01 1.19424860e-07
-1.02000000e+01 1.20380751e-07
-1.01500000e+01 1.21348809e-07
-1.01000000e+01 1.22329241e-07
-1.00500000e+01 1.23322288e-07
-1.00000000e+01 1.24328144e-07
-9.95000000e+00 1.25347079e-07
-9.90000000e+00 1.26379309e-07
-9.85000000e+00 1.27425084e-07
-9.80000000e+00 1.28484652e-07
-9.75000000e+00 1.29558273e-07
-9.70000000e+00 1.30646230e-07
-9.65000000e+00 1.31748747e-07
-9.60000000e+00 1.32866143e-07
-9.55000000e+00 1.33998670e-07
-9.50000000e+00 1.35146640e-07
-9.45000000e+00 1.36310343e-07
-9.40000000e+00 1.37490077e-07
-9.35000000e+00 1.38686163e-07
-9.30000000e+00 1.39898923e-07
-9.25000000e+00 1.41128690e-07
-9.20000000e+00 1.42375770e-07
-9.15000000e+00 1.43640560e-07
-9.10000000e+00 1.44923370e-07
-9.05000000e+00 1.46224590e-07
-9.00000000e+00 1.47544593e-07
-8.95000000e+00 1.48883753e-07
-8.90000000e+00 1.50242473e-07
-8.85000000e+00 1.51621153e-07
-8.80000000e+00 1.53020217e-07
-8.75000000e+00 1.54440110e-07
-8.70000000e+00 1.55881227e-07
-8.65000000e+00 1.57344063e-07
-8.60000000e+00 1.58829060e-07
-8.55000000e+00 1.60336710e-07
-8.50000000e+00 1.61867500e-07
-8.45000000e+00 1.63421927e-07
-8.40000000e+00 1.65000533e-07
-8.35000000e+00 1.66603847e-07
-8.30000000e+00 1.68232420e-07
-8.25000000e+00 1.69886810e-07
-8.20000000e+00 1.71567620e-07
-8.15000000e+00 1.73275443e-07
-8.10000000e+00 1.75010903e-07
-8.05000000e+00 1.76774643e-07
-8.00000000e+00 1.78567340e-07
-7.95000000e+00 1.80389640e-07
-7.90000000e+00 1.82242260e-07
-7.85000000e+00 1.84125937e-07
-7.80000000e+00 1.86041407e-07
-7.75000000e+00 1.87989440e-07
-7.70000000e+00 1.89970840e-07
-7.65000000e+00 1.91986440e-07
-7.60000000e+00 1.94037060e-07
-7.55000000e+00 1.96123600e-07
-7.50000000e+00 1.98246953e-07
-7.45000000e+00 2.00408077e-07
-7.40000000e+00 2.02607927e-07
-7.35000000e+00 2.04847507e-07
-7.30000000e+00 2.07127850e-07
-7.25000000e+00 2.09450057e-07
-7.20000000e+00 2.11815200e-07
-7.15000000e+00 2.14224443e-07
-7.10000000e+00 2.16679000e-07
-7.05000000e+00 2.19180080e-07
-7.00000000e+00 2.21728973e-07
-6.95000000e+00 2.24327007e-07
-6.90000000e+00 2.26975587e-07
-6.85000000e+00 2.29676087e-07
-6.80000000e+00 2.32430017e-07
-6.75000000e+00 2.35238923e-07
-6.70000000e+00 2.38104410e-07
-6.65000000e+00 2.41028123e-07
-6.60000000e+00 2.44011783e-07
-6.55000000e+00 2.47057223e-07
-6.50000000e+00 2.50166297e-07
-6.45000000e+00 2.53340917e-07
-6.40000000e+00 2.56583137e-07
-6.35000000e+00 2.59895067e-07
-6.30000000e+00 2.63278903e-07
-6.25000000e+00 2.66736917e-07
-6.20000000e+00 2.70271520e-07
-6.15000000e+00 2.73885233e-07
-6.10000000e+00 2.77580583e-07
-6.05000000e+00 2.81360337e-07
-6.00000000e+00 2.85227313e-07
-5.95000000e+00 2.89184527e-07
-5.90000000e+00 2.93235013e-07
-5.85000000e+00 2.97382067e-07
-5.80000000e+00 3.01629093e-07
-5.75000000e+00 3.05979643e-07
-5.70000000e+00 3.10437433e-07
-5.65000000e+00 3.15006390e-07
-5.60000000e+00 3.19690653e-07
-5.55000000e+00 3.24494503e-07
-5.50000000e+00 3.29422487e-07
-5.45000000e+00 3.34479363e-07
-5.40000000e+00 3.39670207e-07
-5.35000000e+00 3.45000200e-07
-5.30000000e+00 3.50474950e-07
-5.25000000e+00 3.56100337e-07
-5.20000000e+00 3.61882503e-07
-5.15000000e+00 3.67827987e-07
-5.10000000e+00 3.73943680e-07
-5.05000000e+00 3.80236887e-07
-5.00000000e+00 3.86715340e-07
-4.95000000e+00 3.93387113e-07
-4.90000000e+00 4.00260923e-07
-4.85000000e+00 4.07345947e-07
-4.80000000e+00 4.14651877e-07
-4.75000000e+00 4.22189083e-07
-4.70000000e+00 4.29968557e-07
-4.65000000e+00 4.38002103e-07
-4.60000000e+00 4.46302023e-07
-4.55000000e+00 4.54881730e-07
-4.50000000e+00 4.63755440e-07
-4.45000000e+00 4.72938260e-07
-4.40000000e+00 4.82446460e-07
-4.35000000e+00 4.92297440e-07
-4.30000000e+00 5.02509927e-07
-4.25000000e+00 5.13103807e-07
-4.20000000e+00 5.24100630e-07
-4.15000000e+00 5.35523587e-07
-4.10000000e+00 5.47397667e-07
-4.05000000e+00 5.59749677e-07
-4.00000000e+00 5.72608760e-07
-3.95000000e+00 5.86006387e-07
-3.90000000e+00 5.99976793e-07
-3.85000000e+00 6.14556713e-07
-3.80000000e+00 6.29786503e-07
-3.75000000e+00 6.45709990e-07
-3.70000000e+00 6.62374750e-07
-3.65000000e+00 6.79832977e-07
-3.60000000e+00 6.98141700e-07
-3.55000000e+00 7.17363547e-07
-3.50000000e+00 7.37566953e-07
-3.45000000e+00 7.58827420e-07
-3.40000000e+00 7.81228237e-07
-3.35000000e+00 8.04861423e-07
-3.30000000e+00 8.29828463e-07
-3.25000000e+00 8.56242287e-07
-3.20000000e+00 8.84228350e-07
-3.15000000e+00 9.13926547e-07
-3.10000000e+00 9.45492417e-07
-3.05000000e+00 9.79100843e-07
-3.00000000e+00 1.01494776e-06
-2.95000000e+00 1.05325309e-06
-2.90000000e+00 1.09426512e-06
-2.85000000e+00 1.13826441e-06
-2.80000000e+00 1.18556883e-06
-2.75000000e+00 1.23653847e-06
-2.70000000e+00 1.29158367e-06
-2.65000000e+00 1.35117212e-06
-2.60000000e+00 1.41583797e-06
-2.55000000e+00 1.48619197e-06
-2.50000000e+00 1.56293426e-06
-2.45000000e+00 1.64686700e-06
-2.40000000e+00 1.73890977e-06
-2.35000000e+00 1.84011343e-06
-2.30000000e+00 1.95167970e-06
-2.25000000e+00 2.07497320e-06
-2.20000000e+00 2.21153190e-06
-2.15000000e+00 2.36307147e-06
-2.10000000e+00 2.53147003e-06
-2.05000000e+00 2.71872970e-06
-2.00000000e+00 2.92689073e-06
-1.95000000e+00 3.15788537e-06
-1.90000000e+00 3.41328957e-06
-1.85000000e+00 3.69395140e-06
-1.80000000e+00 3.99946227e-06
-1.75000000e+00 4.32747367e-06
-1.70000000e+00 4.67292987e-06
-1.65000000e+00 5.02739953e-06
-1.60000000e+00 5.37882713e-06
-1.55000000e+00 5.71213383e-06
-1.50000000e+00 6.01097857e-06
-1.45000000e+00 6.26059213e-06
-1.40000000e+00 6.45095377e-06
-1.35000000e+00 6.57910327e-06
-1.30000000e+00 6.64960780e-06
-1.25000000e+00 6.67300990e-06
-1.20000000e+00 6.66301353e-06
-1.15000000e+00 6.63348920e-06
-1.10000000e+00 6.59613213e-06
-1.05000000e+00 6.55911420e-06
-1.00000000e+00 6.52671887e-06
-9.50000000e-01 6.49980130e-06
-9.00000000e-01 6.47676377e-06
-8.50000000e-01 6.45473167e-06
-8.00000000e-01 6.43065553e-06
-7.50000000e-01 6.40219050e-06
-7.00000000e-01 6.36824443e-06
-6.50000000e-01 6.32921617e-06
-6.00000000e-01 6.28690900e-06
-5.50000000e-01 6.24419650e-06
-5.00000000e-01 6.20451207e-06
-4.50000000e-01 6.17131697e-06
-4.00000000e-01 6.14771200e-06
-3.50000000e-01 6.13628660e-06
-3.00000000e-01 6.13919680e-06
-2.50000000e-01 6.15834433e-06
-2.00000000e-01 6.19550690e-06
-1.50000000e-01 6.25234227e-06
-1.00000000e-01 6.33035953e-06
-5.00000000e-02 6.43098037e-06
0.00000000e+00 6.55578150e-06
5.00000000e-02 6.70678983e-06
1.00000000e-01 6.88667193e-06
1.50000000e-01 7.09861643e-06
2.00000000e-01 7.34585760e-06
2.50000000e-01 7.63080983e-06
3.00000000e-01 7.95390300e-06
3.50000000e-01 8.31218260e-06
4.00000000e-01 8.69789650e-06
4.50000000e-01 9.09744787e-06
5.00000000e-01 9.49130510e-06
5.50000000e-01 9.85551427e-06
6.00000000e-01 1.01651535e-05
6.50000000e-01 1.03993276e-05
7.00000000e-01 1.05461534e-05
7.50000000e-01 1.06056858e-05
8.00000000e-01 1.05892738e-05
8.50000000e-01 1.05156116e-05
9.00000000e-01 1.04053094e-05
9.50000000e-01 1.02762675e-05
1.00000000e+00 1.01412852e-05
1.05000000e+00 1.00080214e-05
1.10000000e+00 9.88046720e-06
1.15000000e+00 9.76072063e-06
1.20000000e+00 9.65018800e-06
1.25000000e+00 9.55005523e-06
1.30000000e+00 9.46133487e-06
1.35000000e+00 9.38495437e-06
1.40000000e+00 9.32202933e-06
1.45000000e+00 9.27416180e-06
1.50000000e+00 9.24348820e-06
1.55000000e+00 9.23241857e-06
1.60000000e+00 9.24322090e-06
1.65000000e+00 9.27766413e-06
1.70000000e+00 9.33676750e-06
1.75000000e+00 9.42062823e-06
1.80000000e+00 9.52825200e-06
1.85000000e+00 9.65743780e-06
1.90000000e+00 9.80472777e-06
1.95000000e+00 9.96546343e-06
2.00000000e+00 1.01339585e-05
2.05000000e+00 1.03038379e-05
2.10000000e+00 1.04687290e-05
2.15000000e+00 1.06233617e-05
2.20000000e+00 1.07649480e-05
2.25000000e+00 1.08943443e-05
2.30000000e+00 1.10164800e-05
2.35000000e+00 1.11396963e-05
2.40000000e+00 1.12741007e-05
2.45000000e+00 1.14294373e-05
2.50000000e+00 1.16130700e-05
2.55000000e+00 1.18285410e-05
2.60000000e+00 1.20748747e-05
2.65000000e+00 1.23466757e-05
2.70000000e+00 1.26349630e-05
2.75000000e+00 1.29286983e-05
2.80000000e+00 1.32167907e-05
2.85000000e+00 1.34902043e-05
2.90000000e+00 1.37435890e-05
2.95000000e+00 1.39759377e-05
3.00000000e+00 1.41901160e-05
3.05000000e+00 1.43915377e-05
3.10000000e+00 1.45866340e-05
3.15000000e+00 1.47817633e-05
3.20000000e+00 1.49829033e-05
3.25000000e+00 1.51959280e-05
3.30000000e+00 1.54268590e-05
3.35000000e+00 1.56814737e-05
3.40000000e+00 1.59640690e-05
3.45000000e+00 1.62758297e-05
3.50000000e+00 1.66135103e-05
3.55000000e+00 1.69691373e-05
3.60000000e+00 1.73308997e-05
3.65000000e+00 1.76849597e-05
3.70000000e+00 1.80175637e-05
3.75000000e+00 1.83169100e-05
3.80000000e+00 1.85745027e-05
3.85000000e+00 1.87859430e-05
3.90000000e+00 1.89511303e-05
3.95000000e+00 1.90738083e-05
4.00000000e+00 1.91605230e-05
4.05000000e+00 1.92191860e-05
4.10000000e+00 1.92575173e-05
4.15000000e+00 1.92815480e-05
4.20000000e+00 1.92943440e-05
4.25000000e+00 1.92952123e-05
4.30000000e+00 1.92796937e-05
4.35000000e+00 1.92405480e-05
4.40000000e+00 1.91695380e-05
4.45000000e+00 1.90595050e-05
4.50000000e+00 1.89060807e-05
4.55000000e+00 1.87086610e-05
4.60000000e+00 1.84705463e-05
4.65000000e+00 1.81984230e-05
4.70000000e+00 1.79013737e-05
4.75000000e+00 1.75896173e-05
4.80000000e+00 1.72732247e-05
4.85000000e+00 1.69610693e-05
4.90000000e+00 1.66602003e-05
4.95000000e+00 1.63755177e-05
5.00000000e+00 1.61096037e-05
5.05000000e+00 1.58625817e-05
5.10000000e+00 1.56321323e-05
5.15000000e+00 1.54138543e-05
5.20000000e+00 1.52021103e-05
5.25000000e+00 1.49912180e-05
5.30000000e+00 1.47766370e-05
5.35000000e+00 1.45557683e-05
5.40000000e+00 1.43281270e-05
5.45000000e+00 1.40949250e-05
5.50000000e+00 1.38582787e-05
5.55000000e+00 1.36203533e-05
5.60000000e+00 1.33827423e-05
5.65000000e+00 1.31462510e-05
5.70000000e+00 1.29110403e-05
5.75000000e+00 1.26769403e-05
5.80000000e+00 1.24437070e-05
5.85000000e+00 1.22111390e-05
5.90000000e+00 1.19791173e-05
5.95000000e+00 1.17477043e-05
6.00000000e+00 1.15173220e-05
6.05000000e+00 1.12889317e-05
6.10000000e+00 1.10640747e-05
6.15000000e+00 1.08447157e-05
6.20000000e+00 1.06329326e-05
6.25000000e+00 1.04305785e-05
6.30000000e+00 1.02389890e-05
6.35000000e+00 1.00587684e-05
6.40000000e+00 9.88964343e-06
6.45000000e+00 9.73041273e-06
6.50000000e+00 9.57905240e-06
6.55000000e+00 9.43300857e-06
6.60000000e+00 9.28962973e-06
6.65000000e+00 9.14660810e-06
6.70000000e+00 9.00230607e-06
6.75000000e+00 8.85589827e-06
6.80000000e+00 8.70736827e-06
6.85000000e+00 8.55741067e-06
6.90000000e+00 8.40728313e-06
6.95000000e+00 8.25859017e-06
7.00000000e+00 8.11298907e-06
7.05000000e+00 7.97184267e-06
7.10000000e+00 7.83590500e-06
7.15000000e+00 7.70514517e-06
7.20000000e+00 7.57877237e-06
7.25000000e+00 7.45546583e-06
7.30000000e+00 7.33372703e-06
7.35000000e+00 7.21225937e-06
7.40000000e+00 7.09024717e-06
7.45000000e+00 6.96747617e-06
7.50000000e+00 6.84426040e-06
7.55000000e+00 6.72124180e-06
7.60000000e+00 6.59914830e-06
7.65000000e+00 6.47863223e-06
7.70000000e+00 6.36024357e-06
7.75000000e+00 6.24451807e-06
7.80000000e+00 6.13208700e-06
7.85000000e+00 6.02369647e-06
7.90000000e+00 5.92008827e-06
7.95000000e+00 5.82177403e-06
8.00000000e+00 5.72882147e-06
8.05000000e+00 5.64075203e-06
8.10000000e+00 5.55661720e-06
8.15000000e+00 5.47521060e-06
8.20000000e+00 5.39533047e-06
8.25000000e+00 5.31598567e-06
8.30000000e+00 5.23649073e-06
8.35000000e+00 5.15645810e-06
8.40000000e+00 5.07574103e-06
8.45000000e+00 4.99439720e-06
8.50000000e+00 4.91269737e-06
8.55000000e+00 4.83115790e-06
8.60000000e+00 4.75055690e-06
8.65000000e+00 4.67188447e-06
8.70000000e+00 4.59622320e-06
8.75000000e+00 4.52458597e-06
8.80000000e+00 4.45777140e-06
8.85000000e+00 4.39627563e-06
8.90000000e+00 4.34027483e-06
8.95000000e+00 4.28965510e-06
9.00000000e+00 4.24407217e-06
9.05000000e+00 4.20301287e-06
9.10000000e+00 4.16584783e-06
9.15000000e+00 4.13187763e-06
9.20000000e+00 4.10037510e-06
9.25000000e+00 4.07063347e-06
9.30000000e+00 4.04202320e-06
9.35000000e+00 4.01406880e-06
9.40000000e+00 3.98651997e-06
9.45000000e+00 3.95938873e-06
9.50000000e+00 3.93290513e-06
9.55000000e+00 3.90738190e-06
9.60000000e+00 3.88300880e-06
9.65000000e+00 3.85964597e-06
9.70000000e+00 3.83670197e-06
9.75000000e+00 3.81316303e-06
9.80000000e+00 3.78778077e-06
9.85000000e+00 3.75935520e-06
9.90000000e+00 3.72701223e-06
9.95000000e+00 3.69036520e-06
1.00000000e+01 3.64951653e-06
1.00500000e+01 3.60491607e-06
1.01000000e+01 3.55717930e-06
1.01500000e+01 3.50694953e-06
1.02000000e+01 3.45486713e-06
1.02500000e+01 3.40162210e-06
1.03000000e+01 3.34803217e-06
1.03500000e+01 3.29506830e-06
1.04000000e+01 3.24378333e-06
1.04500000e+01 3.19515903e-06
1.05000000e+01 3.14992387e-06
1.05500000e+01 3.10840870e-06
1.06000000e+01 3.07048743e-06
1.06500000e+01 3.03562303e-06
1.07000000e+01 3.00300113e-06
1.07500000e+01 2.97171303e-06
1.08000000e+01 2.94093577e-06
1.08500000e+01 2.91007547e-06
1.09000000e+01 2.87884793e-06
1.09500000e+01 2.84729767e-06
1.10000000e+01 2.81576413e-06
1.10500000e+01 2.78481350e-06
1.11000000e+01 2.75514470e-06
1.11500000e+01 2.72747667e-06
1.12000000e+01 2.70243200e-06
1.12500000e+01 2.68043443e-06
1.13000000e+01 2.66164593e-06
1.13500000e+01 2.64595813e-06
1.14000000e+01 2.63304337e-06
1.14500000e+01 2.62243827e-06
1.15000000e+01 2.61362933e-06
1.15500000e+01 2.60610823e-06
1.16000000e+01 2.59939033e-06
1.16500000e+01 2.59301240e-06
1.17000000e+01 2.58653040e-06
1.17500000e+01 2.57953943e-06
1.18000000e+01 2.57171027e-06
1.18500000e+01 2.56282553e-06
1.19000000e+01 2.55279760e-06
1.19500000e+01 2.54166250e-06
1.20000000e+01 2.52954973e-06
1.20500000e+01 2.51663903e-06
1.21000000e+01 2.50311130e-06
1.21500000e+01 2.48910347e-06
1.22000000e+01 2.47467470e-06
1.22500000e+01 2.45980183e-06
1.23000000e+01 2.44441347e-06
1.23500000e+01 2.42845417e-06
1.24000000e+01 2.41195403e-06
1.24500000e+01 2.39506813e-06
1.25000000e+01 2.37806760e-06
1.25500000e+01 2.36128157e-06
1.26000000e+01 2.34501740e-06
1.26500000e+01 2.32949207e-06
1.27000000e+01 2.31479943e-06
1.27500000e+01 2.30092237e-06
1.28000000e+01 2.28778587e-06
1.28500000e+01 2.27533450e-06
1.29000000e+01 2.26360697e-06
1.29500000e+01 2.25278167e-06
1.30000000e+01 2.24317710e-06
1.30500000e+01 2.23520557e-06
1.31000000e+01 2.22928770e-06
1.31500000e+01 2.22575593e-06
1.32000000e+01 2.22476797e-06
1.32500000e+01 2.22625613e-06
1.33000000e+01 2.22991780e-06
1.33500000e+01 2.23525177e-06
1.34000000e+01 2.24162540e-06
1.34500000e+01 2.24835167e-06
1.35000000e+01 2.25475830e-06
1.35500000e+01 2.26024347e-06
1.36000000e+01 2.26432640e-06
1.36500000e+01 2.26669873e-06
1.37000000e+01 2.26727783e-06
1.37500000e+01 2.26624657e-06
1.38000000e+01 2.26404727e-06
1.38500000e+01 2.26130610e-06
1.39000000e+01 2.25869563e-06
1.39500000e+01 2.25676750e-06
1.40000000e+01 2.25580710e-06
1.40500000e+01 2.25575030e-06
1.41000000e+01 2.25618940e-06
1.41500000e+01 2.25646080e-06
1.42000000e+01 2.25579310e-06
1.42500000e+01 2.25347537e-06
1.43000000e+01 2.24900513e-06
1.43500000e+01 2.24218273e-06
1.44000000e+01 2.23313020e-06
1.44500000e+01 2.22224263e-06
1.45000000e+01 2.21008930e-06
1.45500000e+01 2.19729210e-06
1.46000000e+01 2.18440267e-06
1.46500000e+01 2.17180990e-06
1.47000000e+01 2.15970007e-06
1.47500000e+01 2.14808200e-06
1.48000000e+01 2.13685900e-06
1.48500000e+01 2.12591090e-06
1.49000000e+01 2.11514880e-06
1.49500000e+01 2.10452700e-06
1.50000000e+01 2.09401860e-06
1.50500000e+01 2.08358030e-06
1.51000000e+01 2.07312430e-06
1.51500000e+01 2.06251187e-06
1.52000000e+01 2.05157183e-06
1.52500000e+01 2.04014060e-06
1.53000000e+01 2.02810710e-06
1.53500000e+01 2.01544363e-06
1.54000000e+01 2.00220913e-06
1.54500000e+01 1.98851503e-06
1.55000000e+01 1.97446400e-06
1.55500000e+01 1.96007723e-06
1.56000000e+01 1.94523820e-06
1.56500000e+01 1.92967813e-06
1.57000000e+01 1.91301397e-06
1.57500000e+01 1.89483883e-06
1.58000000e+01 1.87483810e-06
1.58500000e+01 1.85289233e-06
1.59000000e+01 1.82912297e-06
1.59500000e+01 1.80385977e-06
1.60000000e+01 1.77754363e-06
1.60500000e+01 1.75060687e-06
1.61000000e+01 1.72337483e-06
1.61500000e+01 1.69602597e-06
1.62000000e+01 1.66860977e-06
1.62500000e+01 1.64110447e-06
1.63000000e+01 1.61347087e-06
1.63500000e+01 1.58567720e-06
1.64000000e+01 1.55768113e-06
1.64500000e+01 1.52938703e-06
1.65000000e+01 1.50061777e-06
1.65500000e+01 1.47112227e-06
1.66000000e+01 1.44062850e-06
1.66500000e+01 1.40891460e-06
1.67000000e+01 1.37586193e-06
1.67500000e+01 1.34146577e-06
1.68000000e+01 1.30580243e-06
1.68500000e+01 1.26897607e-06
1.69000000e+01 1.23107903e-06
1.69500000e+01 1.19217983e-06
1.70000000e+01 1.15233990e-06
1.70500000e+01 1.11163923e-06
1.71000000e+01 1.07020377e-06
1.71500000e+01 1.02821863e-06
1.72000000e+01 9.85923057e-07
1.72500000e+01 9.43591243e-07
1.73000000e+01 9.01502343e-07
1.73500000e+01 8.59914263e-07
1.74000000e+01 8.19048927e-07
1.74500000e+01 7.79091823e-07
1.75000000e+01 7.40204477e-07
1.75500000e+01 7.02538927e-07
1.76000000e+01 6.66249553e-07
1.76500000e+01 6.31497787e-07
1.77000000e+01 5.98445567e-07
1.77500000e+01 5.67240063e-07
1.78000000e+01 5.37992433e-07
1.78500000e+01 5.10763123e-07
1.79000000e+01 4.85555457e-07
1.79500000e+01 4.62319083e-07
1.80000000e+01 4.40961113e-07
1.80500000e+01 4.21359827e-07
1.81000000e+01 4.03378123e-07
1.81500000e+01 3.86873817e-07
1.82000000e+01 3.71707193e-07
1.82500000e+01 3.57746183e-07
1.83000000e+01 3.44868787e-07
1.83500000e+01 3.32964067e-07
1.84000000e+01 3.21932510e-07
1.84500000e+01 3.11685340e-07
1.85000000e+01 3.02143950e-07
1.85500000e+01 2.93238597e-07
1.86000000e+01 2.84907677e-07
1.86500000e+01 2.77096857e-07
1.87000000e+01 2.69757867e-07
1.87500000e+01 2.62848150e-07
1.88000000e+01 2.56329737e-07
1.88500000e+01 2.50169093e-07
1.89000000e+01 2.44336220e-07
1.89500000e+01 2.38804330e-07
1.90000000e+01 2.33549487e-07
1.90500000e+01 2.28550180e-07
1.91000000e+01 2.23787117e-07
1.91500000e+01 2.19242817e-07
1.92000000e+01 2.14901560e-07
1.92500000e+01 2.10749137e-07
1.93000000e+01 2.06772560e-07
1.93500000e+01 2.02960087e-07
1.94000000e+01 1.99301000e-07
1.94500000e+01 1.95785530e-07
1.95000000e+01 1.92404670e-07
1.95500000e+01 1.89150227e-07
1.96000000e+01 1.86014693e-07
1.96500000e+01 1.82991090e-07
1.97000000e+01 1.80073033e-07
1.97500000e+01 1.77254620e-07
1.98000000e+01 1.74530420e-07
1.98500000e+01 1.71895333e-07
1.99000000e+01 1.69344697e-07
1.99500000e+01 1.66874150e-07
2.00000000e+01 1.64479650e-07
2.00500000e+01 1.62157423e-07
2.01000000e+01 1.59903920e-07
2.01500000e+01 1.57715920e-07
2.02000000e+01 1.55590297e-07
2.02500000e+01 1.53524213e-07
2.03000000e+01 1.51514937e-07
2.03500000e+01 1.49559980e-07
2.04000000e+01 1.47656957e-07
2.04500000e+01 1.45803617e-07
2.05000000e+01 1.43997887e-07
2.05500000e+01 1.42237777e-07
2.06000000e+01 1.40521433e-07
2.06500000e+01 1.38847077e-07
2.07000000e+01 1.37213053e-07
2.07500000e+01 1.35617803e-07
2.08000000e+01 1.34059827e-07
2.08500000e+01 1.32537713e-07
2.09000000e+01 1.31050130e-07
2.09500000e+01 1.29595827e-07
2.10000000e+01 1.28173580e-07
2.10500000e+01 1.26782247e-07
2.11000000e+01 1.25420763e-07
2.11500000e+01 1.24088077e-07
2.12000000e+01 1.22783207e-07
2.12500000e+01 1.21505220e-07
2.13000000e+01 1.20253237e-07
2.13500000e+01 1.19026380e-07
2.14000000e+01 1.17823853e-07
2.14500000e+01 1.16644873e-07
2.15000000e+01 1.15488703e-07
2.15500000e+01 1.14354630e-07
2.16000000e+01 1.13241963e-07
2.16500000e+01 1.12150083e-07
2.17000000e+01 1.11078337e-07
2.17500000e+01 1.10026150e-07
2.18000000e+01 1.08992938e-07
2.18500000e+01 1.07978160e-07
2.19000000e+01 1.06981290e-07
2.19500000e+01 1.06001806e-07
2.20000000e+01 1.05039249e-07
2.20500000e+01 1.04093133e-07
2.21000000e+01 1.03163023e-07
2.21500000e+01 1.02248473e-07
2.22000000e+01 1.01349076e-07
2.22500000e+01 1.00464438e-07
2.23000000e+01 9.95941610e-08
2.23500000e+01 9.87378820e-08
2.24000000e+01 9.78952417e-08
2.24500000e+01 9.70659027e-08
2.25000000e+01 9.62495183e-08
2.25500000e+01 9.54457783e-08
2.26000000e+01 9.46543747e-08
2.26500000e+01 9.38749997e-08
2.27000000e+01 9.31073640e-08
2.27500000e+01 9.23511943e-08
2.28000000e+01 9.16062243e-08
2.28500000e+01 9.08721807e-08
2.29000000e+01 9.01488217e-08
2.29500000e+01 8.94359007e-08
2.30000000e+01 8.87331737e-08
2.30500000e+01 8.80404163e-08
2.31000000e+01 8.73574103e-08
2.31500000e+01 8.66839410e-08
2.32000000e+01 8.60197933e-08
2.32500000e+01 8.53647677e-08
2.33000000e+01 8.47186740e-08
2.33500000e+01 8.40813153e-08
2.34000000e+01 8.34525123e-08
2.34500000e+01 8.28320750e-08
2.35000000e+01 8.22198470e-08
2.35500000e+01 8.16156473e-08
2.36000000e+01 8.10193207e-08
2.36500000e+01 8.04306973e-08
2.37000000e+01 7.98496313e-08
2.37500000e+01 7.92759717e-08
2.38000000e+01 7.87095680e-08
2.38500000e+01 7.81502773e-08
2.39000000e+01 7.75979667e-08
2.39500000e+01 7.70525047e-08
2.40000000e+01 7.65137497e-08
2.40500000e+01 7.59815820e-08
2.41000000e+01 7.54558790e-08
2.41500000e+01 7.49365137e-08
2.42000000e+01 7.44233693e-08
2.42500000e+01 7.39163353e-08
2.43000000e+01 7.34153027e-08
2.43500000e+01 7.29201537e-08
2.44000000e+01 7.24307887e-08
2.44500000e+01 7.19471057e-08
2.45000000e+01 7.14689983e-08
2.45500000e+01 7.09963693e-08
2.46000000e+01 7.05291250e-08
2.46500000e+01 7.00671760e-08
2.47000000e+01 6.96104223e-08
2.47500000e+01 6.91587790e-08
2.48000000e+01 6.87121627e-08
2.48500000e+01 6.82704823e-08
2.49000000e+01 6.78336600e-08
2.49500000e+01 6.74016047e-08
2.50000000e+01 6.69742530e-08
2.50500000e+01 6.65515160e-08
2.51000000e+01 6.61333220e-08
2.51500000e+01 6.57195993e-08
2.52000000e+01 6.53102717e-08
2.52500000e+01 6.49052723e-08
2.53000000e+01 6.45045243e-08
2.53500000e+01 6.41079720e-08
2.54000000e+01 6.37155410e-08
2.54500000e+01 6.33271730e-08
2.55000000e+01 6.29427973e-08
2.55500000e+01 6.25623570e-08
2.56000000e+01 6.21857933e-08
2.56500000e+01 6.18130423e-08
2.57000000e+01 6.14440463e-08
2.57500000e+01 6.10787523e-08
2.58000000e+01 6.07171057e-08
2.58500000e+01 6.03590460e-08
2.59000000e+01 6.00045247e-08
2.59500000e+01 5.96534900e-08
2.60000000e+01 5.93058877e-08
2.60500000e+01 5.89616680e-08
2.61000000e+01 5.86207827e-08
2.61500000e+01 5.82831883e-08
2.62000000e+01 5.79488303e-08
2.62500000e+01 5.76176650e-08
2.63000000e+01 5.72896510e-08
2.63500000e+01 5.69647387e-08
2.64000000e+01 5.66428877e-08
2.64500000e+01 5.63240490e-08
2.65000000e+01 5.60081920e-08
2.65500000e+01 5.56952657e-08
2.66000000e+01 5.53852340e-08
2.66500000e+01 5.50780597e-08
2.67000000e+01 5.47736987e-08
2.67500000e+01 5.44721173e-08
2.68000000e+01 5.41732707e-08
2.68500000e+01 5.38771333e-08
2.69000000e+01 5.35836607e-08
2.69500000e+01 5.32928233e-08
2.70000000e+01 5.30045800e-08
2.70500000e+01 5.27189010e-08
2.71000000e+01 5.24357537e-08
2.71500000e+01 5.21551013e-08
2.72000000e+01 5.18769127e-08
2.72500000e+01 5.16011573e-08
2.73000000e+01 5.13278067e-08
2.73500000e+01 5.10568240e-08
2.74000000e+01 5.07881830e-08
2.74500000e+01 5.05218553e-08
2.75000000e+01 5.02578080e-08
2.75500000e+01 4.99960143e-08
2.76000000e+01 4.97364453e-08
2.76500000e+01 4.94790777e-08
2.77000000e+01 4.92238783e-08
2.77500000e+01 4.89708240e-08
2.78000000e+01 4.87198887e-08
2.78500000e+01 4.84710450e-08
2.79000000e+01 4.82242663e-08
2.79500000e+01 4.79795303e-08
2.80000000e+01 4.77368137e-08
2.80500000e+01 4.74960880e-08
2.81000000e+01 4.72573323e-08
2.81500000e+01 4.70205237e-08
2.82000000e+01 4.67856370e-08
2.82500000e+01 4.65526520e-08
2.83000000e+01 4.63215407e-08
2.83500000e+01 4.60922907e-08
2.84000000e+01 4.58648723e-08
2.84500000e+01 4.56392683e-08
2.85000000e+01 4.54154580e-08
2.85500000e+01 4.51934180e-08
2.86000000e+01 4.49731310e-08
2.86500000e+01 4.47545723e-08
2.87000000e+01 4.45377293e-08
2.87500000e+01 4.43225770e-08
2.88000000e+01 4.41091010e-08
2.88500000e+01 4.38972773e-08
2.89000000e+01 4.36870907e-08
2.89500000e+01 4.34785233e-08
2.90000000e+01 4.32715553e-08
2.90500000e+01 4.30661693e-08
2.91000000e+01 4.28623487e-08
2.91500000e+01 4.26600783e-08
2.92000000e+01 4.24593370e-08
2.92500000e+01 4.22601110e-08
2.93000000e+01 4.20623847e-08
2.93500000e+01 4.18661390e-08
2.94000000e+01 4.16713590e-08
2.94500000e+01 4.14780290e-08
2.95000000e+01 4.12861367e-08
2.95500000e+01 4.10956620e-08
2.96000000e+01 4.09065920e-08
2.96500000e+01 4.07189137e-08
2.97000000e+01 4.05326097e-08
2.97500000e+01 4.03476673e-08
2.98000000e+01 4.01640680e-08
2.98500000e+01 3.99818060e-08
2.99000000e+01 3.98008607e-08
2.99500000e+01 3.96212203e-08
3.00000000e+01 3.94428740e-08
3.00500000e+01 3.92658043e-08
3.01000000e+01 3.90900020e-08
3.01500000e+01 3.89154490e-08
3.02000000e+01 3.87421397e-08
3.02500000e+01 3.85700560e-08
3.03000000e+01 3.83991887e-08
3.03500000e+01 3.82295230e-08
3.04000000e+01 3.80610483e-08
3.04500000e+01 3.78937537e-08
3.05000000e+01 3.77276257e-08
3.05500000e+01 3.75626520e-08
3.06000000e+01 3.73988237e-08
3.06500000e+01 3.72361297e-08
3.07000000e+01 3.70745557e-08
3.07500000e+01 3.69140930e-08
3.08000000e+01 3.67547317e-08
3.08500000e+01 3.65964593e-08
3.09000000e+01 3.64392650e-08
3.09500000e+01 3.62831387e-08
3.10000000e+01 3.61280730e-08
3.10500000e+01 3.59740530e-08
3.11000000e+01 3.58210720e-08
3.11500000e+01 3.56691200e-08
3.12000000e+01 3.55181857e-08
3.12500000e+01 3.53682593e-08
3.13000000e+01 3.52193320e-08
3.13500000e+01 3.50713967e-08
3.14000000e+01 3.49244400e-08
3.14500000e+01 3.47784553e-08
3.15000000e+01 3.46334337e-08
3.15500000e+01 3.44893643e-08
3.16000000e+01 3.43462407e-08
3.16500000e+01 3.42040503e-08
3.17000000e+01 3.40627903e-08
3.17500000e+01 3.39224467e-08
3.18000000e+01 3.37830123e-08
3.18500000e+01 3.36444860e-08
3.19000000e+01 3.35068473e-08
3.19500000e+01 3.33700973e-08
3.20000000e+01 3.32342220e-08
3.20500000e+01 3.30992177e-08
3.21000000e+01 3.29650797e-08
3.21500000e+01 3.28317907e-08
3.22000000e+01 3.26993487e-08
3.22500000e+01 3.25677447e-08
3.23000000e+01 3.24369770e-08
3.23500000e+01 3.23070313e-08
3.24000000e+01 3.21779000e-08
3.24500000e+01 3.20495797e-08
3.25000000e+01 3.19220607e-08
3.25500000e+01 3.17953403e-08
3.26000000e+01 3.16694097e-08
3.26500000e+01 3.15442567e-08
3.27000000e+01 3.14198783e-08
3.27500000e+01 3.12962680e-08
3.28000000e+01 3.11734250e-08
3.28500000e+01 3.10513330e-08
3.29000000e+01 3.09299880e-08
3.29500000e+01 3.08093853e-08
3.30000000e+01 3.06895210e-08
3.30500000e+01 3.05703873e-08
3.31000000e+01 3.04519727e-08
3.31500000e+01 3.03342750e-08
3.32000000e+01 3.02172883e-08
3.32500000e+01 3.01010123e-08
3.33000000e+01 2.99854320e-08
3.33500000e+01 2.98705433e-08
3.34000000e+01 2.97563413e-08
3.34500000e+01 2.96428240e-08
3.35000000e+01 2.95299823e-08
3.35500000e+01 2.94178113e-08
3.36000000e+01 2.93063027e-08
3.36500000e+01 2.91954537e-08
3.37000000e+01 2.90852610e-08
3.37500000e+01 2.89757183e-08
3.38000000e+01 2.88668150e-08
3.38500000e+01 2.87585497e-08
3.39000000e+01 2.86509170e-08
3.39500000e+01 2.85439167e-08
3.40000000e+01 2.84375360e-08
3.40500000e+01 2.83317707e-08
3.41000000e+01 2.82266187e-08
3.41500000e+01 2.81220767e-08
3.42000000e+01 2.80181383e-08
3.42500000e+01 2.79147943e-08
3.43000000e+01 2.78120430e-08
3.43500000e+01 2.77098803e-08
3.44000000e+01 2.76083057e-08
3.44500000e+01 2.75073073e-08
3.45000000e+01 2.74068820e-08
3.45500000e+01 2.73070267e-08
3.46000000e+01 2.72077390e-08
3.46500000e+01 2.71090117e-08
3.47000000e+01 2.70108410e-08
3.47500000e+01 2.69132210e-08
3.48000000e+01 2.68161487e-08
3.48500000e+01 2.67196223e-08
3.49000000e+01 2.66236370e-08
3.49500000e+01 2.65281830e-08
3.50000000e+01 2.64332603e-08
3.50500000e+01 2.63388647e-08
3.51000000e+01 2.62449963e-08
3.51500000e+01 2.61516443e-08
3.52000000e+01 2.60588057e-08
3.52500000e+01 2.59664783e-08
3.53000000e+01 2.58746603e-08
3.53500000e+01 2.57833450e-08
3.54000000e+01 2.56925290e-08
3.54500000e+01 2.56022073e-08
3.55000000e+01 2.55123777e-08
3.55500000e+01 2.54230380e-08
3.56000000e+01 2.53341847e-08
3.56500000e+01 2.52458090e-08
3.57000000e+01 2.51579103e-08
3.57500000e+01 2.50704857e-08
3.58000000e+01 2.49835353e-08
3.58500000e+01 2.48970490e-08
3.59000000e+01 2.48110247e-08
3.59500000e+01 2.47254603e-08
3.60000000e+01 2.46403547e-08
3.60500000e+01 2.45557030e-08
3.61000000e+01 2.44714983e-08
3.61500000e+01 2.43877400e-08
3.62000000e+01 2.43044247e-08
3.62500000e+01 2.42215533e-08
3.63000000e+01 2.41391167e-08
3.63500000e+01 2.40571120e-08
3.64000000e+01 2.39755380e-08
3.64500000e+01 2.38943930e-08
3.65000000e+01 2.38136720e-08
3.65500000e+01 2.37333720e-08
3.66000000e+01 2.36534893e-08
3.66500000e+01 2.35740213e-08
3.67000000e+01 2.34949677e-08
3.67500000e+01 2.34163240e-08
3.68000000e+01 2.33380840e-08
3.68500000e+01 2.32602477e-08
3.69000000e+01 2.31828117e-08
3.69500000e+01 2.31057767e-08
3.70000000e+01 2.30291350e-08
3.70500000e+01 2.29528843e-08
3.71000000e+01 2.28770227e-08
3.71500000e+01 2.28015493e-08
3.72000000e+01 2.27264600e-08
3.72500000e+01 2.26517517e-08
3.73000000e+01 2.25774207e-08
3.73500000e+01 2.25034653e-08
3.74000000e+01 2.24298853e-08
3.74500000e+01 2.23566773e-08
3.75000000e+01 2.22838347e-08
3.75500000e+01 2.22113573e-08
3.76000000e+01 2.21392437e-08
3.76500000e+01 2.20674930e-08
3.77000000e+01 2.19960993e-08
3.77500000e+01 2.19250597e-08
3.78000000e+01 2.18543733e-08
3.78500000e+01 2.17840397e-08
3.79000000e+01 2.17140553e-08
3.79500000e+01 2.16444147e-08
3.80000000e+01 2.15751177e-08
3.80500000e+01 2.15061620e-08
3.81000000e+01 2.14375483e-08
3.81500000e+01 2.13692700e-08
3.82000000e+01 2.13013250e-08
3.82500000e+01 2.12337120e-08
3.83000000e+01 2.11664310e-08
3.83500000e+01 2.10994773e-08
3.84000000e+01 2.10328493e-08
3.84500000e+01 2.09665433e-08
3.85000000e+01 2.09005587e-08
3.85500000e+01 2.08348953e-08
3.86000000e+01 2.07695493e-08
3.86500000e+01 2.07045167e-08
3.87000000e+01 2.06397967e-08
3.87500000e+01 2.05753873e-08
3.88000000e+01 2.05112893e-08
3.88500000e+01 2.04474967e-08
3.89000000e+01 2.03840080e-08
3.89500000e+01 2.03208217e-08
3.90000000e+01 2.02579380e-08
3.90500000e+01 2.01953540e-08
3.91000000e+01 2.01330637e-08
3.91500000e+01 2.00710693e-08
3.92000000e+01 2.00093677e-08
3.92500000e+01 1.99479590e-08
3.93000000e+01 1.98868400e-08
3.93500000e+01 1.98260063e-08
3.94000000e+01 1.97654580e-08
3.94500000e+01 1.97051933e-08
3.95000000e+01 1.96452137e-08
3.95500000e+01 1.95855120e-08
3.96000000e+01 1.95260883e-08
3.96500000e+01 1.94669407e-08
3.97000000e+01 1.94080693e-08
3.97500000e+01 1.93494717e-08
3.98000000e+01 1.92911433e-08
3.98500000e+01 1.92330843e-08
3.99000000e+01 1.91752933e-08
3.99500000e+01 1.91177713e-08
4.00000000e+01 1.90605117e-08
4.00500000e+01 1.90035150e-08
4.01000000e+01 1.89467790e-08
4.01500000e+01 1.88903037e-08
4.02000000e+01 1.88340860e-08
4.02500000e+01 1.87781247e-08
4.03000000e+01 1.87224173e-08
4.03500000e+01 1.86669627e-08
4.04000000e+01 1.86117617e-08
4.04500000e+01 1.85568110e-08
4.05000000e+01 1.85021067e-08
4.05500000e+01 1.84476497e-08
4.06000000e+01 1.83934383e-08
4.06500000e+01 1.83394727e-08
4.07000000e+01 1.82857480e-08
4.07500000e+01 1.82322637e-08
4.08000000e+01 1.81790187e-08
4.08500000e+01 1.81260130e-08
4.09000000e+01 1.80732443e-08
4.09500000e+01 1.80207093e-08
4.10000000e+01 1.79684077e-08
4.10500000e+01 1.79163387e-08
4.11000000e+01 1.78645023e-08
4.11500000e+01 1.78128943e-08
4.12000000e+01 1.77615133e-08
4.12500000e+01 1.77103593e-08
4.13000000e+01 1.76594317e-08
4.13500000e+01 1.76087280e-08
4.14000000e+01 1.75582467e-08
4.14500000e+01 1.75079857e-08
4.15000000e+01 1.74579450e-08
4.15500000e+01 1.74081240e-08
4.16000000e+01 1.73585213e-08
4.16500000e+01 1.73091323e-08
4.17000000e+01 1.72599587e-08
4.17500000e+01 1.72109987e-08
4.18000000e+01 1.71622523e-08
4.18500000e+01 1.71137167e-08
4.19000000e+01 1.70653890e-08
4.19500000e+01 1.70172703e-08
4.20000000e+01 1.69693603e-08
4.20500000e+01 1.69216560e-08
4.21000000e+01 1.68741563e-08
4.21500000e+01 1.68268600e-08
4.22000000e+01 1.67797657e-08
4.22500000e+01 1.67328740e-08
4.23000000e+01 1.66861830e-08
4.23500000e+01 1.66396893e-08
4.24000000e+01 1.65933940e-08
4.24500000e+01 1.65472943e-08
4.25000000e+01 1.65013930e-08
4.25500000e+01 1.64556843e-08
4.26000000e+01 1.64101690e-08
4.26500000e+01 1.63648453e-08
4.27000000e+01 1.63197140e-08
4.27500000e+01 1.62747730e-08
4.28000000e+01 1.62300193e-08
4.28500000e+01 1.61854537e-08
4.29000000e+01 1.61410747e-08
4.29500000e+01 1.60968833e-08
4.30000000e+01 1.60528757e-08
4.30500000e+01 1.60090507e-08
4.31000000e+01 1.59654080e-08
4.31500000e+01 1.59219480e-08
4.32000000e+01 1.58786683e-08
4.32500000e+01 1.58355677e-08
4.33000000e+01 1.57926457e-08
4.33500000e+01 1.57499007e-08
4.34000000e+01 1.57073330e-08
4.34500000e+01 1.56649410e-08
4.35000000e+01 1.56227227e-08
4.35500000e+01 1.55806777e-08
4.36000000e+01 1.55388050e-08
4.36500000e+01 1.54971060e-08
4.37000000e+01 1.54555760e-08
4.37500000e+01 1.54142157e-08
4.38000000e+01 1.53730233e-08
4.38500000e+01 1.53320003e-08
4.39000000e+01 1.52911447e-08
4.39500000e+01 1.52504533e-08
4.40000000e+01 1.52099267e-08
4.40500000e+01 1.51695647e-08
4.41000000e+01 1.51293670e-08
4.41500000e+01 1.50893317e-08
4.42000000e+01 1.50494567e-08
4.42500000e+01 1.50097423e-08
4.43000000e+01 1.49701873e-08
4.43500000e+01 1.49307930e-08
4.44000000e+01 1.48915553e-08
4.44500000e+01 1.48524743e-08
4.45000000e+01 1.48135497e-08
4.45500000e+01 1.47747813e-08
4.46000000e+01 1.47361677e-08
4.46500000e+01 1.46977067e-08
4.47000000e+01 1.46593983e-08
4.47500000e+01 1.46212423e-08
4.48000000e+01 1.45832390e-08
4.48500000e+01 1.45453853e-08
4.49000000e+01 1.45076803e-08
4.49500000e+01 1.44701243e-08
4.50000000e+01 1.44327170e-08
4.50500000e+01 1.43954570e-08
4.51000000e+01 1.43583433e-08
4.51500000e+01 1.43213743e-08
4.52000000e+01 1.42845507e-08
4.52500000e+01 1.42478720e-08
4.53000000e+01 1.42113367e-08
4.53500000e+01 1.41749433e-08
4.54000000e+01 1.41386913e-08
4.54500000e+01 1.41025800e-08
4.55000000e+01 1.40666113e-08
4.55500000e+01 1.40307813e-08
4.56000000e+01 1.39950890e-08
4.56500000e+01 1.39595350e-08
4.57000000e+01 1.39241193e-08
4.57500000e+01 1.38888413e-08
4.58000000e+01 1.38536973e-08
4.58500000e+01 1.38186890e-08
4.59000000e+01 1.37838153e-08
4.59500000e+01 1.37490760e-08
4.60000000e+01 1.37144703e-08
4.60500000e+01 1.36799963e-08
4.61000000e+01 1.36456540e-08
4.61500000e+01 1.36114420e-08
4.62000000e+01 1.35773623e-08
4.62500000e+01 1.35434123e-08
4.63000000e+01 1.35095897e-08
4.63500000e+01 1.34758963e-08
4.64000000e+01 1.34423313e-08
4.64500000e+01 1.34088933e-08
4.65000000e+01 1.33755813e-08
4.65500000e+01 1.33423947e-08
4.66000000e+01 1.33093333e-08
4.66500000e+01 1.32763980e-08
4.67000000e+01 1.32435857e-08
4.67500000e+01 1.32108957e-08
4.68000000e+01 1.31783290e-08
4.68500000e+01 1.31458847e-08
4.69000000e+01 1.31135617e-08
4.69500000e+01 1.30813593e-08
4.70000000e+01 1.30492770e-08
4.70500000e+01 1.30173137e-08
4.71000000e+01 1.29854707e-08
4.71500000e+01 1.29537460e-08
4.72000000e+01 1.29221383e-08
4.72500000e+01 1.28906473e-08
4.73000000e+01 1.28592730e-08
4.73500000e+01 1.28280160e-08
4.74000000e+01 1.27968743e-08
4.74500000e+01 1.27658463e-08
4.75000000e+01 1.27349327e-08
4.75500000e+01 1.27041337e-08
4.76000000e+01 1.26734480e-08
4.76500000e+01 1.26428737e-08
4.77000000e+01 1.26124117e-08
4.77500000e+01 1.25820610e-08
4.78000000e+01 1.25518223e-08
4.78500000e+01 1.25216937e-08
4.79000000e+01 1.24916743e-08
4.79500000e+01 1.24617640e-08
4.80000000e+01 1.24319633e-08
4.80500000e+01 1.24022703e-08
4.81000000e+01 1.23726853e-08
4.81500000e+01 1.23432067e-08
4.82000000e+01 1.23138353e-08
4.82500000e+01 1.22845703e-08
4.83000000e+01 1.22554110e-08
4.83500000e+01 1.22263557e-08
4.84000000e+01 1.21974053e-08
4.84500000e+01 1.21685593e-08
4.85000000e+01 1.21398173e-08
4.85500000e+01 1.21111780e-08
4.86000000e+01 1.20826410e-08
4.86500000e+01 1.20542057e-08
4.87000000e+01 1.20258727e-08
4.87500000e+01 1.19976407e-08
4.88000000e+01 1.19695093e-08
4.88500000e+01 1.19414773e-08
4.89000000e+01 1.19135447e-08
4.89500000e+01 1.18857127e-08
4.90000000e+01 1.18579790e-08
4.90500000e+01 1.18303427e-08
4.91000000e+01 1.18028043e-08
4.91500000e+01 1.17753630e-08
4.92000000e+01 1.17480197e-08
4.92500000e+01 1.17207722e-08
4.93000000e+01 1.16936197e-08
4.93500000e+01 1.16665626e-08
4.94000000e+01 1.16396015e-08
4.94500000e+01 1.16127350e-08
4.95000000e+01 1.15859617e-08
4.95500000e+01 1.15592819e-08
4.96000000e+01 1.15326952e-08
4.96500000e+01 1.15062028e-08
4.97000000e+01 1.14798018e-08
4.97500000e+01 1.14534922e-08
4.98000000e+01 1.14272743e-08
4.98500000e+01 1.14011478e-08
4.99000000e+01 1.13751116e-08
4.99500000e+01 1.13491657e-08
5.00000000e+01 1.13233088e-08
5.00500000e+01 1.12975415e-08
5.01000000e+01 1.12718637e-08
5.01500000e+01 1.12462747e-08
5.02000000e+01 1.12207729e-08
5.02500000e+01 1.11953585e-08
5.03000000e+01 1.11700318e-08
5.03500000e+01 1.11447926e-08
5.04000000e+01 1.11196394e-08
5.04500000e+01 1.10945720e-08
5.05000000e+01 1.10695898e-08
5.05500000e+01 1.10446941e-08
5.06000000e+01 1.10198831e-08
5.06500000e+01 1.09951559e-08
5.07000000e+01 1.09705127e-08
5.07500000e+01 1.09459535e-08
5.08000000e+01 1.09214775e-08
5.08500000e+01 1.08970853e-08
5.09000000e+01 1.08727750e-08
5.09500000e+01 1.08485466e-08
5.10000000e+01 1.08243996e-08
5.10500000e+01 1.08003358e-08
5.11000000e+01 1.07763520e-08
5.11500000e+01 1.07524486e-08
5.12000000e+01 1.07286252e-08
5.12500000e+01 1.07048829e-08
5.13000000e+01 1.06812204e-08
5.13500000e+01 1.06576362e-08
5.14000000e+01 1.06341309e-08
5.14500000e+01 1.10692296e-08
5.15000000e+01 1.10447241e-08
5.15500000e+01 1.19327333e-08
5.16000000e+01 1.19060910e-08
5.16500000e+01 1.18795383e-08
5.17000000e+01 1.22978087e-08
5.17500000e+01 1.22703170e-08
5.18000000e+01 1.26815037e-08
5.18500000e+01 1.26530970e-08
5.19000000e+01 1.35136137e-08
5.19500000e+01 1.34831740e-08
5.20000000e+01 1.34528387e-08
5.20500000e+01 1.38481270e-08
5.21000000e+01 1.38169327e-08
5.21500000e+01 1.42055447e-08
5.22000000e+01 1.46270450e-08
5.22500000e+01 1.45939967e-08
5.23000000e+01 1.49739920e-08
5.23500000e+01 1.49401417e-08
5.24000000e+01 1.53137267e-08
5.24500000e+01 1.52790970e-08
5.25000000e+01 1.52445817e-08
5.25500000e+01 1.60607067e-08
5.26000000e+01 1.60243260e-08
5.26500000e+01 1.63834497e-08
5.27000000e+01 1.63463397e-08
5.27500000e+01 1.66994163e-08
5.28000000e+01 1.66615960e-08
5.28500000e+01 1.66239027e-08
5.29000000e+01 1.74162253e-08
5.29500000e+01 1.73767507e-08
5.30000000e+01 1.77161467e-08
5.30500000e+01 1.76760113e-08
5.31000000e+01 1.76360110e-08
5.31500000e+01 1.79689233e-08
5.32000000e+01 1.79282787e-08
5.32500000e+01 1.82556003e-08
5.33000000e+01 1.86556497e-08
5.33500000e+01 1.86134500e-08
5.34000000e+01 1.89334497e-08
5.34500000e+01 1.88906523e-08
5.35000000e+01 1.92052787e-08
5.35500000e+01 1.91619027e-08
5.36000000e+01 1.91186713e-08
5.36500000e+01 1.98651307e-08
5.37000000e+01 1.98202820e-08
5.37500000e+01 2.01226793e-08
5.38000000e+01 2.00772933e-08
5.38500000e+01 2.00320560e-08
5.39000000e+01 2.03287070e-08
5.39500000e+01 2.02829487e-08
5.40000000e+01 2.02373420e-08
5.40500000e+01 2.09617443e-08
5.41000000e+01 2.09145973e-08
5.41500000e+01 2.11996947e-08
5.42000000e+01 2.11520643e-08
5.42500000e+01 2.11045920e-08
5.43000000e+01 2.13842860e-08
5.43500000e+01 2.13363467e-08
5.44000000e+01 2.16113510e-08
5.44500000e+01 2.19920287e-08
5.45000000e+01 2.19427800e-08
5.45500000e+01 2.22115493e-08
5.46000000e+01 2.21618700e-08
5.46500000e+01 2.21123510e-08
5.47000000e+01 2.23760360e-08
5.47500000e+01 2.23261030e-08
5.48000000e+01 2.25853693e-08
5.48500000e+01 2.29599140e-08
5.49000000e+01 2.29087430e-08
5.49500000e+01 2.31620967e-08
5.50000000e+01 2.31105450e-08
5.50500000e+01 2.30591600e-08
5.51000000e+01 2.33077243e-08
5.51500000e+01 2.32559693e-08
5.52000000e+01 2.35003707e-08
5.52500000e+01 2.34482590e-08
5.53000000e+01 2.38161533e-08
5.53500000e+01 2.40549427e-08
5.54000000e+01 2.40016820e-08
5.54500000e+01 2.39485923e-08
5.55000000e+01 2.41828763e-08
5.55500000e+01 2.41294593e-08
5.56000000e+01 2.43598120e-08
5.56500000e+01 2.43060837e-08
5.57000000e+01 2.46684353e-08
5.57500000e+01 2.48934620e-08
5.58000000e+01 2.48386437e-08
5.58500000e+01 2.47840033e-08
5.59000000e+01 2.50047880e-08
5.59500000e+01 2.49498610e-08
5.60000000e+01 2.48951107e-08
5.60500000e+01 2.51117317e-08
5.61000000e+01 2.50567070e-08
5.61500000e+01 2.56808180e-08
5.62000000e+01 2.56245870e-08
5.62500000e+01 2.55685357e-08
5.63000000e+01 2.57765513e-08
5.63500000e+01 2.57202547e-08
5.64000000e+01 2.56641353e-08
5.64500000e+01 2.58682317e-08
5.65000000e+01 2.58118740e-08
5.65500000e+01 2.57556943e-08
5.66000000e+01 2.59559487e-08
5.66500000e+01 2.63051330e-08
5.67000000e+01 2.62479837e-08
5.67500000e+01 2.64435307e-08
5.68000000e+01 2.63861707e-08
5.68500000e+01 2.65784197e-08
5.69000000e+01 2.65208537e-08
5.69500000e+01 2.64634683e-08
5.70000000e+01 2.66520920e-08
5.70500000e+01 2.65945150e-08
5.71000000e+01 2.69382553e-08
5.71500000e+01 2.71224057e-08
5.72000000e+01 2.70639203e-08
5.72500000e+01 2.70056203e-08
5.73000000e+01 2.71862997e-08
5.73500000e+01 2.71278243e-08
5.74000000e+01 2.70695333e-08
5.74500000e+01 2.72468037e-08
5.75000000e+01 2.71883490e-08
5.75500000e+01 2.71300777e-08
5.76000000e+01 2.76999263e-08
5.76500000e+01 2.76406157e-08
5.77000000e+01 2.75814883e-08
5.77500000e+01 2.77512477e-08
5.78000000e+01 2.76919777e-08
5.78500000e+01 2.76328907e-08
5.79000000e+01 2.77994440e-08
5.79500000e+01 2.77402233e-08
5.80000000e+01 2.76811830e-08
5.80500000e+01 2.78445930e-08
5.81000000e+01 2.81763180e-08
5.81500000e+01 2.83360650e-08
5.82000000e+01 2.82759210e-08
5.82500000e+01 2.82159573e-08
5.83000000e+01 2.83726817e-08
5.83500000e+01 2.83126107e-08
5.84000000e+01 2.82527223e-08
5.84500000e+01 2.84064847e-08
5.85000000e+01 2.83464950e-08
5.85500000e+01 2.82866850e-08
5.86000000e+01 2.88235443e-08
5.86500000e+01 2.87627970e-08
5.87000000e+01 2.87022363e-08
5.87500000e+01 2.88493793e-08
5.88000000e+01 2.87887317e-08
5.88500000e+01 2.87282687e-08
5.89000000e+01 2.88726230e-08
5.89500000e+01 2.88120847e-08
5.90000000e+01 2.87517227e-08
5.90500000e+01 2.88933393e-08
5.91000000e+01 2.88329067e-08
5.91500000e+01 2.91531327e-08
5.92000000e+01 2.92912210e-08
5.92500000e+01 2.92300870e-08
5.93000000e+01 2.91691330e-08
5.93500000e+01 2.93045967e-08
5.94000000e+01 2.92435860e-08
5.94500000e+01 2.91827607e-08
5.95000000e+01 2.91221153e-08
5.95500000e+01 2.92547663e-08
5.96000000e+01 2.91940687e-08
5.96500000e+01 2.91335537e-08
5.97000000e+01 2.96387983e-08
5.97500000e+01 2.95774320e-08
5.98000000e+01 2.95162523e-08
5.98500000e+01 2.96430867e-08
5.99000000e+01 2.95818680e-08
5.99500000e+01 2.95208313e-08
6.00000000e+01 2.96452487e-08
6.00500000e+01 2.95841807e-08
6.01000000e+01 2.95232947e-08
6.01500000e+01 2.96453340e-08
6.02000000e+01 2.95844220e-08
6.02500000e+01 2.98936377e-08
6.03000000e+01 3.00125437e-08
6.03500000e+01 2.99510017e-08
6.04000000e+01 2.98896450e-08
6.04500000e+01 3.00062730e-08
6.05000000e+01 2.99449007e-08
6.05500000e+01 2.98837087e-08
6.06000000e+01 2.99980973e-08
6.06500000e+01 2.99368987e-08
6.07000000e+01 2.98758753e-08
6.07500000e+01 2.99880670e-08
6.08000000e+01 3.02919847e-08
6.08500000e+01 3.02303720e-08
6.09000000e+01 3.01689377e-08
6.09500000e+01 3.02780120e-08
6.10000000e+01 3.02165813e-08
6.10500000e+01 3.01553267e-08
6.11000000e+01 3.02623033e-08
6.11500000e+01 3.02010570e-08
6.12000000e+01 3.01399890e-08
6.12500000e+01 3.02448950e-08
6.13000000e+01 3.01838353e-08
6.13500000e+01 3.01229547e-08
6.14000000e+01 3.05852000e-08
6.14500000e+01 3.05235853e-08
6.15000000e+01 3.04621463e-08
6.15500000e+01 3.05622840e-08
6.16000000e+01 3.05008693e-08
6.16500000e+01 3.04396293e-08
6.17000000e+01 3.03785683e-08
6.17500000e+01 3.04765997e-08
6.18000000e+01 3.04155623e-08
6.18500000e+01 3.03547023e-08
6.19000000e+01 3.04508283e-08
6.19500000e+01 3.03899927e-08
6.20000000e+01 3.03293347e-08
6.20500000e+01 3.07768477e-08
6.21000000e+01 3.07154933e-08
6.21500000e+01 3.06543117e-08
6.22000000e+01 3.07459937e-08
6.22500000e+01 3.06848507e-08
6.23000000e+01 3.06238803e-08
6.23500000e+01 3.05630853e-08
6.24000000e+01 3.06528390e-08
6.24500000e+01 3.05920833e-08
6.25000000e+01 3.05315033e-08
6.25500000e+01 3.06194933e-08
6.26000000e+01 3.05589530e-08
6.26500000e+01 3.08466837e-08
6.27000000e+01 3.09322240e-08
6.27500000e+01 3.08711973e-08
6.28000000e+01 3.08103410e-08
6.28500000e+01 3.07496563e-08
6.29000000e+01 3.08333880e-08
6.29500000e+01 3.07727560e-08
6.30000000e+01 3.07122947e-08
6.30500000e+01 3.07943670e-08
6.31000000e+01 3.07339583e-08
6.31500000e+01 3.06737193e-08
6.32000000e+01 3.07541683e-08
6.32500000e+01 3.06939860e-08
6.33000000e+01 3.09763903e-08
6.33500000e+01 3.09158573e-08
6.34000000e+01 3.09939033e-08
6.34500000e+01 3.09334290e-08
6.35000000e+01 3.08731267e-08
6.35500000e+01 3.09496087e-08
6.36000000e+01 3.08893670e-08
6.36500000e+01 3.08292960e-08
6.37000000e+01 3.07693943e-08
6.37500000e+01 3.08442440e-08
6.38000000e+01 3.07844050e-08
6.38500000e+01 3.07247350e-08
6.39000000e+01 3.07980867e-08
6.39500000e+01 3.10754320e-08
6.40000000e+01 3.10153240e-08
6.40500000e+01 3.10865187e-08
6.41000000e+01 3.10264820e-08
6.41500000e+01 3.09666157e-08
6.42000000e+01 3.09069097e-08
6.42500000e+01 3.09765753e-08
6.43000000e+01 3.09169473e-08
6.43500000e+01 3.08574830e-08
6.44000000e+01 3.09257367e-08
6.44500000e+01 3.08663467e-08
6.45000000e+01 3.08071200e-08
6.45500000e+01 3.07480557e-08
6.46000000e+01 3.08148410e-08
6.46500000e+01 3.10868853e-08
6.47000000e+01 3.10274123e-08
6.47500000e+01 3.10921753e-08
6.48000000e+01 3.10327867e-08
6.48500000e+01 3.09735553e-08
6.49000000e+01 3.09144877e-08
6.49500000e+01 3.09778427e-08
6.50000000e+01 3.09188587e-08
6.50500000e+01 3.08600363e-08
6.51000000e+01 3.09220903e-08
6.51500000e+01 3.08633507e-08
6.52000000e+01 3.08047730e-08
6.52500000e+01 3.07463580e-08
6.53000000e+01 3.08070577e-08
6.53500000e+01 3.10740663e-08
6.54000000e+01 3.10152603e-08
6.54500000e+01 3.10740640e-08
6.55000000e+01 3.10153493e-08
6.55500000e+01 3.09567920e-08
6.56000000e+01 3.08983937e-08
6.56500000e+01 3.09559057e-08
6.57000000e+01 3.08976020e-08
6.57500000e+01 3.08394540e-08
6.58000000e+01 3.07814603e-08
6.58500000e+01 3.08377053e-08
6.59000000e+01 3.07798043e-08
6.59500000e+01 3.07220577e-08
6.60000000e+01 3.07771283e-08
6.60500000e+01 3.07194757e-08
6.61000000e+01 3.09812360e-08
6.61500000e+01 3.09232807e-08
6.62000000e+01 3.09765117e-08
6.62500000e+01 3.09186533e-08
6.63000000e+01 3.08609487e-08
6.63500000e+01 3.09130480e-08
6.64000000e+01 3.08554430e-08
6.64500000e+01 3.07979913e-08
6.65000000e+01 3.07406947e-08
6.65500000e+01 3.07916290e-08
6.66000000e+01 3.07344303e-08
6.66500000e+01 3.06773853e-08
6.67000000e+01 3.06204890e-08
6.67500000e+01 3.06702853e-08
6.68000000e+01 3.06134877e-08
6.68500000e+01 3.08702570e-08
6.69000000e+01 3.09183817e-08
6.69500000e+01 3.08612443e-08
6.70000000e+01 3.08042570e-08
6.70500000e+01 3.07474197e-08
6.71000000e+01 3.07944583e-08
6.71500000e+01 3.07377253e-08
6.72000000e+01 3.06811413e-08
6.72500000e+01 3.06247077e-08
6.73000000e+01 3.06706737e-08
6.73500000e+01 3.06143467e-08
6.74000000e+01 3.05581643e-08
6.74500000e+01 3.06031280e-08
6.75000000e+01 3.05470513e-08
6.75500000e+01 3.04911233e-08
6.76000000e+01 3.07431467e-08
6.76500000e+01 3.07864967e-08
6.77000000e+01 3.07302437e-08
6.77500000e+01 3.06741370e-08
6.78000000e+01 3.06181777e-08
6.78500000e+01 3.06605300e-08
6.79000000e+01 3.06046790e-08
6.79500000e+01 3.05489727e-08
6.80000000e+01 3.04934153e-08
6.80500000e+01 3.05347883e-08
6.81000000e+01 3.04793363e-08
6.81500000e+01 3.04240277e-08
6.82000000e+01 3.04644750e-08
6.82500000e+01 3.04092770e-08
6.83000000e+01 3.03542223e-08
6.83500000e+01 3.02993083e-08
6.84000000e+01 3.06406587e-08
6.84500000e+01 3.05853003e-08
6.85000000e+01 3.05300837e-08
6.85500000e+01 3.04750070e-08
6.86000000e+01 3.05130253e-08
6.86500000e+01 3.04580590e-08
6.87000000e+01 3.04032380e-08
6.87500000e+01 3.03485570e-08
6.88000000e+01 3.03856783e-08
6.88500000e+01 3.03311080e-08
6.89000000e+01 3.02766767e-08
6.89500000e+01 3.02223910e-08
6.90000000e+01 3.02586330e-08
6.90500000e+01 3.02044533e-08
6.91000000e+01 3.01504160e-08
6.91500000e+01 3.00965130e-08
6.92000000e+01 3.01318937e-08
6.92500000e+01 3.03737070e-08
6.93000000e+01 3.03195167e-08
6.93500000e+01 3.03535263e-08
6.94000000e+01 3.02994533e-08
6.94500000e+01 3.02455153e-08
6.95000000e+01 3.01917157e-08
6.95500000e+01 3.02249003e-08
6.96000000e+01 3.01712153e-08
6.96500000e+01 3.01176660e-08
6.97000000e+01 3.00642533e-08
6.97500000e+01 3.00966323e-08
6.98000000e+01 3.00433327e-08
6.98500000e+01 2.99901710e-08
6.99000000e+01 2.99371423e-08
6.99500000e+01 2.99687303e-08
7.00000000e+01 2.99158163e-08
7.00500000e+01 3.01531820e-08
7.01000000e+01 3.01000107e-08
7.01500000e+01 3.01302950e-08
7.02000000e+01 3.00772400e-08
7.02500000e+01 3.00243193e-08
7.03000000e+01 2.99715357e-08
7.03500000e+01 3.00010643e-08
7.04000000e+01 2.99483933e-08
7.04500000e+01 2.98958547e-08
7.05000000e+01 2.98434480e-08
7.05500000e+01 2.98722353e-08
7.06000000e+01 2.98199477e-08
7.06500000e+01 2.97677887e-08
7.07000000e+01 2.97157593e-08
7.07500000e+01 2.97438237e-08
7.08000000e+01 2.96919150e-08
7.08500000e+01 2.96401310e-08
7.09000000e+01 2.95884770e-08
7.09500000e+01 2.98997220e-08
7.10000000e+01 2.98476783e-08
7.10500000e+01 2.97957663e-08
7.11000000e+01 2.97439837e-08
7.11500000e+01 2.97701307e-08
7.12000000e+01 2.97184640e-08
7.12500000e+01 2.96669303e-08
7.13000000e+01 2.96155200e-08
7.13500000e+01 2.96409897e-08
7.14000000e+01 2.95896990e-08
7.14500000e+01 2.95385323e-08
7.15000000e+01 2.94874927e-08
7.15500000e+01 2.95123017e-08
7.16000000e+01 2.94613800e-08
7.16500000e+01 2.94105850e-08
7.17000000e+01 2.93599160e-08
7.17500000e+01 2.93840747e-08
7.18000000e+01 2.93335207e-08
7.18500000e+01 2.95610087e-08
7.19000000e+01 2.95102157e-08
7.19500000e+01 2.95332413e-08
7.20000000e+01 2.94825683e-08
7.20500000e+01 2.94320193e-08
7.21000000e+01 2.93815923e-08
7.21500000e+01 2.94040007e-08
7.22000000e+01 2.93536940e-08
7.22500000e+01 2.93035093e-08
7.23000000e+01 2.92534467e-08
7.23500000e+01 2.92035070e-08
7.24000000e+01 2.92253027e-08
7.24500000e+01 2.91754820e-08
7.25000000e+01 2.91257817e-08
7.25500000e+01 2.90762013e-08
7.26000000e+01 2.90974020e-08
7.26500000e+01 2.90479423e-08
7.27000000e+01 2.89986000e-08
7.27500000e+01 2.92215807e-08
7.28000000e+01 2.92417187e-08
7.28500000e+01 2.91921440e-08
7.29000000e+01 2.91426890e-08
7.29500000e+01 2.90933523e-08
7.30000000e+01 2.91129237e-08
7.30500000e+01 2.90637070e-08
7.31000000e+01 2.90146137e-08
7.31500000e+01 2.89656320e-08
7.32000000e+01 2.89846497e-08
7.32500000e+01 2.89357867e-08
7.33000000e+01 2.88870427e-08
7.33500000e+01 2.88384150e-08
7.34000000e+01 2.87899067e-08
7.34500000e+01 2.88083810e-08
7.35000000e+01 2.87599887e-08
7.35500000e+01 2.87117143e-08
7.36000000e+01 2.86635537e-08
7.36500000e+01 2.86814953e-08
7.37000000e+01 2.88997210e-08
7.37500000e+01 2.88513367e-08
7.38000000e+01 2.88030687e-08
7.38500000e+01 2.88200297e-08
7.39000000e+01 2.87718783e-08
7.39500000e+01 2.87238427e-08
7.40000000e+01 2.86759250e-08
7.40500000e+01 2.86923780e-08
7.41000000e+01 2.86445757e-08
7.41500000e+01 2.85968867e-08
7.42000000e+01 2.85493100e-08
7.42500000e+01 2.85018473e-08
7.43000000e+01 2.85178077e-08
7.43500000e+01 2.84704637e-08
7.44000000e+01 2.84232290e-08
7.44500000e+01 2.83761070e-08
7.45000000e+01 2.83915833e-08
7.45500000e+01 2.83445777e-08
7.46000000e+01 2.82976840e-08
7.46500000e+01 2.82509000e-08
7.47000000e+01 2.85260593e-08
7.47500000e+01 2.84789537e-08
7.48000000e+01 2.84319600e-08
7.48500000e+01 2.83850747e-08
7.49000000e+01 2.83383003e-08
7.49500000e+01 2.83523980e-08
7.50000000e+01 2.83057400e-08
7.50500000e+01 2.82591927e-08
7.51000000e+01 2.82127553e-08
7.51500000e+01 2.82263947e-08
7.52000000e+01 2.81800730e-08
7.52500000e+01 2.81338607e-08
7.53000000e+01 2.80877560e-08
7.53500000e+01 2.81009510e-08
7.54000000e+01 2.80549630e-08
7.54500000e+01 2.80090830e-08
7.55000000e+01 2.79633080e-08
7.55500000e+01 2.79176383e-08
7.56000000e+01 2.79304067e-08
7.56500000e+01 2.78848547e-08
7.57000000e+01 2.80937493e-08
7.57500000e+01 2.80479857e-08
7.58000000e+01 2.80598997e-08
7.58500000e+01 2.80142530e-08
7.59000000e+01 2.79687130e-08
7.59500000e+01 2.79232760e-08
7.60000000e+01 2.78779440e-08
7.60500000e+01 2.78894533e-08
7.61000000e+01 2.78442383e-08
7.61500000e+01 2.77991267e-08
7.62000000e+01 2.77541190e-08
7.62500000e+01 2.77652247e-08
7.63000000e+01 2.77203343e-08
7.63500000e+01 2.76755453e-08
7.64000000e+01 2.76308597e-08
7.64500000e+01 2.75862760e-08
7.65000000e+01 2.75969947e-08
7.65500000e+01 2.75525247e-08
7.66000000e+01 2.75081577e-08
7.66500000e+01 2.74638923e-08
7.67000000e+01 2.77230007e-08
7.67500000e+01 2.76784393e-08
7.68000000e+01 2.76339853e-08
7.68500000e+01 2.75896297e-08
7.69000000e+01 2.75453750e-08
7.69500000e+01 2.75549237e-08
7.70000000e+01 2.75107830e-08
7.70500000e+01 2.74667423e-08
7.71000000e+01 2.74228043e-08
7.71500000e+01 2.74319837e-08
7.72000000e+01 2.73881570e-08
7.72500000e+01 2.73444337e-08
7.73000000e+01 2.73008070e-08
7.73500000e+01 2.72572787e-08
7.74000000e+01 2.72661100e-08
7.74500000e+01 2.72226953e-08
7.75000000e+01 2.71793770e-08
7.75500000e+01 2.71361590e-08
7.76000000e+01 2.70930387e-08
7.76500000e+01 2.71015283e-08
7.77000000e+01 2.70585207e-08
7.77500000e+01 2.70156093e-08
7.78000000e+01 2.72154793e-08
7.78500000e+01 2.72232237e-08
7.79000000e+01 2.71801287e-08
7.79500000e+01 2.71371293e-08
7.80000000e+01 2.70942300e-08
7.80500000e+01 2.70514233e-08
7.81000000e+01 2.70588470e-08
7.81500000e+01 2.70161563e-08
7.82000000e+01 2.69735590e-08
7.82500000e+01 2.69310567e-08
7.83000000e+01 2.68886510e-08
7.83500000e+01 2.68957597e-08
7.84000000e+01 2.68534637e-08
7.84500000e+01 2.68112627e-08
7.85000000e+01 2.67691563e-08
7.85500000e+01 2.67759413e-08
7.86000000e+01 2.67339453e-08
7.86500000e+01 2.66920443e-08
7.87000000e+01 2.66502343e-08
7.87500000e+01 2.66085187e-08
7.88000000e+01 2.66150033e-08
7.88500000e+01 2.65733953e-08
7.89000000e+01 2.67687593e-08
7.89500000e+01 2.67269597e-08
7.90000000e+01 2.66852530e-08
7.90500000e+01 2.66910633e-08
7.91000000e+01 2.66494683e-08
7.91500000e+01 2.66079647e-08
7.92000000e+01 2.65665507e-08
7.92500000e+01 2.65252303e-08
7.93000000e+01 2.65307580e-08
7.93500000e+01 2.64895457e-08
7.94000000e+01 2.64484253e-08
7.94500000e+01 2.64073943e-08
7.95000000e+01 2.64126273e-08
7.95500000e+01 2.63717067e-08
7.96000000e+01 2.63308763e-08
7.96500000e+01 2.62901327e-08
7.97000000e+01 2.62494797e-08
7.97500000e+01 2.62544430e-08
7.98000000e+01 2.62138973e-08
7.98500000e+01 2.61734410e-08
7.99000000e+01 2.61330737e-08
7.99500000e+01 2.60927943e-08
8.00000000e+01 2.60974950e-08
