-2.00000000e+01 2.05940203e-07
-1.99500000e+01 2.06782010e-07
-1.99000000e+01 2.07629223e-07
-1.98500000e+01 2.08481850e-07
-1.98000000e+01 2.09340033e-07
-1.97500000e+01 2.10203777e-07
-1.97000000e+01 2.11073130e-07
-1.96500000e+01 2.11948120e-07
-1.96000000e+01 2.12828807e-07
-1.95500000e+01 2.13715287e-07
-1.95000000e+01 2.14607587e-07
-1.94500000e+01 2.15505750e-07
-1.94000000e+01 2.16409780e-07
-1.93500000e+01 2.17319833e-07
-1.93000000e+01 2.18235923e-07
-1.92500000e+01 2.19158097e-07
-1.92000000e+01 2.20086393e-07
-1.91500000e+01 2.21020870e-07
-1.91000000e+01 2.21961637e-07
-1.90500000e+01 2.22908727e-07
-1.90000000e+01 2.23862183e-07
-1.89500000e+01 2.24822030e-07
-1.89000000e+01 2.25788397e-07
-1.88500000e+01 2.26761330e-07
-1.88000000e+01 2.27740887e-07
-1.87500000e+01 2.28727120e-07
-1.87000000e+01 2.29720047e-07
-1.86500000e+01 2.30719813e-07
-1.86000000e+01 2.31726470e-07
-1.85500000e+01 2.32740050e-07
-1.85000000e+01 2.33760630e-07
-1.84500000e+01 2.34788273e-07
-1.84000000e+01 2.35823060e-07
-1.83500000e+01 2.36865070e-07
-1.83000000e+01 2.37914343e-07
-1.82500000e+01 2.38970960e-07
-1.82000000e+01 2.40034997e-07
-1.81500000e+01 2.41106553e-07
-1.81000000e+01 2.42185667e-07
-1.80500000e+01 2.43272407e-07
-1.80000000e+01 2.44366883e-07
-1.79500000e+01 2.45469127e-07
-1.79000000e+01 2.46579270e-07
-1.78500000e+01 2.47697337e-07
-1.78000000e+01 2.48823450e-07
-1.77500000e+01 2.49957673e-07
-1.77000000e+01 2.51100070e-07
-1.76500000e+01 2.52250770e-07
-1.76000000e+01 2.53409783e-07
-1.75500000e+01 2.54577277e-07
-1.75000000e+01 2.55753273e-07
-1.74500000e+01 2.56937897e-07
-1.74000000e+01 2.58131223e-07
-1.73500000e+01 2.59333327e-07
-1.73000000e+01 2.60544340e-07
-1.72500000e+01 2.61764287e-07
-1.72000000e+01 2.62993337e-07
-1.71500000e+01 2.64231513e-07
-1.71000000e+01 2.65478977e-07
-1.70500000e+01 2.66735787e-07
-1.70000000e+01 2.68002033e-07
-1.69500000e+01 2.69277853e-07
-1.69000000e+01 2.70563287e-07
-1.68500000e+01 2.71858510e-07
-1.68000000e+01 2.73163550e-07
-1.67500000e+01 2.74478593e-07
-1.67000000e+01 2.75803673e-07
-1.66500000e+01 2.77138950e-07
-1.66000000e+01 2.78484503e-07
-1.65500000e+01 2.79840447e-07
-1.65000000e+01 2.81206917e-07
-1.64500000e+01 2.82583973e-07
-1.64000000e+01 2.83971800e-07
-1.63500000e+01 2.85370463e-07
-1.63000000e+01 2.86780113e-07
-1.62500000e+01 2.88200853e-07
-1.62000000e+01 2.89632793e-07
-1.61500000e+01 2.91076107e-07
-1.61000000e+01 2.92530840e-07
-1.60500000e+01 2.93997210e-07
-1.60000000e+01 2.95475277e-07
-1.59500000e+01 2.96965210e-07
-1.59000000e+01 2.98467133e-07
-1.58500000e+01 2.99981167e-07
-1.58000000e+01 3.01507483e-07
-1.57500000e+01 3.03046163e-07
-1.57000000e+01 3.04597420e-07
-1.56500000e+01 3.06161320e-07
-1.56000000e+01 3.07738093e-07
-1.55500000e+01 3.09327827e-07
-1.55000000e+01 3.10930680e-07
-1.54500000e+01 3.12546833e-07
-1.54000000e+01 3.14176380e-07
-1.53500000e+01 3.15819560e-07
-1.53000000e+01 3.17476443e-07
-1.52500000e+01 3.19147287e-07
-1.52000000e+01 3.20832183e-07
-1.51500000e+01 3.22531307e-07
-1.51000000e+01 3.24244873e-07
-1.50500000e+01 3.25972980e-07
-1.50000000e+01 3.27715883e-07
-1.49500000e+01 3.29473677e-07
-1.49000000e+01 3.31246627e-07
-1.48500000e+01 3.33034840e-07
-1.48000000e+01 3.34838560e-07
-1.47500000e+01 3.36657940e-07
-1.47000000e+01 3.38493173e-07
-1.46500000e+01 3.40344487e-07
-1.46000000e+01 3.42212007e-07
-1.45500000e+01 3.44096033e-07
-1.45000000e+01 3.45996677e-07
-1.44500000e+01 3.47914213e-07
-1.44000000e+01 3.49848813e-07
-1.43500000e+01 3.51800700e-07
-1.43000000e+01 3.53770120e-07
-1.42500000e+01 3.55757217e-07
-1.42000000e+01 3.57762317e-07
-1.41500000e+01 3.59785550e-07
-1.41000000e+01 3.61827250e-07
-1.40500000e+01 3.63887577e-07
-1.40000000e+01 3.65966783e-07
-1.39500000e+01 3.68065153e-07
-1.39000000e+01 3.70182853e-07
-1.38500000e+01 3.72320243e-07
-1.38000000e+01 3.74477467e-07
-1.37500000e+01 3.76654900e-07
-1.37000000e+01 3.78852730e-07
-1.36500000e+01 3.81071230e-07
-1.36000000e+01 3.83310727e-07
-1.35500000e+01 3.85571410e-07
-1.35000000e+01 3.87853677e-07
-1.34500000e+01 3.90157700e-07
-1.34000000e+01 3.92483893e-07
-1.33500000e+01 3.94832447e-07
-1.33000000e+01 3.97203747e-07
-1.32500000e+01 3.99598053e-07
-1.32000000e+01 4.02015697e-07
-1.31500000e+01 4.04457033e-07
-1.31000000e+01 4.06922293e-07
-1.30500000e+01 4.09411940e-07
-1.30000000e+01 4.11926197e-07
-1.29500000e+01 4.14465497e-07
-1.29000000e+01 4.17030130e-07
-1.28500000e+01 4.19620473e-07
-1.28000000e+01 4.22236927e-07
-1.27500000e+01 4.24879767e-07
-1.27000000e+01 4.27549503e-07
-1.26500000e+01 4.30246400e-07
-1.26000000e+01 4.32970937e-07
-1.25500000e+01 4.35723467e-07
-1.25000000e+01 4.38504397e-07
-1.24500000e+01 4.41314193e-07
-1.24000000e+01 4.44153173e-07
-1.23500000e+01 4.47021900e-07
-1.23000000e+01 4.49920670e-07
-1.22500000e+01 4.52850093e-07
-1.22000000e+01 4.55810507e-07
-1.21500000e+01 4.58802397e-07
-1.21000000e+01 4.61826290e-07
-1.20500000e+01 4.64882560e-07
-1.20000000e+01 4.67971847e-07
-1.19500000e+01 4.71094493e-07
-1.19000000e+01 4.74251187e-07
-1.18500000e+01 4.77442323e-07
-1.18000000e+01 4.80668463e-07
-1.17500000e+01 4.83930170e-07
-1.17000000e+01 4.87227983e-07
-1.16500000e+01 4.90562523e-07
-1.16000000e+01 4.93934243e-07
-1.15500000e+01 4.97343897e-07
-1.15000000e+01 5.00791940e-07
-1.14500000e+01 5.04279107e-07
-1.14000000e+01 5.07805943e-07
-1.13500000e+01 5.11373113e-07
-1.13000000e+01 5.14981323e-07
-1.12500000e+01 5.18631110e-07
-1.12000000e+01 5.22323333e-07
-1.11500000e+01 5.26058533e-07
-1.11000000e+01 5.29837533e-07
-1.10500000e+01 5.33661007e-07
-1.10000000e+01 5.37529693e-07
-1.09500000e+01 5.41444417e-07
-1.09000000e+01 5.45405820e-07
-1.08500000e+01 5.49414873e-07
-1.08000000e+01 5.53472193e-07
-1.07500000e+01 5.57578823e-07
-1.07000000e+01 5.61735463e-07
-1.06500000e+01 5.65942997e-07
-1.06000000e+01 5.70202393e-07
-1.05500000e+01 5.74514397e-07
-1.05000000e+01 5.78880147e-07
-1.04500000e+01 5.83300363e-07
-1.04000000e+01 5.87776260e-07
-1.03500000e+01 5.92308663e-07
-1.03000000e+01 5.96898620e-07
-1.02500000e+01 6.01547237e-07
-1.02000000e+01 6.06255427e-07
-1.01500000e+01 6.11024483e-07
-1.01000000e+01 6.15855313e-07
-1.00500000e+01 6.20749287e-07
-1.00000000e+01 6.25707363e-07
-9.95000000e+00 6.30730907e-07
-9.90000000e+00 6.35821033e-07
-9.85000000e+00 6.40979037e-07
-9.80000000e+00 6.46206270e-07
-9.75000000e+00 6.51503883e-07
-9.70000000e+00 6.56873467e-07
-9.65000000e+00 6.62316187e-07
-9.60000000e+00 6.67833647e-07
-9.55000000e+00 6.73427180e-07
-9.50000000e+00 6.79098333e-07
-9.45000000e+00 6.84848690e-07
-9.40000000e+00 6.90679657e-07
-9.35000000e+00 6.96593097e-07
-9.30000000e+00 7.02590430e-07
-9.25000000e+00 7.08673537e-07
-9.20000000e+00 7.14844073e-07
-9.15000000e+00 7.21103833e-07
-9.10000000e+00 7.27454750e-07
-9.05000000e+00 7.33898500e-07
-9.00000000e+00 7.40437310e-07
-8.95000000e+00 7.47072870e-07
-8.90000000e+00 7.53807553e-07
-8.85000000e+00 7.60643243e-07
-8.80000000e+00 7.67582137e-07
-8.75000000e+00 7.74626560e-07
-8.70000000e+00 7.81778577e-07
-8.65000000e+00 7.89040847e-07
-8.60000000e+00 7.96415457e-07
-8.55000000e+00 8.03905243e-07
-8.50000000e+00 8.11512523e-07
-8.45000000e+00 8.19239977e-07
-8.40000000e+00 8.27090333e-07
-8.35000000e+00 8.35066397e-07
-8.30000000e+00 8.43171103e-07
-8.25000000e+00 8.51407173e-07
-8.20000000e+00 8.59778010e-07
-8.15000000e+00 8.68286413e-07
-8.10000000e+00 8.76935900e-07
-8.05000000e+00 8.85729587e-07
-8.00000000e+00 8.94671017e-07
-7.95000000e+00 9.03763793e-07
-7.90000000e+00 9.13011320e-07
-7.85000000e+00 9.22417740e-07
-7.80000000e+00 9.31986573e-07
-7.75000000e+00 9.41722103e-07
-7.70000000e+00 9.51628353e-07
-7.65000000e+00 9.61709630e-07
-7.60000000e+00 9.71970383e-07
-7.55000000e+00 9.82414963e-07
-7.50000000e+00 9.93048440e-07
-7.45000000e+00 1.00387525e-06
-7.40000000e+00 1.01490094e-06
-7.35000000e+00 1.02613032e-06
-7.30000000e+00 1.03756885e-06
-7.25000000e+00 1.04922228e-06
-7.20000000e+00 1.06109597e-06
-7.15000000e+00 1.07319638e-06
-7.10000000e+00 1.08552912e-06
-7.05000000e+00 1.09810120e-06
-7.00000000e+00 1.11091879e-06
-6.95000000e+00 1.12398885e-06
-6.90000000e+00 1.13731859e-06
-6.85000000e+00 1.15091505e-06
-6.80000000e+00 1.16478630e-06
-6.75000000e+00 1.17893977e-06
-6.70000000e+00 1.19338423e-06
-6.65000000e+00 1.20812770e-06
-6.60000000e+00 1.22317940e-06
-6.55000000e+00 1.23854820e-06
-6.50000000e+00 1.25424380e-06
-6.45000000e+00 1.27027623e-06
-6.40000000e+00 1.28665533e-06
-6.35000000e+00 1.30339243e-06
-6.30000000e+00 1.32049817e-06
-6.25000000e+00 1.33798450e-06
-6.20000000e+00 1.35586313e-06
-6.15000000e+00 1.37414690e-06
-6.10000000e+00 1.39284883e-06
-6.05000000e+00 1.41198220e-06
-6.00000000e+00 1.43156183e-06
-5.95000000e+00 1.45160190e-06
-5.90000000e+00 1.47211833e-06
-5.85000000e+00 1.49312693e-06
-5.80000000e+00 1.51464467e-06
-5.75000000e+00 1.53668917e-06
-5.70000000e+00 1.55927823e-06
-5.65000000e+00 1.58243183e-06
-5.60000000e+00 1.60616917e-06
-5.55000000e+00 1.63051213e-06
-5.50000000e+00 1.65548193e-06
-5.45000000e+00 1.68110177e-06
-5.40000000e+00 1.70739580e-06
-5.35000000e+00 1.73438870e-06
-5.30000000e+00 1.76210767e-06
-5.25000000e+00 1.79057947e-06
-5.20000000e+00 1.81983423e-06
-5.15000000e+00 1.84990163e-06
-5.10000000e+00 1.88081410e-06
-5.05000000e+00 1.91260507e-06
-5.00000000e+00 1.94531003e-06
-4.95000000e+00 1.97896637e-06
-4.90000000e+00 2.01361303e-06
-4.85000000e+00 2.04929163e-06
-4.80000000e+00 2.08604537e-06
-4.75000000e+00 2.12392017e-06
-4.70000000e+00 2.16296413e-06
-4.65000000e+00 2.20322897e-06
-4.60000000e+00 2.24476800e-06
-4.55000000e+00 2.28763863e-06
-4.50000000e+00 2.33190083e-06
-4.45000000e+00 2.37761860e-06
-4.40000000e+00 2.42485923e-06
-4.35000000e+00 2.47369450e-06
-4.30000000e+00 2.52420030e-06
-4.25000000e+00 2.57645677e-06
-4.20000000e+00 2.63055023e-06
-4.15000000e+00 2.68657043e-06
-4.10000000e+00 2.74461523e-06
-4.05000000e+00 2.80478623e-06
-4.00000000e+00 2.86719373e-06
-3.95000000e+00 2.93195463e-06
-3.90000000e+00 2.99919263e-06
-3.85000000e+00 3.06904187e-06
-3.80000000e+00 3.14164410e-06
-3.75000000e+00 3.21715110e-06
-3.70000000e+00 3.29572643e-06
-3.65000000e+00 3.37754360e-06
-3.60000000e+00 3.46279070e-06
-3.55000000e+00 3.55166803e-06
-3.50000000e+00 3.64439287e-06
-3.45000000e+00 3.74119673e-06
-3.40000000e+00 3.84233053e-06
-3.35000000e+00 3.94806460e-06
-3.30000000e+00 4.05868943e-06
-3.25000000e+00 4.17452120e-06
-3.20000000e+00 4.29590017e-06
-3.15000000e+00 4.42319723e-06
-3.10000000e+00 4.55681173e-06
-3.05000000e+00 4.69718050e-06
-3.00000000e+00 4.84477530e-06
-2.95000000e+00 5.00011413e-06
-2.90000000e+00 5.16375763e-06
-2.85000000e+00 5.33632010e-06
-2.80000000e+00 5.51847547e-06
-2.75000000e+00 5.71095817e-06
-2.70000000e+00 5.91457923e-06
-2.65000000e+00 6.13022263e-06
-2.60000000e+00 6.35886990e-06
-2.55000000e+00 6.60159577e-06
-2.50000000e+00 6.85959263e-06
-2.45000000e+00 7.13417997e-06
-2.40000000e+00 7.42681693e-06
-2.35000000e+00 7.73913133e-06
-2.30000000e+00 8.07292677e-06
-2.25000000e+00 8.43022170e-06
-2.20000000e+00 8.81326833e-06
-2.15000000e+00 9.22458980e-06
-2.10000000e+00 9.66701993e-06
-2.05000000e+00 1.01437442e-05
-2.00000000e+00 1.06583570e-05
-1.95000000e+00 1.12149182e-05
-1.90000000e+00 1.18180214e-05
-1.85000000e+00 1.24728895e-05
-1.80000000e+00 1.31854508e-05
-1.75000000e+00 1.39624765e-05
-1.70000000e+00 1.48116940e-05
-1.65000000e+00 1.57419563e-05
-1.60000000e+00 1.67634083e-05
-1.55000000e+00 1.78876987e-05
-1.50000000e+00 1.91282283e-05
-1.45000000e+00 2.05003950e-05
-1.40000000e+00 2.20219293e-05
-1.35000000e+00 2.37132007e-05
-1.30000000e+00 2.55975553e-05
-1.25000000e+00 2.77016380e-05
-1.20000000e+00 3.00556890e-05
-1.15000000e+00 3.26935937e-05
-1.10000000e+00 3.56528457e-05
-1.05000000e+00 3.89738087e-05
-1.00000000e+00 4.26984483e-05
-9.50000000e-01 4.68676687e-05
-9.00000000e-01 5.15169960e-05
-8.50000000e-01 5.66697263e-05
-8.00000000e-01 6.23269513e-05
-7.50000000e-01 6.84544070e-05
-7.00000000e-01 7.49662857e-05
-6.50000000e-01 8.17094710e-05
-6.00000000e-01 8.84525507e-05
-5.50000000e-01 9.48876780e-05
-5.00000000e-01 1.00652603e-04
-4.50000000e-01 1.05375590e-04
-4.00000000e-01 1.08735799e-04
-3.50000000e-01 1.10522586e-04
-3.00000000e-01 1.10672297e-04
-2.50000000e-01 1.09270382e-04
-2.00000000e-01 1.06520272e-04
-1.50000000e-01 1.02693359e-04
-1.00000000e-01 9.80780820e-05
-5.00000000e-02 9.29413417e-05
0.00000000e+00 8.75072133e-05
5.00000000e-02 8.19516443e-05
1.00000000e-01 7.64069893e-05
1.50000000e-01 7.09713263e-05
2.00000000e-01 6.57175900e-05
2.50000000e-01 6.07005640e-05
3.00000000e-01 5.59609937e-05
3.50000000e-01 5.15277083e-05
4.00000000e-01 4.74184273e-05
4.50000000e-01 4.36406430e-05
5.00000000e-01 4.01925653e-05
5.50000000e-01 3.70646700e-05
6.00000000e-01 3.42414243e-05
6.50000000e-01 3.17031197e-05
7.00000000e-01 2.94276263e-05
7.50000000e-01 2.73917793e-05
8.00000000e-01 2.55726103e-05
8.50000000e-01 2.39481170e-05
9.00000000e-01 2.24978257e-05
9.50000000e-01 2.12030600e-05
1.00000000e+00 2.00470577e-05
1.05000000e+00 1.90149353e-05
1.10000000e+00 1.80936177e-05
1.15000000e+00 1.72716640e-05
1.20000000e+00 1.65391503e-05
1.25000000e+00 1.58874887e-05
1.30000000e+00 1.53092943e-05
1.35000000e+00 1.47982523e-05
1.40000000e+00 1.43489897e-05
1.45000000e+00 1.39569903e-05
1.50000000e+00 1.36184827e-05
1.55000000e+00 1.33303803e-05
1.60000000e+00 1.30901920e-05
1.65000000e+00 1.28959657e-05
1.70000000e+00 1.27462060e-05
1.75000000e+00 1.26397913e-05
1.80000000e+00 1.25758730e-05
1.85000000e+00 1.25537380e-05
1.90000000e+00 1.25726640e-05
1.95000000e+00 1.26317423e-05
2.00000000e+00 1.27297490e-05
2.05000000e+00 1.28650953e-05
2.10000000e+00 1.30359437e-05
2.15000000e+00 1.32405327e-05
2.20000000e+00 1.34776757e-05
2.25000000e+00 1.37472317e-05
2.30000000e+00 1.40503670e-05
2.35000000e+00 1.43893923e-05
2.40000000e+00 1.47672303e-05
2.45000000e+00 1.51866737e-05
2.50000000e+00 1.56497227e-05
2.55000000e+00 1.61571947e-05
2.60000000e+00 1.67086253e-05
2.65000000e+00 1.73023100e-05
2.70000000e+00 1.79352130e-05
2.75000000e+00 1.86027457e-05
2.80000000e+00 1.92986357e-05
2.85000000e+00 2.00152673e-05
2.90000000e+00 2.07447043e-05
2.95000000e+00 2.14801453e-05
3.00000000e+00 2.22172640e-05
3.05000000e+00 2.29549537e-05
3.10000000e+00 2.36952053e-05
3.15000000e+00 2.44423280e-05
3.20000000e+00 2.52019593e-05
3.25000000e+00 2.59803093e-05
3.30000000e+00 2.67838853e-05
3.35000000e+00 2.76195903e-05
3.40000000e+00 2.84951000e-05
3.45000000e+00 2.94192867e-05
3.50000000e+00 3.04023520e-05
3.55000000e+00 3.14550733e-05
3.60000000e+00 3.25868483e-05
3.65000000e+00 3.38028217e-05
3.70000000e+00 3.51009833e-05
3.75000000e+00 3.64704923e-05
3.80000000e+00 3.78920080e-05
3.85000000e+00 3.93400587e-05
3.90000000e+00 4.07868617e-05
3.95000000e+00 4.22064430e-05
4.00000000e+00 4.35779537e-05
4.05000000e+00 4.48874977e-05
4.10000000e+00 4.61281390e-05
4.15000000e+00 4.72984927e-05
4.20000000e+00 4.84006350e-05
4.25000000e+00 4.94383890e-05
4.30000000e+00 5.04164813e-05
4.35000000e+00 5.13403220e-05
4.40000000e+00 5.22157050e-05
4.45000000e+00 5.30478350e-05
4.50000000e+00 5.38399597e-05
4.55000000e+00 5.45919953e-05
4.60000000e+00 5.52993950e-05
4.65000000e+00 5.59520983e-05
4.70000000e+00 5.65333033e-05
4.75000000e+00 5.70188220e-05
4.80000000e+00 5.73786280e-05
4.85000000e+00 5.75818957e-05
4.90000000e+00 5.76049860e-05
4.95000000e+00 5.74396450e-05
5.00000000e+00 5.70979720e-05
5.05000000e+00 5.66122577e-05
5.10000000e+00 5.60300053e-05
5.15000000e+00 5.54064117e-05
5.20000000e+00 5.47966163e-05
5.25000000e+00 5.42492110e-05
5.30000000e+00 5.38015593e-05
5.35000000e+00 5.34768153e-05
5.40000000e+00 5.32827877e-05
5.45000000e+00 5.32122193e-05
5.50000000e+00 5.32443720e-05
5.55000000e+00 5.33474923e-05
5.60000000e+00 5.34822067e-05
5.65000000e+00 5.36059123e-05
5.70000000e+00 5.36782570e-05
5.75000000e+00 5.36669390e-05
5.80000000e+00 5.35523247e-05
5.85000000e+00 5.33292933e-05
5.90000000e+00 5.30056600e-05
5.95000000e+00 5.25979237e-05
6.00000000e+00 5.21260747e-05
6.05000000e+00 5.16091507e-05
6.10000000e+00 5.10623913e-05
6.15000000e+00 5.04961693e-05
6.20000000e+00 4.99162273e-05
6.25000000e+00 4.93248140e-05
6.30000000e+00 4.87220477e-05
6.35000000e+00 4.81070487e-05
6.40000000e+00 4.74783200e-05
6.45000000e+00 4.68334210e-05
6.50000000e+00 4.61683797e-05
6.55000000e+00 4.54777127e-05
6.60000000e+00 4.47554603e-05
6.65000000e+00 4.39971253e-05
6.70000000e+00 4.32017317e-05
6.75000000e+00 4.23731570e-05
6.80000000e+00 4.15202770e-05
6.85000000e+00 4.06560973e-05
6.90000000e+00 3.97964593e-05
6.95000000e+00 3.89587443e-05
7.00000000e+00 3.81608143e-05
7.05000000e+00 3.74200540e-05
7.10000000e+00 3.67525137e-05
7.15000000e+00 3.61720233e-05
7.20000000e+00 3.56894327e-05
7.25000000e+00 3.53120833e-05
7.30000000e+00 3.50436953e-05
7.35000000e+00 3.48846393e-05
7.40000000e+00 3.48326557e-05
7.45000000e+00 3.48839330e-05
7.50000000e+00 3.50344970e-05
7.55000000e+00 3.52816607e-05
7.60000000e+00 3.56251717e-05
7.65000000e+00 3.60676487e-05
7.70000000e+00 3.66138080e-05
7.75000000e+00 3.72683280e-05
7.80000000e+00 3.80326213e-05
7.85000000e+00 3.89013510e-05
7.90000000e+00 3.98597023e-05
7.95000000e+00 4.08824943e-05
8.00000000e+00 4.19356537e-05
8.05000000e+00 4.29799283e-05
8.10000000e+00 4.39757333e-05
8.15000000e+00 4.48877107e-05
8.20000000e+00 4.56876670e-05
8.25000000e+00 4.63554810e-05
8.30000000e+00 4.68784963e-05
8.35000000e+00 4.72505173e-05
8.40000000e+00 4.74712527e-05
8.45000000e+00 4.75462957e-05
8.50000000e+00 4.74871260e-05
8.55000000e+00 4.73104223e-05
8.60000000e+00 4.70365187e-05
8.65000000e+00 4.66872877e-05
8.70000000e+00 4.62840307e-05
8.75000000e+00 4.58458723e-05
8.80000000e+00 4.53888980e-05
8.85000000e+00 4.49259560e-05
8.90000000e+00 4.44670237e-05
8.95000000e+00 4.40198897e-05
9.00000000e+00 4.35908843e-05
9.05000000e+00 4.31853987e-05
9.10000000e+00 4.28080257e-05
9.15000000e+00 4.24623003e-05
9.20000000e+00 4.21502393e-05
9.25000000e+00 4.18720260e-05
9.30000000e+00 4.16261100e-05
9.35000000e+00 4.14098433e-05
9.40000000e+00 4.12204513e-05
9.45000000e+00 4.10559590e-05
9.50000000e+00 4.09156543e-05
9.55000000e+00 4.07999297e-05
9.60000000e+00 4.07096050e-05
9.65000000e+00 4.06451033e-05
9.70000000e+00 4.06058703e-05
9.75000000e+00 4.05902873e-05
9.80000000e+00 4.05961610e-05
9.85000000e+00 4.06216530e-05
9.90000000e+00 4.06663707e-05
9.95000000e+00 4.07321950e-05
1.00000000e+01 4.08234310e-05
1.00500000e+01 4.09459777e-05
1.01000000e+01 4.11055457e-05
1.01500000e+01 4.13053353e-05
1.02000000e+01 4.15438960e-05
1.02500000e+01 4.18140193e-05
1.03000000e+01 4.21032953e-05
1.03500000e+01 4.23964570e-05
1.04000000e+01 4.26789330e-05
1.04500000e+01 4.29403823e-05
1.05000000e+01 4.31768713e-05
1.05500000e+01 4.33907947e-05
1.06000000e+01 4.35887263e-05
1.06500000e+01 4.37782987e-05
1.07000000e+01 4.39656430e-05
1.07500000e+01 4.41544830e-05
1.08000000e+01 4.43470803e-05
1.08500000e+01 4.45463043e-05
1.09000000e+01 4.47576173e-05
1.09500000e+01 4.49899200e-05
1.10000000e+01 4.52547927e-05
1.10500000e+01 4.55643107e-05
1.11000000e+01 4.59280003e-05
1.11500000e+01 4.63495903e-05
1.12000000e+01 4.68241570e-05
1.12500000e+01 4.73362903e-05
1.13000000e+01 4.78599523e-05
1.13500000e+01 4.83605937e-05
1.14000000e+01 4.87996327e-05
1.14500000e+01 4.91405230e-05
1.15000000e+01 4.93548327e-05
1.15500000e+01 4.94263953e-05
1.16000000e+01 4.93523517e-05
1.16500000e+01 4.91412067e-05
1.17000000e+01 4.88092697e-05
1.17500000e+01 4.83771367e-05
1.18000000e+01 4.78671403e-05
1.18500000e+01 4.73016493e-05
1.19000000e+01 4.67015417e-05
1.19500000e+01 4.60844010e-05
1.20000000e+01 4.54627590e-05
1.20500000e+01 4.48432157e-05
1.21000000e+01 4.42272150e-05
1.21500000e+01 4.36136187e-05
1.22000000e+01 4.30022673e-05
1.22500000e+01 4.23971530e-05
1.23000000e+01 4.18078227e-05
1.23500000e+01 4.12484723e-05
1.24000000e+01 4.07351180e-05
1.24500000e+01 4.02820473e-05
1.25000000e+01 3.98988053e-05
1.25500000e+01 3.95886277e-05
1.26000000e+01 3.93485077e-05
1.26500000e+01 3.91705040e-05
1.27000000e+01 3.90436033e-05
1.27500000e+01 3.89553890e-05
1.28000000e+01 3.88930793e-05
1.28500000e+01 3.88438773e-05
1.29000000e+01 3.87950130e-05
1.29500000e+01 3.87339143e-05
1.30000000e+01 3.86488443e-05
1.30500000e+01 3.85299003e-05
1.31000000e+01 3.83701020e-05
1.31500000e+01 3.81662000e-05
1.32000000e+01 3.79190693e-05
1.32500000e+01 3.76337290e-05
1.33000000e+01 3.73191427e-05
1.33500000e+01 3.69877753e-05
1.34000000e+01 3.66547423e-05
1.34500000e+01 3.63364067e-05
1.35000000e+01 3.60484040e-05
1.35500000e+01 3.58034237e-05
1.36000000e+01 3.56091600e-05
1.36500000e+01 3.54669953e-05
1.37000000e+01 3.53716687e-05
1.37500000e+01 3.53120410e-05
1.38000000e+01 3.52727377e-05
1.38500000e+01 3.52363073e-05
1.39000000e+01 3.51854780e-05
1.39500000e+01 3.51050700e-05
1.40000000e+01 3.49833883e-05
1.40500000e+01 3.48129990e-05
1.41000000e+01 3.45909360e-05
1.41500000e+01 3.43183087e-05
1.42000000e+01 3.39993817e-05
1.42500000e+01 3.36402377e-05
1.43000000e+01 3.32473450e-05
1.43500000e+01 3.28264000e-05
1.44000000e+01 3.23818263e-05
1.44500000e+01 3.19170067e-05
1.45000000e+01 3.14351017e-05
1.45500000e+01 3.09400363e-05
1.46000000e+01 3.04372797e-05
1.46500000e+01 2.99340960e-05
1.47000000e+01 2.94391947e-05
1.47500000e+01 2.89618870e-05
1.48000000e+01 2.85109650e-05
1.48500000e+01 2.80935523e-05
1.49000000e+01 2.77141443e-05
1.49500000e+01 2.73740623e-05
1.50000000e+01 2.70714947e-05
1.50500000e+01 2.68022237e-05
1.51000000e+01 2.65609440e-05
1.51500000e+01 2.63428247e-05
1.52000000e+01 2.61448667e-05
1.52500000e+01 2.59665323e-05
1.53000000e+01 2.58094403e-05
1.53500000e+01 2.56762887e-05
1.54000000e+01 2.55695060e-05
1.54500000e+01 2.54901873e-05
1.55000000e+01 2.54377073e-05
1.55500000e+01 2.54100700e-05
1.56000000e+01 2.54047227e-05
1.56500000e+01 2.54193340e-05
1.57000000e+01 2.54521947e-05
1.57500000e+01 2.55020713e-05
1.58000000e+01 2.55676340e-05
1.58500000e+01 2.56467747e-05
1.59000000e+01 2.57361323e-05
1.59500000e+01 2.58310210e-05
1.60000000e+01 2.59258040e-05
1.60500000e+01 2.60147197e-05
1.61000000e+01 2.60929683e-05
1.61500000e+01 2.61578907e-05
1.62000000e+01 2.62098750e-05
1.62500000e+01 2.62526760e-05
1.63000000e+01 2.62929380e-05
1.63500000e+01 2.63389580e-05
1.64000000e+01 2.63990490e-05
1.64500000e+01 2.64800610e-05
1.65000000e+01 2.65865673e-05
1.65500000e+01 2.67209343e-05
1.66000000e+01 2.68841510e-05
1.66500000e+01 2.70769057e-05
1.67000000e+01 2.73003160e-05
1.67500000e+01 2.75557893e-05
1.68000000e+01 2.78440433e-05
1.68500000e+01 2.81635797e-05
1.69000000e+01 2.85093160e-05
1.69500000e+01 2.88719917e-05
1.70000000e+01 2.92387870e-05
1.70500000e+01 2.95951083e-05
1.71000000e+01 2.99270287e-05
1.71500000e+01 3.02235167e-05
1.72000000e+01 3.04775493e-05
1.72500000e+01 3.06856983e-05
1.73000000e+01 3.08464240e-05
1.73500000e+01 3.09580183e-05
1.74000000e+01 3.10171863e-05
1.74500000e+01 3.10189673e-05
1.75000000e+01 3.09580310e-05
1.75500000e+01 3.08308250e-05
1.76000000e+01 3.06376587e-05
1.76500000e+01 3.03838930e-05
1.77000000e+01 3.00797700e-05
1.77500000e+01 2.97389060e-05
1.78000000e+01 2.93759063e-05
1.78500000e+01 2.90038683e-05
1.79000000e+01 2.86325243e-05
1.79500000e+01 2.82674737e-05
1.80000000e+01 2.79106193e-05
1.80500000e+01 2.75614730e-05
1.81000000e+01 2.72187463e-05
1.81500000e+01 2.68816110e-05
1.82000000e+01 2.65502097e-05
1.82500000e+01 2.62254923e-05
1.83000000e+01 2.59087157e-05
1.83500000e+01 2.56010217e-05
1.84000000e+01 2.53032523e-05
1.84500000e+01 2.50158977e-05
1.85000000e+01 2.47388540e-05
1.85500000e+01 2.44708917e-05
1.86000000e+01 2.42090553e-05
1.86500000e+01 2.39485243e-05
1.87000000e+01 2.36832497e-05
1.87500000e+01 2.34074177e-05
1.88000000e+01 2.31171863e-05
1.88500000e+01 2.28119533e-05
1.89000000e+01 2.24946157e-05
1.89500000e+01 2.21707703e-05
1.90000000e+01 2.18473043e-05
1.90500000e+01 2.15308907e-05
1.91000000e+01 2.12267550e-05
1.91500000e+01 2.09378743e-05
1.92000000e+01 2.06647033e-05
1.92500000e+01 2.04054683e-05
1.93000000e+01 2.01570353e-05
1.93500000e+01 1.99161817e-05
1.94000000e+01 1.96809003e-05
1.94500000e+01 1.94513113e-05
1.95000000e+01 1.92299247e-05
1.95500000e+01 1.90212790e-05
1.96000000e+01 1.88310927e-05
1.96500000e+01 1.86651643e-05
1.97000000e+01 1.85282330e-05
1.97500000e+01 1.84230150e-05
1.98000000e+01 1.83496517e-05
1.98500000e+01 1.83057443e-05
1.99000000e+01 1.82870550e-05
1.99500000e+01 1.82886287e-05
2.00000000e+01 1.83060600e-05
2.00500000e+01 1.83364327e-05
2.01000000e+01 1.83786723e-05
2.01500000e+01 1.84332153e-05
2.02000000e+01 1.85011507e-05
2.02500000e+01 1.85831187e-05
2.03000000e+01 1.86783310e-05
2.03500000e+01 1.87839033e-05
2.04000000e+01 1.88946700e-05
2.04500000e+01 1.90035627e-05
2.05000000e+01 1.91025507e-05
2.05500000e+01 1.91839997e-05
2.06000000e+01 1.92420607e-05
2.06500000e+01 1.92736367e-05
2.07000000e+01 1.92785310e-05
2.07500000e+01 1.92587493e-05
2.08000000e+01 1.92172050e-05
2.08500000e+01 1.91563367e-05
2.09000000e+01 1.90771420e-05
2.09500000e+01 1.89789743e-05
2.10000000e+01 1.88601747e-05
2.10500000e+01 1.87192077e-05
2.11000000e+01 1.85557513e-05
2.11500000e+01 1.83712590e-05
2.12000000e+01 1.81688260e-05
2.12500000e+01 1.79526017e-05
2.13000000e+01 1.77271863e-05
2.13500000e+01 1.74971790e-05
2.14000000e+01 1.72669397e-05
2.14500000e+01 1.70403827e-05
2.15000000e+01 1.68207210e-05
2.15500000e+01 1.66101683e-05
2.16000000e+01 1.64096560e-05
2.16500000e+01 1.62187143e-05
2.17000000e+01 1.60354757e-05
2.17500000e+01 1.58568860e-05
2.18000000e+01 1.56789863e-05
2.18500000e+01 1.54971983e-05
2.19000000e+01 1.53064367e-05
2.19500000e+01 1.51011420e-05
2.20000000e+01 1.48754127e-05
2.20500000e+01 1.46234313e-05
2.21000000e+01 1.43402007e-05
2.21500000e+01 1.40223467e-05
2.22000000e+01 1.36686800e-05
2.22500000e+01 1.32802737e-05
2.23000000e+01 1.28600600e-05
2.23500000e+01 1.24121637e-05
2.24000000e+01 1.19412708e-05
2.24500000e+01 1.14522215e-05
2.25000000e+01 1.09498327e-05
2.25500000e+01 1.04388932e-05
2.26000000e+01 9.92425190e-06
2.26500000e+01 9.41083650e-06
2.27000000e+01 8.90358820e-06
2.27500000e+01 8.40721217e-06
2.28000000e+01 7.92588687e-06
2.28500000e+01 7.46302440e-06
2.29000000e+01 7.02118230e-06
2.29500000e+01 6.60215403e-06
2.30000000e+01 6.20711690e-06
2.30500000e+01 5.83681960e-06
2.31000000e+01 5.49162903e-06
2.31500000e+01 5.17153900e-06
2.32000000e+01 4.87612867e-06
2.32500000e+01 4.60455623e-06
2.33000000e+01 4.35561297e-06
2.33500000e+01 4.12781783e-06
2.34000000e+01 3.91952873e-06
2.34500000e+01 3.72904463e-06
2.35000000e+01 3.55469170e-06
2.35500000e+01 3.39487697e-06
2.36000000e+01 3.24812273e-06
2.36500000e+01 3.11308223e-06
2.37000000e+01 2.98854300e-06
2.37500000e+01 2.87342283e-06
2.38000000e+01 2.76675913e-06
2.38500000e+01 2.66770167e-06
2.39000000e+01 2.57549793e-06
2.39500000e+01 2.48948263e-06
2.40000000e+01 2.40906937e-06
2.40500000e+01 2.33373707e-06
2.41000000e+01 2.26302627e-06
2.41500000e+01 2.19652680e-06
2.42000000e+01 2.13387573e-06
2.42500000e+01 2.07474767e-06
2.43000000e+01 2.01885317e-06
2.43500000e+01 1.96593293e-06
2.44000000e+01 1.91575310e-06
2.44500000e+01 1.86810497e-06
2.45000000e+01 1.82279833e-06
2.45500000e+01 1.77966317e-06
2.46000000e+01 1.73854390e-06
2.46500000e+01 1.69930030e-06
2.47000000e+01 1.66180477e-06
2.47500000e+01 1.62594033e-06
2.48000000e+01 1.59160127e-06
2.48500000e+01 1.55868950e-06
2.49000000e+01 1.52711647e-06
2.49500000e+01 1.49679960e-06
2.50000000e+01 1.46766420e-06
2.50500000e+01 1.43964040e-06
2.51000000e+01 1.41266447e-06
2.51500000e+01 1.38667697e-06
2.52000000e+01 1.36162317e-06
2.52500000e+01 1.33745253e-06
2.53000000e+01 1.31411753e-06
2.53500000e+01 1.29157477e-06
2.54000000e+01 1.26978313e-06
2.54500000e+01 1.24870493e-06
2.55000000e+01 1.22830450e-06
2.55500000e+01 1.20854877e-06
2.56000000e+01 1.18940700e-06
2.56500000e+01 1.17084987e-06
2.57000000e+01 1.15285047e-06
2.57500000e+01 1.13538317e-06
2.58000000e+01 1.11842410e-06
2.58500000e+01 1.10195077e-06
2.59000000e+01 1.08594193e-06
2.59500000e+01 1.07037785e-06
2.60000000e+01 1.05523938e-06
2.60500000e+01 1.04050922e-06
2.61000000e+01 1.02617014e-06
2.61500000e+01 1.01220662e-06
2.62000000e+01 9.98603653e-07
2.62500000e+01 9.85346977e-07
2.63000000e+01 9.72423360e-07
2.63500000e+01 9.59819707e-07
2.64000000e+01 9.47524370e-07
2.64500000e+01 9.35525440e-07
2.65000000e+01 9.23812313e-07
2.65500000e+01 9.12374577e-07
2.66000000e+01 9.01202377e-07
2.66500000e+01 8.90286263e-07
2.67000000e+01 8.79617313e-07
2.67500000e+01 8.69187133e-07
2.68000000e+01 8.58987367e-07
2.68500000e+01 8.49010490e-07
2.69000000e+01 8.39248917e-07
2.69500000e+01 8.29695740e-07
2.70000000e+01 8.20344083e-07
2.70500000e+01 8.11187490e-07
2.71000000e+01 8.02219900e-07
2.71500000e+01 7.93435167e-07
2.72000000e+01 7.84827847e-07
2.72500000e+01 7.76392350e-07
2.73000000e+01 7.68123513e-07
2.73500000e+01 7.60016363e-07
2.74000000e+01 7.52066037e-07
2.74500000e+01 7.44268073e-07
2.75000000e+01 7.36617830e-07
2.75500000e+01 7.29111327e-07
2.76000000e+01 7.21744173e-07
2.76500000e+01 7.14512650e-07
2.77000000e+01 7.07412943e-07
2.77500000e+01 7.00441347e-07
2.78000000e+01 6.93594507e-07
2.78500000e+01 6.86868837e-07
2.79000000e+01 6.80261340e-07
2.79500000e+01 6.73768600e-07
2.80000000e+01 6.67387797e-07
2.80500000e+01 6.61115970e-07
2.81000000e+01 6.54950263e-07
2.81500000e+01 6.48888087e-07
2.82000000e+01 6.42926647e-07
2.82500000e+01 6.37063583e-07
2.83000000e+01 6.31296263e-07
2.83500000e+01 6.25622520e-07
2.84000000e+01 6.20039907e-07
2.84500000e+01 6.14546330e-07
2.85000000e+01 6.09139607e-07
2.85500000e+01 6.03817633e-07
2.86000000e+01 5.98578530e-07
2.86500000e+01 5.93420180e-07
2.87000000e+01 5.88340880e-07
2.87500000e+01 5.83338677e-07
2.88000000e+01 5.78411910e-07
2.88500000e+01 5.73558827e-07
2.89000000e+01 5.68777747e-07
2.89500000e+01 5.64067170e-07
2.90000000e+01 5.59425377e-07
2.90500000e+01 5.54851010e-07
2.91000000e+01 5.50342513e-07
2.91500000e+01 5.45898493e-07
2.92000000e+01 5.41517583e-07
2.92500000e+01 5.37198390e-07
2.93000000e+01 5.32939720e-07
2.93500000e+01 5.28740150e-07
2.94000000e+01 5.24598637e-07
2.94500000e+01 5.20513780e-07
2.95000000e+01 5.16484563e-07
2.95500000e+01 5.12509830e-07
2.96000000e+01 5.08588423e-07
2.96500000e+01 5.04719393e-07
2.97000000e+01 5.00901540e-07
2.97500000e+01 4.97134027e-07
2.98000000e+01 4.93415680e-07
2.98500000e+01 4.89745670e-07
2.99000000e+01 4.86123043e-07
2.99500000e+01 4.82546870e-07
3.00000000e+01 4.79016277e-07
3.00500000e+01 4.75530353e-07
3.01000000e+01 4.72088357e-07
3.01500000e+01 4.68689340e-07
3.02000000e+01 4.65332623e-07
3.02500000e+01 4.62017333e-07
3.03000000e+01 4.58742777e-07
3.03500000e+01 4.55508190e-07
3.04000000e+01 4.52312807e-07
3.04500000e+01 4.49156027e-07
3.05000000e+01 4.46037023e-07
3.05500000e+01 4.42955250e-07
3.06000000e+01 4.39909970e-07
3.06500000e+01 4.36900567e-07
3.07000000e+01 4.33926437e-07
3.07500000e+01 4.30986917e-07
3.08000000e+01 4.28081500e-07
3.08500000e+01 4.25209487e-07
3.09000000e+01 4.22370440e-07
3.09500000e+01 4.19563663e-07
3.10000000e+01 4.16788700e-07
3.10500000e+01 4.14045020e-07
3.11000000e+01 4.11332057e-07
3.11500000e+01 4.08649380e-07
3.12000000e+01 4.05996387e-07
3.12500000e+01 4.03372713e-07
3.13000000e+01 4.00777753e-07
3.13500000e+01 3.98211137e-07
3.14000000e+01 3.95672390e-07
3.14500000e+01 3.93161030e-07
3.15000000e+01 3.90676710e-07
3.15500000e+01 3.88218887e-07
3.16000000e+01 3.85787257e-07
3.16500000e+01 3.83381303e-07
3.17000000e+01 3.81000717e-07
3.17500000e+01 3.78645043e-07
3.18000000e+01 3.76313943e-07
3.18500000e+01 3.74007030e-07
3.19000000e+01 3.71723900e-07
3.19500000e+01 3.69464273e-07
3.20000000e+01 3.67227697e-07
3.20500000e+01 3.65013913e-07
3.21000000e+01 3.62822520e-07
3.21500000e+01 3.60653223e-07
3.22000000e+01 3.58505693e-07
3.22500000e+01 3.56379577e-07
3.23000000e+01 3.54274633e-07
3.23500000e+01 3.52190460e-07
3.24000000e+01 3.50126847e-07
3.24500000e+01 3.48083437e-07
3.25000000e+01 3.46059963e-07
3.25500000e+01 3.44056157e-07
3.26000000e+01 3.42071700e-07
3.26500000e+01 3.40106383e-07
3.27000000e+01 3.38159853e-07
3.27500000e+01 3.36231950e-07
3.28000000e+01 3.34322307e-07
3.28500000e+01 3.32430737e-07
3.29000000e+01 3.30556990e-07
3.29500000e+01 3.28700790e-07
3.30000000e+01 3.26861957e-07
3.30500000e+01 3.25040167e-07
3.31000000e+01 3.23235297e-07
3.31500000e+01 3.21447007e-07
3.32000000e+01 3.19675147e-07
3.32500000e+01 3.17919497e-07
3.33000000e+01 3.16179813e-07
3.33500000e+01 3.14455907e-07
3.34000000e+01 3.12747540e-07
3.34500000e+01 3.11054570e-07
3.35000000e+01 3.09376713e-07
3.35500000e+01 3.07713847e-07
3.36000000e+01 3.06065733e-07
3.36500000e+01 3.04432200e-07
3.37000000e+01 3.02813073e-07
3.37500000e+01 3.01208127e-07
3.38000000e+01 2.99617247e-07
3.38500000e+01 2.98040180e-07
3.39000000e+01 2.96476813e-07
3.39500000e+01 2.94926940e-07
3.40000000e+01 2.93390400e-07
3.40500000e+01 2.91867047e-07
3.41000000e+01 2.90356677e-07
3.41500000e+01 2.88859193e-07
3.42000000e+01 2.87374357e-07
3.42500000e+01 2.85902097e-07
3.43000000e+01 2.84442180e-07
3.43500000e+01 2.82994510e-07
3.44000000e+01 2.81558933e-07
3.44500000e+01 2.80135273e-07
3.45000000e+01 2.78723450e-07
3.45500000e+01 2.77323243e-07
3.46000000e+01 2.75934590e-07
3.46500000e+01 2.74557280e-07
3.47000000e+01 2.73191230e-07
3.47500000e+01 2.71836307e-07
3.48000000e+01 2.70492347e-07
3.48500000e+01 2.69159277e-07
3.49000000e+01 2.67836907e-07
3.49500000e+01 2.66525177e-07
3.50000000e+01 2.65223890e-07
3.50500000e+01 2.63933000e-07
3.51000000e+01 2.62652340e-07
3.51500000e+01 2.61381810e-07
3.52000000e+01 2.60121303e-07
3.52500000e+01 2.58870683e-07
3.53000000e+01 2.57629880e-07
3.53500000e+01 2.56398727e-07
3.54000000e+01 2.55177163e-07
3.54500000e+01 2.53965053e-07
3.55000000e+01 2.52762313e-07
3.55500000e+01 2.51568830e-07
3.56000000e+01 2.50384490e-07
3.56500000e+01 2.49209230e-07
3.57000000e+01 2.48042897e-07
3.57500000e+01 2.46885433e-07
3.58000000e+01 2.45736750e-07
3.58500000e+01 2.44596703e-07
3.59000000e+01 2.43465250e-07
3.59500000e+01 2.42342260e-07
3.60000000e+01 2.41227667e-07
3.60500000e+01 2.40121410e-07
3.61000000e+01 2.39023333e-07
3.61500000e+01 2.37933377e-07
3.62000000e+01 2.36851460e-07
3.62500000e+01 2.35777523e-07
3.63000000e+01 2.34711453e-07
3.63500000e+01 2.33653163e-07
3.64000000e+01 2.32602567e-07
3.64500000e+01 2.31559610e-07
3.65000000e+01 2.30524233e-07
3.65500000e+01 2.29496317e-07
3.66000000e+01 2.28475767e-07
3.66500000e+01 2.27462550e-07
3.67000000e+01 2.26456563e-07
3.67500000e+01 2.25457817e-07
3.68000000e+01 2.24466107e-07
3.68500000e+01 2.23481430e-07
3.69000000e+01 2.22503703e-07
3.69500000e+01 2.21532880e-07
3.70000000e+01 2.20568900e-07
3.70500000e+01 2.19611630e-07
3.71000000e+01 2.18661040e-07
3.71500000e+01 2.17717063e-07
3.72000000e+01 2.16779697e-07
3.72500000e+01 2.15848767e-07
3.73000000e+01 2.14924253e-07
3.73500000e+01 2.14006100e-07
3.74000000e+01 2.13094247e-07
3.74500000e+01 2.12188680e-07
3.75000000e+01 2.11289237e-07
3.75500000e+01 2.10395913e-07
3.76000000e+01 2.09508643e-07
3.76500000e+01 2.08627407e-07
3.77000000e+01 2.07752100e-07
3.77500000e+01 2.06882657e-07
3.78000000e+01 2.06019043e-07
3.78500000e+01 2.05161203e-07
3.79000000e+01 2.04309137e-07
3.79500000e+01 2.03462680e-07
3.80000000e+01 2.02621840e-07
3.80500000e+01 2.01786557e-07
3.81000000e+01 2.00956797e-07
3.81500000e+01 2.00132510e-07
3.82000000e+01 1.99313593e-07
3.82500000e+01 1.98500037e-07
3.83000000e+01 1.97691783e-07
3.83500000e+01 1.96888823e-07
3.84000000e+01 1.96091047e-07
3.84500000e+01 1.95298423e-07
3.85000000e+01 1.94510910e-07
3.85500000e+01 1.93728463e-07
3.86000000e+01 1.92951083e-07
3.86500000e+01 1.92178640e-07
3.87000000e+01 1.91411123e-07
3.87500000e+01 1.90648493e-07
3.88000000e+01 1.89890720e-07
3.88500000e+01 1.89137760e-07
3.89000000e+01 1.88389527e-07
3.89500000e+01 1.87646013e-07
3.90000000e+01 1.86907167e-07
3.90500000e+01 1.86172997e-07
3.91000000e+01 1.85443370e-07
3.91500000e+01 1.84718297e-07
3.92000000e+01 1.83997733e-07
3.92500000e+01 1.83281650e-07
3.93000000e+01 1.82570017e-07
3.93500000e+01 1.81862743e-07
3.94000000e+01 1.81159833e-07
3.94500000e+01 1.80461230e-07
3.95000000e+01 1.79766940e-07
3.95500000e+01 1.79076880e-07
3.96000000e+01 1.78391007e-07
3.96500000e+01 1.77709310e-07
3.97000000e+01 1.77031743e-07
3.97500000e+01 1.76358320e-07
3.98000000e+01 1.75688920e-07
3.98500000e+01 1.75023547e-07
3.99000000e+01 1.74362170e-07
3.99500000e+01 1.73704773e-07
4.00000000e+01 1.73051313e-07
4.00500000e+01 1.72401730e-07
4.01000000e+01 1.71756003e-07
4.01500000e+01 1.71114113e-07
4.02000000e+01 1.70476057e-07
4.02500000e+01 1.69841733e-07
4.03000000e+01 1.69211143e-07
4.03500000e+01 1.68584263e-07
4.04000000e+01 1.67961057e-07
4.04500000e+01 1.67341530e-07
4.05000000e+01 1.66725587e-07
4.05500000e+01 1.66113223e-07
4.06000000e+01 1.65504420e-07
4.06500000e+01 1.64899153e-07
4.07000000e+01 1.64297400e-07
4.07500000e+01 1.63699093e-07
4.08000000e+01 1.63104230e-07
4.08500000e+01 1.62512780e-07
4.09000000e+01 1.61924750e-07
4.09500000e+01 1.61340050e-07
4.10000000e+01 1.60758680e-07
4.10500000e+01 1.60180617e-07
4.11000000e+01 1.59605850e-07
4.11500000e+01 1.59034347e-07
4.12000000e+01 1.58466050e-07
4.12500000e+01 1.57900953e-07
4.13000000e+01 1.57339040e-07
4.13500000e+01 1.56780293e-07
4.14000000e+01 1.56224673e-07
4.14500000e+01 1.55672140e-07
4.15000000e+01 1.55122687e-07
4.15500000e+01 1.54576293e-07
4.16000000e+01 1.54032963e-07
4.16500000e+01 1.53492610e-07
4.17000000e+01 1.52955237e-07
4.17500000e+01 1.52420823e-07
4.18000000e+01 1.51889367e-07
4.18500000e+01 1.51360837e-07
4.19000000e+01 1.50835183e-07
4.19500000e+01 1.50312400e-07
4.20000000e+01 1.49792463e-07
4.20500000e+01 1.49275390e-07
4.21000000e+01 1.48761093e-07
4.21500000e+01 1.48249580e-07
4.22000000e+01 1.47740837e-07
4.22500000e+01 1.47234833e-07
4.23000000e+01 1.46731587e-07
4.23500000e+01 1.46231010e-07
4.24000000e+01 1.45733117e-07
4.24500000e+01 1.45237887e-07
4.25000000e+01 1.44745323e-07
4.25500000e+01 1.44255367e-07
4.26000000e+01 1.43768013e-07
4.26500000e+01 1.43283240e-07
4.27000000e+01 1.42801033e-07
4.27500000e+01 1.42321400e-07
4.28000000e+01 1.41844270e-07
4.28500000e+01 1.41369647e-07
4.29000000e+01 1.40897510e-07
4.29500000e+01 1.40427863e-07
4.30000000e+01 1.39960677e-07
4.30500000e+01 1.39495913e-07
4.31000000e+01 1.39033563e-07
4.31500000e+01 1.38573620e-07
4.32000000e+01 1.38116077e-07
4.32500000e+01 1.37660893e-07
4.33000000e+01 1.37208050e-07
4.33500000e+01 1.36757543e-07
4.34000000e+01 1.36309350e-07
4.34500000e+01 1.35863483e-07
4.35000000e+01 1.35419877e-07
4.35500000e+01 1.34978537e-07
4.36000000e+01 1.34539450e-07
4.36500000e+01 1.34102607e-07
4.37000000e+01 1.33667987e-07
4.37500000e+01 1.33235560e-07
4.38000000e+01 1.32805320e-07
4.38500000e+01 1.32377253e-07
4.39000000e+01 1.31951367e-07
4.39500000e+01 1.31527603e-07
4.40000000e+01 1.31105963e-07
4.40500000e+01 1.30686440e-07
4.41000000e+01 1.30269023e-07
4.41500000e+01 1.29853697e-07
4.42000000e+01 1.29440427e-07
4.42500000e+01 1.29029210e-07
4.43000000e+01 1.28620030e-07
4.43500000e+01 1.28212900e-07
4.44000000e+01 1.27807770e-07
4.44500000e+01 1.27404633e-07
4.45000000e+01 1.27003483e-07
4.45500000e+01 1.26604303e-07
4.46000000e+01 1.26207107e-07
4.46500000e+01 1.25811830e-07
4.47000000e+01 1.25418487e-07
4.47500000e+01 1.25027063e-07
4.48000000e+01 1.24637553e-07
4.48500000e+01 1.24249943e-07
4.49000000e+01 1.23864200e-07
4.49500000e+01 1.23480323e-07
4.50000000e+01 1.23098303e-07
4.50500000e+01 1.22718150e-07
4.51000000e+01 1.22339803e-07
4.51500000e+01 1.21963273e-07
4.52000000e+01 1.21588553e-07
4.52500000e+01 1.21215623e-07
4.53000000e+01 1.20844503e-07
4.53500000e+01 1.20475127e-07
4.54000000e+01 1.20107510e-07
4.54500000e+01 1.19741640e-07
4.55000000e+01 1.19377520e-07
4.55500000e+01 1.19015127e-07
4.56000000e+01 1.18654433e-07
4.56500000e+01 1.18295440e-07
4.57000000e+01 1.17938140e-07
4.57500000e+01 1.17582540e-07
4.58000000e+01 1.17228590e-07
4.58500000e+01 1.16876293e-07
4.59000000e+01 1.16525647e-07
4.59500000e+01 1.16176647e-07
4.60000000e+01 1.15829277e-07
4.60500000e+01 1.15483510e-07
4.61000000e+01 1.15139350e-07
4.61500000e+01 1.14796783e-07
4.62000000e+01 1.14455817e-07
4.62500000e+01 1.14116417e-07
4.63000000e+01 1.13778577e-07
4.63500000e+01 1.13442290e-07
4.64000000e+01 1.13107547e-07
4.64500000e+01 1.12774363e-07
4.65000000e+01 1.12442680e-07
4.65500000e+01 1.12112517e-07
4.66000000e+01 1.11783860e-07
4.66500000e+01 1.11456703e-07
4.67000000e+01 1.11131040e-07
4.67500000e+01 1.10806847e-07
4.68000000e+01 1.10484120e-07
4.68500000e+01 1.10162853e-07
4.69000000e+01 1.09843057e-07
4.69500000e+01 1.09524680e-07
4.70000000e+01 1.09207737e-07
4.70500000e+01 1.08892217e-07
4.71000000e+01 1.08578113e-07
4.71500000e+01 1.08265437e-07
4.72000000e+01 1.07954133e-07
4.72500000e+01 1.07644223e-07
4.73000000e+01 1.07335690e-07
4.73500000e+01 1.07028540e-07
4.74000000e+01 1.06722757e-07
4.74500000e+01 1.06418317e-07
4.75000000e+01 1.06115223e-07
4.75500000e+01 1.05813463e-07
4.76000000e+01 1.05513063e-07
4.76500000e+01 1.05213960e-07
4.77000000e+01 1.04916173e-07
4.77500000e+01 1.04619690e-07
4.78000000e+01 1.04324513e-07
4.78500000e+01 1.04030633e-07
4.79000000e+01 1.03738027e-07
4.79500000e+01 1.03446693e-07
4.80000000e+01 1.03156623e-07
4.80500000e+01 1.02867833e-07
4.81000000e+01 1.02580287e-07
4.81500000e+01 1.02293977e-07
4.82000000e+01 1.02008908e-07
4.82500000e+01 1.01725067e-07
4.83000000e+01 1.01442467e-07
4.83500000e+01 1.01161066e-07
4.84000000e+01 1.00880874e-07
4.84500000e+01 1.00601883e-07
4.85000000e+01 1.00324091e-07
4.85500000e+01 1.00047494e-07
4.86000000e+01 9.97720620e-08
4.86500000e+01 9.94978060e-08
4.87000000e+01 9.92247187e-08
4.87500000e+01 9.89528063e-08
4.88000000e+01 9.86820287e-08
4.88500000e+01 9.84123993e-08
4.89000000e+01 9.81439080e-08
4.89500000e+01 9.78765493e-08
4.90000000e+01 9.76103367e-08
4.90500000e+01 9.73452243e-08
4.91000000e+01 9.70812257e-08
4.91500000e+01 9.68183330e-08
4.92000000e+01 9.65565547e-08
4.92500000e+01 9.62958637e-08
4.93000000e+01 9.60362573e-08
4.93500000e+01 9.57777310e-08
4.94000000e+01 9.55202790e-08
4.94500000e+01 9.52639133e-08
4.95000000e+01 9.50085957e-08
4.95500000e+01 9.47543350e-08
4.96000000e+01 9.45011253e-08
4.96500000e+01 9.42489670e-08
4.97000000e+01 9.39978527e-08
4.97500000e+01 9.37477620e-08
4.98000000e+01 9.34986983e-08
4.98500000e+01 9.32506567e-08
4.99000000e+01 9.30036420e-08
4.99500000e+01 9.27576323e-08
5.00000000e+01 9.25126223e-08
5.00500000e+01 9.22686113e-08
5.01000000e+01 9.20255940e-08
5.01500000e+01 9.17835793e-08
5.02000000e+01 9.15425330e-08
5.02500000e+01 9.13024633e-08
5.03000000e+01 9.10633650e-08
5.03500000e+01 9.08252383e-08
5.04000000e+01 9.05880767e-08
5.04500000e+01 9.03518617e-08
5.05000000e+01 9.01165960e-08
5.05500000e+01 8.98822757e-08
5.06000000e+01 8.96489103e-08
5.06500000e+01 8.94164647e-08
5.07000000e+01 8.91849487e-08
5.07500000e+01 8.89543570e-08
5.08000000e+01 8.87246893e-08
5.08500000e+01 8.84959413e-08
5.09000000e+01 8.82680927e-08
5.09500000e+01 8.80411487e-08
5.10000000e+01 8.78151043e-08
5.10500000e+01 8.75899640e-08
5.11000000e+01 8.73657083e-08
5.11500000e+01 8.71423337e-08
5.12000000e+01 8.69198390e-08
5.12500000e+01 8.66982193e-08
5.13000000e+01 8.64774843e-08
5.13500000e+01 8.62576020e-08
5.14000000e+01 8.60385807e-08
5.14500000e+01 8.58204163e-08
5.15000000e+01 8.56031090e-08
5.15500000e+01 8.53866533e-08
5.16000000e+01 8.51710320e-08
5.16500000e+01 8.49562493e-08
5.17000000e+01 8.47423003e-08
5.17500000e+01 8.45291950e-08
5.18000000e+01 8.43169013e-08
5.18500000e+01 8.41054290e-08
5.19000000e+01 8.38947727e-08
5.19500000e+01 8.36849293e-08
5.20000000e+01 8.34759067e-08
5.20500000e+01 8.32676747e-08
5.21000000e+01 8.30602423e-08
5.21500000e+01 8.28536053e-08
5.22000000e+01 8.26477637e-08
5.22500000e+01 8.24427137e-08
5.23000000e+01 8.22384377e-08
5.23500000e+01 8.20349407e-08
5.24000000e+01 8.18322187e-08
5.24500000e+01 8.16302793e-08
5.25000000e+01 8.14290950e-08
5.25500000e+01 8.12286727e-08
5.26000000e+01 8.10290097e-08
5.26500000e+01 8.08301053e-08
5.27000000e+01 8.06319560e-08
5.27500000e+01 8.04345460e-08
5.28000000e+01 8.02378790e-08
5.28500000e+01 8.00419510e-08
5.29000000e+01 7.98467677e-08
5.29500000e+01 7.96523113e-08
5.30000000e+01 7.94585797e-08
5.30500000e+01 7.92655723e-08
5.31000000e+01 7.90732853e-08
5.31500000e+01 7.88817277e-08
5.32000000e+01 7.86908713e-08
5.32500000e+01 7.85007240e-08
5.33000000e+01 7.83112837e-08
5.33500000e+01 7.81225493e-08
5.34000000e+01 7.79345180e-08
5.34500000e+01 7.77471747e-08
5.35000000e+01 7.75605230e-08
5.35500000e+01 7.73745597e-08
5.36000000e+01 7.71892930e-08
5.36500000e+01 7.70046967e-08
5.37000000e+01 7.68207783e-08
5.37500000e+01 7.66375343e-08
5.38000000e+01 7.64549623e-08
5.38500000e+01 7.62730690e-08
5.39000000e+01 7.60918293e-08
5.39500000e+01 7.59112510e-08
5.40000000e+01 7.57313303e-08
5.40500000e+01 7.55520690e-08
5.41000000e+01 7.53734620e-08
5.41500000e+01 7.51954967e-08
5.42000000e+01 8.36780507e-08
5.42500000e+01 9.20069993e-08
5.43000000e+01 9.17861660e-08
5.43500000e+01 9.15661210e-08
5.44000000e+01 9.97024713e-08
5.44500000e+01 9.94622977e-08
5.45000000e+01 9.92230023e-08
5.45500000e+01 1.07171857e-07
5.46000000e+01 1.06913087e-07
5.46500000e+01 1.06655253e-07
5.47000000e+01 1.06398367e-07
5.47500000e+01 1.14144853e-07
5.48000000e+01 1.13869193e-07
5.48500000e+01 1.13594540e-07
5.49000000e+01 1.21163760e-07
5.49500000e+01 1.20870943e-07
5.50000000e+01 1.28986557e-07
5.50500000e+01 1.36360297e-07
5.51000000e+01 1.36029503e-07
5.51500000e+01 1.35699927e-07
5.52000000e+01 1.42905713e-07
5.52500000e+01 1.42559300e-07
5.53000000e+01 1.42214147e-07
5.53500000e+01 1.41870227e-07
5.54000000e+01 1.48894863e-07
5.54500000e+01 1.48534753e-07
5.55000000e+01 1.48175917e-07
5.55500000e+01 1.55041647e-07
5.56000000e+01 1.54667117e-07
5.56500000e+01 1.54293933e-07
5.57000000e+01 1.61004830e-07
5.57500000e+01 1.60616483e-07
5.58000000e+01 1.60229523e-07
5.58500000e+01 1.74934770e-07
5.59000000e+01 1.74512710e-07
5.59500000e+01 1.74092157e-07
5.60000000e+01 1.73673090e-07
5.60500000e+01 1.80048617e-07
5.61000000e+01 1.79615557e-07
5.61500000e+01 1.79184083e-07
5.62000000e+01 1.85416890e-07
5.62500000e+01 1.84971860e-07
5.63000000e+01 1.84528407e-07
5.63500000e+01 1.90622117e-07
5.64000000e+01 1.90165607e-07
5.64500000e+01 1.89710710e-07
5.65000000e+01 1.89257410e-07
5.65500000e+01 1.95201247e-07
5.66000000e+01 1.94735367e-07
5.66500000e+01 1.94271137e-07
5.67000000e+01 2.07981893e-07
5.67500000e+01 2.07486047e-07
5.68000000e+01 2.06991953e-07
5.68500000e+01 2.06499607e-07
5.69000000e+01 2.12148713e-07
5.69500000e+01 2.11644753e-07
5.70000000e+01 2.11142567e-07
5.70500000e+01 2.16666863e-07
5.71000000e+01 2.16153497e-07
5.71500000e+01 2.15641913e-07
5.72000000e+01 2.15132110e-07
5.72500000e+01 2.20522073e-07
5.73000000e+01 2.20001527e-07
5.73500000e+01 2.19482737e-07
5.74000000e+01 2.24754310e-07
5.74500000e+01 2.24225130e-07
5.75000000e+01 2.23697763e-07
5.75500000e+01 2.36519807e-07
5.76000000e+01 2.35963907e-07
5.76500000e+01 2.35409920e-07
5.77000000e+01 2.34857860e-07
5.77500000e+01 2.39869690e-07
5.78000000e+01 2.39308077e-07
5.78500000e+01 2.38748403e-07
5.79000000e+01 2.43650813e-07
5.79500000e+01 2.43081890e-07
5.80000000e+01 2.42514960e-07
5.80500000e+01 2.41949930e-07
5.81000000e+01 2.46734740e-07
5.81500000e+01 2.46160833e-07
5.82000000e+01 2.45588887e-07
5.82500000e+01 2.45018913e-07
5.83000000e+01 2.49689277e-07
5.83500000e+01 2.49110743e-07
5.84000000e+01 2.48534167e-07
5.84500000e+01 2.53103457e-07
5.85000000e+01 2.59929447e-07
5.85500000e+01 2.59329123e-07
5.86000000e+01 2.58730843e-07
5.86500000e+01 2.63172327e-07
5.87000000e+01 2.62566263e-07
5.87500000e+01 2.61962217e-07
5.88000000e+01 2.66307823e-07
5.88500000e+01 2.65696220e-07
5.89000000e+01 2.65086720e-07
5.89500000e+01 2.64479237e-07
5.90000000e+01 2.68721923e-07
5.90500000e+01 2.68107177e-07
5.91000000e+01 2.67494493e-07
5.91500000e+01 2.66883907e-07
5.92000000e+01 2.71026393e-07
5.92500000e+01 2.70408787e-07
5.93000000e+01 2.69793253e-07
5.93500000e+01 2.73846987e-07
5.94000000e+01 2.73224757e-07
5.94500000e+01 2.79776010e-07
5.95000000e+01 2.79141330e-07
5.95500000e+01 2.83081593e-07
5.96000000e+01 2.82440603e-07
5.96500000e+01 2.81801703e-07
5.97000000e+01 2.81164900e-07
5.97500000e+01 2.85012730e-07
5.98000000e+01 2.84369843e-07
5.98500000e+01 2.83729097e-07
5.99000000e+01 2.87494857e-07
5.99500000e+01 2.86848223e-07
6.00000000e+01 2.86203717e-07
6.00500000e+01 2.85561317e-07
6.01000000e+01 2.89239183e-07
6.01500000e+01 2.88591160e-07
6.02000000e+01 2.87945233e-07
6.02500000e+01 2.87301417e-07
6.03000000e+01 2.90893650e-07
6.03500000e+01 2.90244440e-07
6.04000000e+01 2.96544003e-07
6.04500000e+01 2.95883300e-07
6.05000000e+01 2.99374783e-07
6.05500000e+01 2.98709023e-07
6.06000000e+01 2.98045393e-07
6.06500000e+01 3.01462897e-07
6.07000000e+01 3.00794370e-07
6.07500000e+01 3.00128030e-07
6.08000000e+01 2.99463803e-07
6.08500000e+01 3.02802163e-07
6.09000000e+01 3.02133270e-07
6.09500000e+01 3.01466503e-07
6.10000000e+01 3.00801937e-07
6.10500000e+01 3.04063180e-07
6.11000000e+01 3.03394057e-07
6.11500000e+01 3.02727097e-07
6.12000000e+01 3.02062283e-07
6.12500000e+01 3.05248413e-07
6.13000000e+01 3.04579257e-07
6.13500000e+01 3.03912257e-07
6.14000000e+01 3.03247363e-07
6.14500000e+01 3.13064407e-07
6.15000000e+01 3.12380580e-07
6.15500000e+01 3.11698917e-07
6.16000000e+01 3.11019410e-07
6.16500000e+01 3.14044693e-07
6.17000000e+01 3.13361370e-07
6.17500000e+01 3.12680183e-07
6.18000000e+01 3.15641953e-07
6.18500000e+01 3.14957057e-07
6.19000000e+01 3.14274330e-07
6.19500000e+01 3.13593787e-07
6.20000000e+01 3.16487787e-07
6.20500000e+01 3.15803653e-07
6.21000000e+01 3.15121687e-07
6.21500000e+01 3.14441900e-07
6.22000000e+01 3.17269833e-07
6.22500000e+01 3.16586627e-07
6.23000000e+01 3.15905530e-07
6.23500000e+01 3.15226580e-07
6.24000000e+01 3.17990143e-07
6.24500000e+01 3.17307953e-07
6.25000000e+01 3.23106830e-07
6.25500000e+01 3.22414873e-07
6.26000000e+01 3.25100160e-07
6.26500000e+01 3.24405223e-07
6.27000000e+01 3.23712423e-07
6.27500000e+01 3.23021767e-07
6.28000000e+01 3.25645967e-07
6.28500000e+01 3.24952500e-07
6.29000000e+01 3.24261137e-07
6.29500000e+01 3.23571897e-07
6.30000000e+01 3.26136587e-07
6.30500000e+01 3.25444623e-07
6.31000000e+01 3.24754817e-07
6.31500000e+01 3.24067090e-07
6.32000000e+01 3.26573773e-07
6.32500000e+01 3.25883460e-07
6.33000000e+01 3.25195277e-07
6.33500000e+01 3.24509187e-07
6.34000000e+01 3.26959190e-07
6.34500000e+01 3.26270617e-07
6.35000000e+01 3.25584157e-07
6.35500000e+01 3.24899817e-07
6.36000000e+01 3.33548067e-07
6.36500000e+01 3.32848200e-07
6.37000000e+01 3.32150387e-07
6.37500000e+01 3.31454687e-07
6.38000000e+01 3.33781043e-07
6.38500000e+01 3.33083190e-07
6.39000000e+01 3.32387460e-07
6.39500000e+01 3.31693830e-07
6.40000000e+01 3.33967797e-07
6.40500000e+01 3.33272113e-07
6.41000000e+01 3.32578593e-07
6.41500000e+01 3.31887123e-07
6.42000000e+01 3.34109957e-07
6.42500000e+01 3.33416550e-07
6.43000000e+01 3.32725177e-07
6.43500000e+01 3.32035910e-07
6.44000000e+01 3.34208880e-07
6.44500000e+01 3.33517770e-07
6.45000000e+01 3.32828723e-07
6.45500000e+01 3.32141787e-07
6.46000000e+01 3.34266117e-07
6.46500000e+01 3.33577403e-07
6.47000000e+01 3.32890733e-07
6.47500000e+01 3.38237930e-07
6.48000000e+01 3.37542873e-07
6.48500000e+01 3.39602240e-07
6.49000000e+01 3.38905637e-07
6.49500000e+01 3.38211087e-07
6.50000000e+01 3.37518590e-07
6.50500000e+01 3.39531943e-07
6.51000000e+01 3.38837980e-07
6.51500000e+01 3.38146050e-07
6.52000000e+01 3.37456193e-07
6.52500000e+01 3.39424470e-07
6.53000000e+01 3.38733230e-07
6.53500000e+01 3.38044013e-07
6.54000000e+01 3.37356810e-07
6.54500000e+01 3.39281183e-07
6.55000000e+01 3.38592753e-07
6.55500000e+01 3.37906283e-07
6.56000000e+01 3.37221820e-07
6.56500000e+01 3.39103300e-07
6.57000000e+01 3.38417637e-07
6.57500000e+01 3.37733927e-07
6.58000000e+01 3.37052237e-07
6.58500000e+01 3.38891887e-07
6.59000000e+01 3.44032843e-07
6.59500000e+01 3.43340257e-07
6.60000000e+01 3.42649683e-07
6.60500000e+01 3.41961073e-07
6.61000000e+01 3.43743953e-07
6.61500000e+01 3.43054360e-07
6.62000000e+01 3.42366747e-07
6.62500000e+01 3.41681150e-07
6.63000000e+01 3.43424343e-07
6.63500000e+01 3.42737820e-07
6.64000000e+01 3.42053290e-07
6.64500000e+01 3.41370750e-07
6.65000000e+01 3.43075257e-07
6.65500000e+01 3.42391833e-07
6.66000000e+01 3.41710367e-07
6.66500000e+01 3.41030840e-07
6.67000000e+01 3.42697477e-07
6.67500000e+01 3.42017190e-07
6.68000000e+01 3.41338870e-07
6.68500000e+01 3.40662443e-07
6.69000000e+01 3.39988053e-07
6.69500000e+01 3.41615113e-07
6.70000000e+01 3.40939900e-07
6.70500000e+01 3.40266630e-07
6.71000000e+01 3.39595307e-07
6.71500000e+01 3.46793547e-07
6.72000000e+01 3.46110460e-07
6.72500000e+01 3.45429297e-07
6.73000000e+01 3.44750093e-07
6.73500000e+01 3.46293943e-07
6.74000000e+01 3.45614197e-07
6.74500000e+01 3.44936360e-07
6.75000000e+01 3.44260467e-07
6.75500000e+01 3.43586430e-07
6.76000000e+01 3.45093633e-07
6.76500000e+01 3.44419143e-07
6.77000000e+01 3.43746540e-07
6.77500000e+01 3.43075850e-07
6.78000000e+01 3.44549757e-07
6.78500000e+01 3.43878650e-07
6.79000000e+01 3.43209390e-07
6.79500000e+01 3.42542027e-07
6.80000000e+01 3.43983297e-07
6.80500000e+01 3.43315540e-07
6.81000000e+01 3.42649670e-07
6.81500000e+01 3.41985680e-07
6.82000000e+01 3.41323500e-07
6.82500000e+01 3.42730767e-07
6.83000000e+01 3.42068317e-07
6.83500000e+01 3.41407677e-07
6.84000000e+01 3.46155693e-07
6.84500000e+01 3.47520413e-07
6.85000000e+01 3.46850917e-07
6.85500000e+01 3.46183263e-07
6.86000000e+01 3.45517477e-07
6.86500000e+01 3.44853523e-07
6.87000000e+01 3.46186033e-07
6.87500000e+01 3.45522010e-07
6.88000000e+01 3.44859700e-07
6.88500000e+01 3.44199263e-07
6.89000000e+01 3.45502290e-07
6.89500000e+01 3.44841720e-07
6.90000000e+01 3.44182953e-07
6.90500000e+01 3.43525980e-07
6.91000000e+01 3.42870833e-07
6.91500000e+01 3.44143200e-07
6.92000000e+01 3.43488023e-07
6.92500000e+01 3.42834583e-07
6.93000000e+01 3.42182920e-07
6.93500000e+01 3.43427180e-07
6.94000000e+01 3.42775477e-07
6.94500000e+01 3.42125543e-07
6.95000000e+01 3.41477400e-07
6.95500000e+01 3.42694207e-07
6.96000000e+01 3.42046060e-07
6.96500000e+01 3.41399713e-07
6.97000000e+01 3.45964227e-07
6.97500000e+01 3.45311507e-07
6.98000000e+01 3.46489017e-07
6.98500000e+01 3.45836380e-07
6.99000000e+01 3.45185493e-07
6.99500000e+01 3.44536390e-07
7.00000000e+01 3.45687857e-07
7.00500000e+01 3.45038837e-07
7.01000000e+01 3.44391603e-07
7.01500000e+01 3.43746160e-07
7.02000000e+01 3.43102393e-07
7.02500000e+01 3.44226797e-07
7.03000000e+01 3.43583167e-07
7.03500000e+01 3.42941287e-07
7.04000000e+01 3.42301147e-07
7.04500000e+01 3.41662680e-07
7.05000000e+01 3.42760677e-07
7.05500000e+01 3.42122437e-07
7.06000000e+01 3.41485933e-07
7.06500000e+01 3.40851073e-07
7.07000000e+01 3.41924807e-07
7.07500000e+01 3.41290170e-07
7.08000000e+01 3.40657213e-07
7.08500000e+01 3.40025963e-07
7.09000000e+01 3.39396377e-07
7.09500000e+01 3.40444947e-07
7.10000000e+01 3.39815573e-07
7.10500000e+01 3.39187997e-07
7.11000000e+01 3.43568593e-07
7.11500000e+01 3.44583953e-07
7.12000000e+01 3.43949010e-07
7.12500000e+01 3.43315730e-07
7.13000000e+01 3.42684113e-07
7.13500000e+01 3.42054177e-07
7.14000000e+01 3.43045710e-07
7.14500000e+01 3.42416117e-07
7.15000000e+01 3.41788213e-07
7.15500000e+01 3.41161957e-07
7.16000000e+01 3.40537343e-07
7.16500000e+01 3.41505577e-07
7.17000000e+01 3.40881290e-07
7.17500000e+01 3.40258683e-07
7.18000000e+01 3.39637670e-07
7.18500000e+01 3.40584423e-07
7.19000000e+01 3.39963820e-07
7.19500000e+01 3.39344877e-07
7.20000000e+01 3.38727560e-07
7.20500000e+01 3.38111797e-07
7.21000000e+01 3.39036370e-07
7.21500000e+01 3.38421030e-07
7.22000000e+01 3.37807280e-07
7.22500000e+01 3.37195143e-07
7.23000000e+01 3.36584587e-07
7.23500000e+01 3.37487483e-07
7.24000000e+01 3.36877363e-07
7.24500000e+01 3.36268883e-07
7.25000000e+01 3.40480613e-07
7.25500000e+01 3.41354043e-07
7.26000000e+01 3.40738880e-07
7.26500000e+01 3.40125290e-07
7.27000000e+01 3.39513297e-07
7.27500000e+01 3.38902873e-07
7.28000000e+01 3.39755777e-07
7.28500000e+01 3.39145897e-07
7.29000000e+01 3.38537613e-07
7.29500000e+01 3.37930843e-07
7.30000000e+01 3.37325643e-07
7.30500000e+01 3.38158487e-07
7.31000000e+01 3.37553820e-07
7.31500000e+01 3.36950690e-07
7.32000000e+01 3.36349123e-07
7.32500000e+01 3.35749077e-07
7.33000000e+01 3.36562367e-07
7.33500000e+01 3.35962907e-07
7.34000000e+01 3.35364977e-07
7.34500000e+01 3.34768533e-07
7.35000000e+01 3.35563667e-07
7.35500000e+01 3.34967807e-07
7.36000000e+01 3.34373453e-07
7.36500000e+01 3.33780627e-07
7.37000000e+01 3.33189290e-07
7.37500000e+01 3.33965723e-07
7.38000000e+01 3.33375007e-07
7.38500000e+01 3.32785800e-07
7.39000000e+01 3.32198020e-07
7.39500000e+01 3.31611750e-07
7.40000000e+01 3.36996913e-07
7.40500000e+01 3.36403090e-07
7.41000000e+01 3.35810750e-07
7.41500000e+01 3.35219920e-07
7.42000000e+01 3.34630567e-07
7.42500000e+01 3.35362287e-07
7.43000000e+01 3.34773630e-07
7.43500000e+01 3.34186397e-07
7.44000000e+01 3.33600653e-07
7.44500000e+01 3.33016397e-07
7.45000000e+01 3.33730820e-07
7.45500000e+01 3.33147197e-07
7.46000000e+01 3.32565047e-07
7.46500000e+01 3.31984343e-07
7.47000000e+01 3.32682680e-07
7.47500000e+01 3.32102723e-07
7.48000000e+01 3.31524153e-07
7.48500000e+01 3.30947017e-07
7.49000000e+01 3.30371330e-07
7.49500000e+01 3.31053160e-07
7.50000000e+01 3.30478153e-07
7.50500000e+01 3.29904570e-07
7.51000000e+01 3.29332420e-07
7.51500000e+01 3.28761677e-07
7.52000000e+01 3.29427473e-07
7.52500000e+01 3.28857420e-07
7.53000000e+01 3.28288790e-07
7.53500000e+01 3.27721557e-07
7.54000000e+01 3.27155743e-07
7.54500000e+01 3.27805750e-07
7.55000000e+01 3.27240623e-07
7.55500000e+01 3.31119150e-07
7.56000000e+01 3.30549183e-07
7.56500000e+01 3.29980630e-07
7.57000000e+01 3.30607133e-07
7.57500000e+01 3.30039320e-07
7.58000000e+01 3.29472890e-07
7.58500000e+01 3.28907837e-07
7.59000000e+01 3.28344180e-07
7.59500000e+01 3.28955753e-07
7.60000000e+01 3.28392837e-07
7.60500000e+01 3.27831313e-07
7.61000000e+01 3.27271200e-07
7.61500000e+01 3.26712460e-07
7.62000000e+01 3.27309463e-07
7.62500000e+01 3.26751450e-07
7.63000000e+01 3.26194787e-07
7.63500000e+01 3.25639467e-07
7.64000000e+01 3.25085513e-07
7.64500000e+01 3.25668320e-07
7.65000000e+01 3.25115137e-07
7.65500000e+01 3.24563283e-07
7.66000000e+01 3.24012850e-07
7.66500000e+01 3.23463670e-07
7.67000000e+01 3.24032587e-07
7.67500000e+01 3.23484187e-07
7.68000000e+01 3.22937127e-07
7.68500000e+01 3.22391380e-07
7.69000000e+01 3.21846930e-07
7.69500000e+01 3.22402270e-07
7.70000000e+01 3.21858627e-07
7.70500000e+01 3.21316347e-07
7.71000000e+01 3.25046447e-07
7.71500000e+01 3.24499543e-07
7.72000000e+01 3.25033957e-07
7.72500000e+01 3.24487847e-07
7.73000000e+01 3.23943080e-07
7.73500000e+01 3.23399603e-07
7.74000000e+01 3.22857423e-07
7.74500000e+01 3.23379000e-07
7.75000000e+01 3.22837673e-07
7.75500000e+01 3.22297633e-07
7.76000000e+01 3.21758880e-07
7.76500000e+01 3.21221400e-07
7.77000000e+01 3.21730387e-07
7.77500000e+01 3.21193747e-07
7.78000000e+01 3.20658353e-07
7.78500000e+01 3.20124267e-07
7.79000000e+01 3.19591417e-07
7.79500000e+01 3.20088167e-07
7.80000000e+01 3.19556227e-07
7.80500000e+01 3.19025467e-07
7.81000000e+01 3.18495977e-07
7.81500000e+01 3.17967760e-07
7.82000000e+01 3.18452510e-07
7.82500000e+01 3.17925107e-07
7.83000000e+01 3.17398963e-07
7.83500000e+01 3.16874053e-07
7.84000000e+01 3.16350373e-07
7.84500000e+01 3.15827997e-07
7.85000000e+01 3.16300627e-07
7.85500000e+01 3.15779030e-07
7.86000000e+01 3.15258650e-07
7.86500000e+01 3.14739480e-07
7.87000000e+01 3.14221547e-07
7.87500000e+01 3.14682740e-07
7.88000000e+01 3.18257260e-07
7.88500000e+01 3.17734660e-07
7.89000000e+01 3.17213357e-07
7.89500000e+01 3.16693200e-07
7.90000000e+01 3.17136107e-07
7.90500000e+01 3.16616817e-07
7.91000000e+01 3.16098730e-07
7.91500000e+01 3.15581870e-07
7.92000000e+01 3.15066227e-07
7.92500000e+01 3.15498290e-07
7.93000000e+01 3.14983510e-07
7.93500000e+01 3.14469937e-07
7.94000000e+01 3.13957570e-07
7.94500000e+01 3.13446340e-07
7.95000000e+01 3.13867837e-07
7.95500000e+01 3.13357493e-07
7.96000000e+01 3.12848327e-07
7.96500000e+01 3.12340353e-07
7.97000000e+01 3.11833547e-07
7.97500000e+01 3.11327920e-07
7.98000000e+01 3.11738783e-07
7.98500000e+01 3.11234033e-07
7.99000000e+01 3.10730447e-07
7.99500000e+01 3.10227987e-07
8.00000000e+01 3.09726723e-07
