-2.00000000e+01 3.81680753e-08
-1.99500000e+01 3.83394540e-08
-1.99000000e+01 3.85120313e-08
-1.98500000e+01 3.86858103e-08
-1.98000000e+01 3.88608127e-08
-1.97500000e+01 3.90370417e-08
-1.97000000e+01 3.92145130e-08
-1.96500000e+01 3.93932367e-08
-1.96000000e+01 3.95732280e-08
-1.95500000e+01 3.97544990e-08
-1.95000000e+01 3.99370557e-08
-1.94500000e+01 4.01209210e-08
-1.94000000e+01 4.03060990e-08
-1.93500000e+01 4.04926070e-08
-1.93000000e+01 4.06804560e-08
-1.92500000e+01 4.08696613e-08
-1.92000000e+01 4.10602383e-08
-1.91500000e+01 4.12521917e-08
-1.91000000e+01 4.14455470e-08
-1.90500000e+01 4.16403093e-08
-1.90000000e+01 4.18364967e-08
-1.89500000e+01 4.20341217e-08
-1.89000000e+01 4.22332010e-08
-1.88500000e+01 4.24337510e-08
-1.88000000e+01 4.26357773e-08
-1.87500000e+01 4.28393073e-08
-1.87000000e+01 4.30443447e-08
-1.86500000e+01 4.32509163e-08
-1.86000000e+01 4.34590290e-08
-1.85500000e+01 4.36687030e-08
-1.85000000e+01 4.38799540e-08
-1.84500000e+01 4.40927947e-08
-1.84000000e+01 4.43072490e-08
-1.83500000e+01 4.45233230e-08
-1.83000000e+01 4.47410460e-08
-1.82500000e+01 4.49604250e-08
-1.82000000e+01 4.51814830e-08
-1.81500000e+01 4.54042343e-08
-1.81000000e+01 4.56287003e-08
-1.80500000e+01 4.58549007e-08
-1.80000000e+01 4.60828430e-08
-1.79500000e+01 4.63125603e-08
-1.79000000e+01 4.65440607e-08
-1.78500000e+01 4.67773690e-08
-1.78000000e+01 4.70125010e-08
-1.77500000e+01 4.72494803e-08
-1.77000000e+01 4.74883280e-08
-1.76500000e+01 4.77290533e-08
-1.76000000e+01 4.79716920e-08
-1.75500000e+01 4.82162537e-08
-1.75000000e+01 4.84627643e-08
-1.74500000e+01 4.87112430e-08
-1.74000000e+01 4.89617140e-08
-1.73500000e+01 4.92142017e-08
-1.73000000e+01 4.94687163e-08
-1.72500000e+01 4.97252973e-08
-1.72000000e+01 4.99839543e-08
-1.71500000e+01 5.02447173e-08
-1.71000000e+01 5.05076060e-08
-1.70500000e+01 5.07726487e-08
-1.70000000e+01 5.10398687e-08
-1.69500000e+01 5.13092853e-08
-1.69000000e+01 5.15809340e-08
-1.68500000e+01 5.18548253e-08
-1.68000000e+01 5.21310023e-08
-1.67500000e+01 5.24094773e-08
-1.67000000e+01 5.26902833e-08
-1.66500000e+01 5.29734467e-08
-1.66000000e+01 5.32589910e-08
-1.65500000e+01 5.35469527e-08
-1.65000000e+01 5.38373453e-08
-1.64500000e+01 5.41302157e-08
-1.64000000e+01 5.44255770e-08
-1.63500000e+01 5.47234673e-08
-1.63000000e+01 5.50239123e-08
-1.62500000e+01 5.53269460e-08
-1.62000000e+01 5.56326013e-08
-1.61500000e+01 5.59408957e-08
-1.61000000e+01 5.62518807e-08
-1.60500000e+01 5.65655727e-08
-1.60000000e+01 5.68820120e-08
-1.59500000e+01 5.72012290e-08
-1.59000000e+01 5.75232600e-08
-1.58500000e+01 5.78481423e-08
-1.58000000e+01 5.81758963e-08
-1.57500000e+01 5.85065773e-08
-1.57000000e+01 5.88402053e-08
-1.56500000e+01 5.91768250e-08
-1.56000000e+01 5.95164690e-08
-1.55500000e+01 5.98591797e-08
-1.55000000e+01 6.02049977e-08
-1.54500000e+01 6.05539457e-08
-1.54000000e+01 6.09060857e-08
-1.53500000e+01 6.12614363e-08
-1.53000000e+01 6.16200590e-08
-1.52500000e+01 6.19819790e-08
-1.52000000e+01 6.23472470e-08
-1.51500000e+01 6.27159050e-08
-1.51000000e+01 6.30879893e-08
-1.50500000e+01 6.34635583e-08
-1.50000000e+01 6.38426373e-08
-1.49500000e+01 6.42252950e-08
-1.49000000e+01 6.46115593e-08
-1.48500000e+01 6.50014863e-08
-1.48000000e+01 6.53951207e-08
-1.47500000e+01 6.57925150e-08
-1.47000000e+01 6.61937217e-08
-1.46500000e+01 6.65987747e-08
-1.46000000e+01 6.70077497e-08
-1.45500000e+01 6.74206793e-08
-1.45000000e+01 6.78376270e-08
-1.44500000e+01 6.82586417e-08
-1.44000000e+01 6.86837830e-08
-1.43500000e+01 6.91131117e-08
-1.43000000e+01 6.95466643e-08
-1.42500000e+01 6.99845260e-08
-1.42000000e+01 7.04267347e-08
-1.41500000e+01 7.08733613e-08
-1.41000000e+01 7.13244620e-08
-1.40500000e+01 7.17801040e-08
-1.40000000e+01 7.22403540e-08
-1.39500000e+01 7.27052563e-08
-1.39000000e+01 7.31749053e-08
-1.38500000e+01 7.36493453e-08
-1.38000000e+01 7.41286560e-08
-1.37500000e+01 7.46129007e-08
-1.37000000e+01 7.51021557e-08
-1.36500000e+01 7.55964933e-08
-1.36000000e+01 7.60959760e-08
-1.35500000e+01 7.66006987e-08
-1.35000000e+01 7.71107087e-08
-1.34500000e+01 7.76261163e-08
-1.34000000e+01 7.81469750e-08
-1.33500000e+01 7.86733780e-08
-1.33000000e+01 7.92054050e-08
-1.32500000e+01 7.97431327e-08
-1.32000000e+01 8.02866617e-08
-1.31500000e+01 8.08360543e-08
-1.31000000e+01 8.13914333e-08
-1.30500000e+01 8.19528563e-08
-1.30000000e+01 8.25204313e-08
-1.29500000e+01 8.30942470e-08
-1.29000000e+01 8.36744073e-08
-1.28500000e+01 8.42610087e-08
-1.28000000e+01 8.48541270e-08
-1.27500000e+01 8.54539033e-08
-1.27000000e+01 8.60604103e-08
-1.26500000e+01 8.66737630e-08
-1.26000000e+01 8.72940697e-08
-1.25500000e+01 8.79214417e-08
-1.25000000e+01 8.85560023e-08
-1.24500000e+01 8.91978303e-08
-1.24000000e+01 8.98470857e-08
-1.23500000e+01 9.05038570e-08
-1.23000000e+01 9.11682820e-08
-1.22500000e+01 9.18404753e-08
-1.22000000e+01 9.25205703e-08
-1.21500000e+01 9.32087060e-08
-1.21000000e+01 9.39049780e-08
-1.20500000e+01 9.46095730e-08
-1.20000000e+01 9.53225773e-08
-1.19500000e+01 9.60441823e-08
-1.19000000e+01 9.67744940e-08
-1.18500000e+01 9.75136740e-08
-1.18000000e+01 9.82618803e-08
-1.17500000e+01 9.90192427e-08
-1.17000000e+01 9.97859513e-08
-1.16500000e+01 1.00562125e-07
-1.16000000e+01 1.01347974e-07
-1.15500000e+01 1.02143630e-07
-1.15000000e+01 1.02949284e-07
-1.14500000e+01 1.03765102e-07
-1.14000000e+01 1.04591271e-07
-1.13500000e+01 1.05427982e-07
-1.13000000e+01 1.06275384e-07
-1.12500000e+01 1.07133725e-07
-1.12000000e+01 1.08003156e-07
-1.11500000e+01 1.08883902e-07
-1.11000000e+01 1.09776156e-07
-1.10500000e+01 1.10680141e-07
-1.10000000e+01 1.11596079e-07
-1.09500000e+01 1.12524147e-07
-1.09000000e+01 1.13464634e-07
-1.08500000e+01 1.14417724e-07
-1.08000000e+01 1.15383671e-07
-1.07500000e+01 1.16362717e-07
-1.07000000e+01 1.17355112e-07
-1.06500000e+01 1.18361126e-07
-1.06000000e+01 1.19380977e-07
-1.05500000e+01 1.20414987e-07
-1.05000000e+01 1.21463370e-07
-1.04500000e+01 1.22526477e-07
-1.04000000e+01 1.23604540e-07
-1.03500000e+01 1.24697887e-07
-1.03000000e+01 1.25806813e-07
-1.02500000e+01 1.26931603e-07
-1.02000000e+01 1.28072637e-07
-1.01500000e+01 1.29230160e-07
-1.01000000e+01 1.30404597e-07
-1.00500000e+01 1.31596223e-07
-1.00000000e+01 1.32805430e-07
-9.95000000e+00 1.34032580e-07
-9.90000000e+00 1.35278017e-07
-9.85000000e+00 1.36542170e-07
-9.80000000e+00 1.37825367e-07
-9.75000000e+00 1.39128103e-07
-9.70000000e+00 1.40450713e-07
-9.65000000e+00 1.41793670e-07
-9.60000000e+00 1.43157383e-07
-9.55000000e+00 1.44542333e-07
-9.50000000e+00 1.45948990e-07
-9.45000000e+00 1.47377767e-07
-9.40000000e+00 1.48829250e-07
-9.35000000e+00 1.50303863e-07
-9.30000000e+00 1.51802170e-07
-9.25000000e+00 1.53324683e-07
-9.20000000e+00 1.54871973e-07
-9.15000000e+00 1.56444620e-07
-9.10000000e+00 1.58043140e-07
-9.05000000e+00 1.59668213e-07
-9.00000000e+00 1.61320393e-07
-8.95000000e+00 1.63000380e-07
-8.90000000e+00 1.64708773e-07
-8.85000000e+00 1.66446303e-07
-8.80000000e+00 1.68213650e-07
-8.75000000e+00 1.70011507e-07
-8.70000000e+00 1.71840657e-07
-8.65000000e+00 1.73701810e-07
-8.60000000e+00 1.75595827e-07
-8.55000000e+00 1.77523463e-07
-8.50000000e+00 1.79485617e-07
-8.45000000e+00 1.81483137e-07
-8.40000000e+00 1.83516887e-07
-8.35000000e+00 1.85587843e-07
-8.30000000e+00 1.87696903e-07
-8.25000000e+00 1.89845143e-07
-8.20000000e+00 1.92033500e-07
-8.15000000e+00 1.94263110e-07
-8.10000000e+00 1.96535000e-07
-8.05000000e+00 1.98850383e-07
-8.00000000e+00 2.01210373e-07
-7.95000000e+00 2.03616153e-07
-7.90000000e+00 2.06069060e-07
-7.85000000e+00 2.08570320e-07
-7.80000000e+00 2.11121343e-07
-7.75000000e+00 2.13723477e-07
-7.70000000e+00 2.16378220e-07
-7.65000000e+00 2.19087030e-07
-7.60000000e+00 2.21851453e-07
-7.55000000e+00 2.24673143e-07
-7.50000000e+00 2.27553750e-07
-7.45000000e+00 2.30495030e-07
-7.40000000e+00 2.33498757e-07
-7.35000000e+00 2.36566837e-07
-7.30000000e+00 2.39701233e-07
-7.25000000e+00 2.42903897e-07
-7.20000000e+00 2.46176997e-07
-7.15000000e+00 2.49522693e-07
-7.10000000e+00 2.52943290e-07
-7.05000000e+00 2.56441113e-07
-7.00000000e+00 2.60018667e-07
-6.95000000e+00 2.63678537e-07
-6.90000000e+00 2.67423327e-07
-6.85000000e+00 2.71255887e-07
-6.80000000e+00 2.75179087e-07
-6.75000000e+00 2.79196027e-07
-6.70000000e+00 2.83309797e-07
-6.65000000e+00 2.87523723e-07
-6.60000000e+00 2.91841270e-07
-6.55000000e+00 2.96266063e-07
-6.50000000e+00 3.00801817e-07
-6.45000000e+00 3.05452490e-07
-6.40000000e+00 3.10222233e-07
-6.35000000e+00 3.15115320e-07
-6.30000000e+00 3.20136273e-07
-6.25000000e+00 3.25289823e-07
-6.20000000e+00 3.30580967e-07
-6.15000000e+00 3.36014833e-07
-6.10000000e+00 3.41596907e-07
-6.05000000e+00 3.47332910e-07
-6.00000000e+00 3.53228897e-07
-5.95000000e+00 3.59291090e-07
-5.90000000e+00 3.65526157e-07
-5.85000000e+00 3.71941093e-07
-5.80000000e+00 3.78543280e-07
-5.75000000e+00 3.85340370e-07
-5.70000000e+00 3.92340550e-07
-5.65000000e+00 3.99552450e-07
-5.60000000e+00 4.06985087e-07
-5.55000000e+00 4.14647997e-07
-5.50000000e+00 4.22551320e-07
-5.45000000e+00 4.30705773e-07
-5.40000000e+00 4.39122560e-07
-5.35000000e+00 4.47813663e-07
-5.30000000e+00 4.56791753e-07
-5.25000000e+00 4.66070317e-07
-5.20000000e+00 4.75663403e-07
-5.15000000e+00 4.85586200e-07
-5.10000000e+00 4.95854800e-07
-5.05000000e+00 5.06486123e-07
-5.00000000e+00 5.17498367e-07
-4.95000000e+00 5.28910840e-07
-4.90000000e+00 5.40744190e-07
-4.85000000e+00 5.53020240e-07
-4.80000000e+00 5.65762417e-07
-4.75000000e+00 5.78995790e-07
-4.70000000e+00 5.92747203e-07
-4.65000000e+00 6.07045163e-07
-4.60000000e+00 6.21920440e-07
-4.55000000e+00 6.37406050e-07
-4.50000000e+00 6.53537310e-07
-4.45000000e+00 6.70352147e-07
-4.40000000e+00 6.87891513e-07
-4.35000000e+00 7.06199593e-07
-4.30000000e+00 7.25323787e-07
-4.25000000e+00 7.45315453e-07
-4.20000000e+00 7.66230113e-07
-4.15000000e+00 7.88128023e-07
-4.10000000e+00 8.11074067e-07
-4.05000000e+00 8.35138953e-07
-4.00000000e+00 8.60399600e-07
-3.95000000e+00 8.86939823e-07
-3.90000000e+00 9.14850460e-07
-3.85000000e+00 9.44231247e-07
-3.80000000e+00 9.75191230e-07
-3.75000000e+00 1.00784923e-06
-3.70000000e+00 1.04233614e-06
-3.65000000e+00 1.07879566e-06
-3.60000000e+00 1.11738625e-06
-3.55000000e+00 1.15828191e-06
-3.50000000e+00 1.20167559e-06
-3.45000000e+00 1.24778065e-06
-3.40000000e+00 1.29683406e-06
-3.35000000e+00 1.34909803e-06
-3.30000000e+00 1.40486578e-06
-3.25000000e+00 1.46446411e-06
-3.20000000e+00 1.52825892e-06
-3.15000000e+00 1.59665930e-06
-3.10000000e+00 1.67012583e-06
-3.05000000e+00 1.74917730e-06
-3.00000000e+00 1.83439767e-06
-2.95000000e+00 1.92644873e-06
-2.90000000e+00 2.02608057e-06
-2.85000000e+00 2.13414603e-06
-2.80000000e+00 2.25161437e-06
-2.75000000e+00 2.37959327e-06
-2.70000000e+00 2.51934867e-06
-2.65000000e+00 2.67233067e-06
-2.60000000e+00 2.84019853e-06
-2.55000000e+00 3.02485927e-06
-2.50000000e+00 3.22850000e-06
-2.45000000e+00 3.45362930e-06
-2.40000000e+00 3.70311357e-06
-2.35000000e+00 3.98022290e-06
-2.30000000e+00 4.28866220e-06
-2.25000000e+00 4.63257947e-06
-2.20000000e+00 5.01656423e-06
-2.15000000e+00 5.44556807e-06
-2.10000000e+00 5.92475287e-06
-2.05000000e+00 6.45918913e-06
-2.00000000e+00 7.05335470e-06
-1.95000000e+00 7.71034360e-06
-1.90000000e+00 8.43073463e-06
-1.85000000e+00 9.21105423e-06
-1.80000000e+00 1.00420298e-05
-1.75000000e+00 1.09068633e-05
-1.70000000e+00 1.17803068e-05
-1.65000000e+00 1.26294090e-05
-1.60000000e+00 1.34167864e-05
-1.55000000e+00 1.41064676e-05
-1.50000000e+00 1.46707759e-05
-1.45000000e+00 1.50956381e-05
-1.40000000e+00 1.53816688e-05
-1.35000000e+00 1.55405923e-05
-1.30000000e+00 1.55890951e-05
-1.25000000e+00 1.55434053e-05
-1.20000000e+00 1.54168263e-05
-1.15000000e+00 1.52202030e-05
-1.10000000e+00 1.49637787e-05
-1.05000000e+00 1.46587243e-05
-1.00000000e+00 1.43176593e-05
-9.50000000e-01 1.39542973e-05
-9.00000000e-01 1.35826170e-05
-8.50000000e-01 1.32157640e-05
-8.00000000e-01 1.28648060e-05
-7.50000000e-01 1.25375007e-05
-7.00000000e-01 1.22372449e-05
-6.50000000e-01 1.19625951e-05
-6.00000000e-01 1.17076038e-05
-5.50000000e-01 1.14631798e-05
-5.00000000e-01 1.12192701e-05
-4.50000000e-01 1.09673081e-05
-4.00000000e-01 1.07021730e-05
-3.50000000e-01 1.04229432e-05
-3.00000000e-01 1.01323137e-05
-2.50000000e-01 9.83497980e-06
-2.00000000e-01 9.53576483e-06
-1.50000000e-01 9.23823663e-06
-1.00000000e-01 8.94426963e-06
-5.00000000e-02 8.65450580e-06
0.00000000e+00 8.36932763e-06
5.00000000e-02 8.08979530e-06
1.00000000e-01 7.81823607e-06
1.50000000e-01 7.55826837e-06
2.00000000e-01 7.31439167e-06
2.50000000e-01 7.09138183e-06
3.00000000e-01 6.89375037e-06
3.50000000e-01 6.72542280e-06
4.00000000e-01 6.58959743e-06
4.50000000e-01 6.48864843e-06
5.00000000e-01 6.42394753e-06
5.50000000e-01 6.39560940e-06
6.00000000e-01 6.40226573e-06
6.50000000e-01 6.44099573e-06
7.00000000e-01 6.50749643e-06
7.50000000e-01 6.59652280e-06
8.00000000e-01 6.70248180e-06
8.50000000e-01 6.82005060e-06
9.00000000e-01 6.94463480e-06
9.50000000e-01 7.07259217e-06
1.00000000e+00 7.20117900e-06
1.05000000e+00 7.32827650e-06
1.10000000e+00 7.45203680e-06
1.15000000e+00 7.57060577e-06
1.20000000e+00 7.68202610e-06
1.25000000e+00 7.78426313e-06
1.30000000e+00 7.87528533e-06
1.35000000e+00 7.95318920e-06
1.40000000e+00 8.01644747e-06
1.45000000e+00 8.06426690e-06
1.50000000e+00 8.09689787e-06
1.55000000e+00 8.11571463e-06
1.60000000e+00 8.12303723e-06
1.65000000e+00 8.12180200e-06
1.70000000e+00 8.11518940e-06
1.75000000e+00 8.10622970e-06
1.80000000e+00 8.09739917e-06
1.85000000e+00 8.09029647e-06
1.90000000e+00 8.08549573e-06
1.95000000e+00 8.08258997e-06
2.00000000e+00 8.08035227e-06
2.05000000e+00 8.07698283e-06
2.10000000e+00 8.07047747e-06
2.15000000e+00 8.05915307e-06
2.20000000e+00 8.04221690e-06
2.25000000e+00 8.02018453e-06
2.30000000e+00 7.99493160e-06
2.35000000e+00 7.96933137e-06
2.40000000e+00 7.94656637e-06
2.45000000e+00 7.92929540e-06
2.50000000e+00 7.91890890e-06
2.55000000e+00 7.91510060e-06
2.60000000e+00 7.91594040e-06
2.65000000e+00 7.91844263e-06
2.70000000e+00 7.91940707e-06
2.75000000e+00 7.91616920e-06
2.80000000e+00 7.90700353e-06
2.85000000e+00 7.89111950e-06
2.90000000e+00 7.86842860e-06
2.95000000e+00 7.83925837e-06
3.00000000e+00 7.80413630e-06
3.05000000e+00 7.76364433e-06
3.10000000e+00 7.71835790e-06
3.15000000e+00 7.66890337e-06
3.20000000e+00 7.61615527e-06
3.25000000e+00 7.56148290e-06
3.30000000e+00 7.50687793e-06
3.35000000e+00 7.45480200e-06
3.40000000e+00 7.40773640e-06
3.45000000e+00 7.36758867e-06
3.50000000e+00 7.33519137e-06
3.55000000e+00 7.31008700e-06
3.60000000e+00 7.29063857e-06
3.65000000e+00 7.27439433e-06
3.70000000e+00 7.25857533e-06
3.75000000e+00 7.24056957e-06
3.80000000e+00 7.21836050e-06
3.85000000e+00 7.19086850e-06
3.90000000e+00 7.15817313e-06
3.95000000e+00 7.12156267e-06
4.00000000e+00 7.08332230e-06
4.05000000e+00 7.04623580e-06
4.10000000e+00 7.01287620e-06
4.15000000e+00 6.98491143e-06
4.20000000e+00 6.96268993e-06
4.25000000e+00 6.94529317e-06
4.30000000e+00 6.93102740e-06
4.35000000e+00 6.91812360e-06
4.40000000e+00 6.90533710e-06
4.45000000e+00 6.89222593e-06
4.50000000e+00 6.87910330e-06
4.55000000e+00 6.86679773e-06
4.60000000e+00 6.85639623e-06
4.65000000e+00 6.84903957e-06
4.70000000e+00 6.84574017e-06
4.75000000e+00 6.84717450e-06
4.80000000e+00 6.85342903e-06
4.85000000e+00 6.86376780e-06
4.90000000e+00 6.87650563e-06
4.95000000e+00 6.88907310e-06
5.00000000e+00 6.89830603e-06
5.05000000e+00 6.90092740e-06
5.10000000e+00 6.89414153e-06
5.15000000e+00 6.87618793e-06
5.20000000e+00 6.84671373e-06
5.25000000e+00 6.80684337e-06
5.30000000e+00 6.75894037e-06
5.35000000e+00 6.70612717e-06
5.40000000e+00 6.65171210e-06
5.45000000e+00 6.59864867e-06
5.50000000e+00 6.54914417e-06
5.55000000e+00 6.50446293e-06
5.60000000e+00 6.46494877e-06
5.65000000e+00 6.43022963e-06
5.70000000e+00 6.39952957e-06
5.75000000e+00 6.37199230e-06
5.80000000e+00 6.34692597e-06
5.85000000e+00 6.32392500e-06
5.90000000e+00 6.30287220e-06
5.95000000e+00 6.28386297e-06
6.00000000e+00 6.26709583e-06
6.05000000e+00 6.25276793e-06
6.10000000e+00 6.24097997e-06
6.15000000e+00 6.23165470e-06
6.20000000e+00 6.22447187e-06
6.25000000e+00 6.21884543e-06
6.30000000e+00 6.21397990e-06
6.35000000e+00 6.20901867e-06
6.40000000e+00 6.20325770e-06
6.45000000e+00 6.19635740e-06
6.50000000e+00 6.18848473e-06
6.55000000e+00 6.18035563e-06
6.60000000e+00 6.17318280e-06
6.65000000e+00 6.16855470e-06
6.70000000e+00 6.16824877e-06
6.75000000e+00 6.17397687e-06
6.80000000e+00 6.18707310e-06
6.85000000e+00 6.20818197e-06
6.90000000e+00 6.23704450e-06
6.95000000e+00 6.27247537e-06
7.00000000e+00 6.31256583e-06
7.05000000e+00 6.35505427e-06
7.10000000e+00 6.39773263e-06
7.15000000e+00 6.43874627e-06
7.20000000e+00 6.47671067e-06
7.25000000e+00 6.51065993e-06
7.30000000e+00 6.53991207e-06
7.35000000e+00 6.56393643e-06
7.40000000e+00 6.58227153e-06
7.45000000e+00 6.59449293e-06
7.50000000e+00 6.60021027e-06
7.55000000e+00 6.59907723e-06
7.60000000e+00 6.59081653e-06
7.65000000e+00 6.57527233e-06
7.70000000e+00 6.55249267e-06
7.75000000e+00 6.52282260e-06
7.80000000e+00 6.48697093e-06
7.85000000e+00 6.44601920e-06
7.90000000e+00 6.40136657e-06
7.95000000e+00 6.35463717e-06
8.00000000e+00 6.30758053e-06
8.05000000e+00 6.26198247e-06
8.10000000e+00 6.21956770e-06
8.15000000e+00 6.18186983e-06
8.20000000e+00 6.15006213e-06
8.25000000e+00 6.12478980e-06
8.30000000e+00 6.10606943e-06
8.35000000e+00 6.09331893e-06
8.40000000e+00 6.08553370e-06
8.45000000e+00 6.08156480e-06
8.50000000e+00 6.08041313e-06
8.55000000e+00 6.08144383e-06
8.60000000e+00 6.08445197e-06
8.65000000e+00 6.08956087e-06
8.70000000e+00 6.09698297e-06
8.75000000e+00 6.10672493e-06
8.80000000e+00 6.11832937e-06
8.85000000e+00 6.13074490e-06
8.90000000e+00 6.14237590e-06
8.95000000e+00 6.15131587e-06
9.00000000e+00 6.15571190e-06
9.05000000e+00 6.15417490e-06
9.10000000e+00 6.14612170e-06
9.15000000e+00 6.13195457e-06
9.20000000e+00 6.11301590e-06
9.25000000e+00 6.09132587e-06
9.30000000e+00 6.06918517e-06
9.35000000e+00 6.04875953e-06
9.40000000e+00 6.03176873e-06
9.45000000e+00 6.01934383e-06
9.50000000e+00 6.01205917e-06
9.55000000e+00 6.01007430e-06
9.60000000e+00 6.01329833e-06
9.65000000e+00 6.02148607e-06
9.70000000e+00 6.03424230e-06
9.75000000e+00 6.05094787e-06
9.80000000e+00 6.07068717e-06
9.85000000e+00 6.09225233e-06
9.90000000e+00 6.11427577e-06
9.95000000e+00 6.13546680e-06
1.00000000e+01 6.15485517e-06
1.00500000e+01 6.17192523e-06
1.01000000e+01 6.18655933e-06
1.01500000e+01 6.19882310e-06
1.02000000e+01 6.20869517e-06
1.02500000e+01 6.21590210e-06
1.03000000e+01 6.21992963e-06
1.03500000e+01 6.22021153e-06
1.04000000e+01 6.21639773e-06
1.04500000e+01 6.20858350e-06
1.05000000e+01 6.19740517e-06
1.05500000e+01 6.18396767e-06
1.06000000e+01 6.16963450e-06
1.06500000e+01 6.15575857e-06
1.07000000e+01 6.14343933e-06
1.07500000e+01 6.13336600e-06
1.08000000e+01 6.12577103e-06
1.08500000e+01 6.12047073e-06
1.09000000e+01 6.11696250e-06
1.09500000e+01 6.11454380e-06
1.10000000e+01 6.11242880e-06
1.10500000e+01 6.10984463e-06
1.11000000e+01 6.10609523e-06
1.11500000e+01 6.10059287e-06
1.12000000e+01 6.09286280e-06
1.12500000e+01 6.08254000e-06
1.13000000e+01 6.06936077e-06
1.13500000e+01 6.05315593e-06
1.14000000e+01 6.03383940e-06
1.14500000e+01 6.01138897e-06
1.15000000e+01 5.98581290e-06
1.15500000e+01 5.95707397e-06
1.16000000e+01 5.92499810e-06
1.16500000e+01 5.88919073e-06
1.17000000e+01 5.84903543e-06
1.17500000e+01 5.80381890e-06
1.18000000e+01 5.75297100e-06
1.18500000e+01 5.69634320e-06
1.19000000e+01 5.63438830e-06
1.19500000e+01 5.56815177e-06
1.20000000e+01 5.49907507e-06
1.20500000e+01 5.42871433e-06
1.21000000e+01 5.35850800e-06
1.21500000e+01 5.28968550e-06
1.22000000e+01 5.22331790e-06
1.22500000e+01 5.16043787e-06
1.23000000e+01 5.10214117e-06
1.23500000e+01 5.04961560e-06
1.24000000e+01 5.00407783e-06
1.24500000e+01 4.96663493e-06
1.25000000e+01 4.93809897e-06
1.25500000e+01 4.91879667e-06
1.26000000e+01 4.90842760e-06
1.26500000e+01 4.90601837e-06
1.27000000e+01 4.91000387e-06
1.27500000e+01 4.91841680e-06
1.28000000e+01 4.92914630e-06
1.28500000e+01 4.94018670e-06
1.29000000e+01 4.94982927e-06
1.29500000e+01 4.95678613e-06
1.30000000e+01 4.96026683e-06
1.30500000e+01 4.96001860e-06
1.31000000e+01 4.95630840e-06
1.31500000e+01 4.94981693e-06
1.32000000e+01 4.94142207e-06
1.32500000e+01 4.93192357e-06
1.33000000e+01 4.92181070e-06
1.33500000e+01 4.91117213e-06
1.34000000e+01 4.89977063e-06
1.34500000e+01 4.88722493e-06
1.35000000e+01 4.87320243e-06
1.35500000e+01 4.85753093e-06
1.36000000e+01 4.84018727e-06
1.36500000e+01 4.82116557e-06
1.37000000e+01 4.80030903e-06
1.37500000e+01 4.77719020e-06
1.38000000e+01 4.75113803e-06
1.38500000e+01 4.72141620e-06
1.39000000e+01 4.68747757e-06
1.39500000e+01 4.64915873e-06
1.40000000e+01 4.60672513e-06
1.40500000e+01 4.56077423e-06
1.41000000e+01 4.51205730e-06
1.41500000e+01 4.46130770e-06
1.42000000e+01 4.40911423e-06
1.42500000e+01 4.35587173e-06
1.43000000e+01 4.30179280e-06
1.43500000e+01 4.24698863e-06
1.44000000e+01 4.19159657e-06
1.44500000e+01 4.13591433e-06
1.45000000e+01 4.08047193e-06
1.45500000e+01 4.02598557e-06
1.46000000e+01 3.97319103e-06
1.46500000e+01 3.92261660e-06
1.47000000e+01 3.87436903e-06
1.47500000e+01 3.82801300e-06
1.48000000e+01 3.78259577e-06
1.48500000e+01 3.73681050e-06
1.49000000e+01 3.68927053e-06
1.49500000e+01 3.63880490e-06
1.50000000e+01 3.58470273e-06
1.50500000e+01 3.52681643e-06
1.51000000e+01 3.46550000e-06
1.51500000e+01 3.40142100e-06
1.52000000e+01 3.33533410e-06
1.52500000e+01 3.26790570e-06
1.53000000e+01 3.19961320e-06
1.53500000e+01 3.13071573e-06
1.54000000e+01 3.06126540e-06
1.54500000e+01 2.99114357e-06
1.55000000e+01 2.92012970e-06
1.55500000e+01 2.84800360e-06
1.56000000e+01 2.77464933e-06
1.56500000e+01 2.70012613e-06
1.57000000e+01 2.62464683e-06
1.57500000e+01 2.54850340e-06
1.58000000e+01 2.47196203e-06
1.58500000e+01 2.39519283e-06
1.59000000e+01 2.31825477e-06
1.59500000e+01 2.24112343e-06
1.60000000e+01 2.16373010e-06
1.60500000e+01 2.08597183e-06
1.61000000e+01 2.00771157e-06
1.61500000e+01 1.92877310e-06
1.62000000e+01 1.84896587e-06
1.62500000e+01 1.76814483e-06
1.63000000e+01 1.68629800e-06
1.63500000e+01 1.60363897e-06
1.64000000e+01 1.52065827e-06
1.64500000e+01 1.43811500e-06
1.65000000e+01 1.35695877e-06
1.65500000e+01 1.27820137e-06
1.66000000e+01 1.20277820e-06
1.66500000e+01 1.13143817e-06
1.67000000e+01 1.06468443e-06
1.67500000e+01 1.00276799e-06
1.68000000e+01 9.45717737e-07
1.68500000e+01 8.93391467e-07
1.69000000e+01 8.45531857e-07
1.69500000e+01 8.01814787e-07
1.70000000e+01 7.61886880e-07
1.70500000e+01 7.25391770e-07
1.71000000e+01 6.91987753e-07
1.71500000e+01 6.61356280e-07
1.72000000e+01 6.33206760e-07
1.72500000e+01 6.07277813e-07
1.73000000e+01 5.83336553e-07
1.73500000e+01 5.61176503e-07
1.74000000e+01 5.40615240e-07
1.74500000e+01 5.21491850e-07
1.75000000e+01 5.03664807e-07
1.75500000e+01 4.87009057e-07
1.76000000e+01 4.71414197e-07
1.76500000e+01 4.56782617e-07
1.77000000e+01 4.43027943e-07
1.77500000e+01 4.30073427e-07
1.78000000e+01 4.17850710e-07
1.78500000e+01 4.06299043e-07
1.79000000e+01 3.95364013e-07
1.79500000e+01 3.84996800e-07
1.80000000e+01 3.75153577e-07
1.80500000e+01 3.65794940e-07
1.81000000e+01 3.56885280e-07
1.81500000e+01 3.48392417e-07
1.82000000e+01 3.40287020e-07
1.82500000e+01 3.32542797e-07
1.83000000e+01 3.25135540e-07
1.83500000e+01 3.18043167e-07
1.84000000e+01 3.11245603e-07
1.84500000e+01 3.04724350e-07
1.85000000e+01 2.98462557e-07
1.85500000e+01 2.92444577e-07
1.86000000e+01 2.86656183e-07
1.86500000e+01 2.81084200e-07
1.87000000e+01 2.75716363e-07
1.87500000e+01 2.70541427e-07
1.88000000e+01 2.65548893e-07
1.88500000e+01 2.60729107e-07
1.89000000e+01 2.56072997e-07
1.89500000e+01 2.51572157e-07
1.90000000e+01 2.47218893e-07
1.90500000e+01 2.43005813e-07
1.91000000e+01 2.38926150e-07
1.91500000e+01 2.34973487e-07
1.92000000e+01 2.31141907e-07
1.92500000e+01 2.27425757e-07
1.93000000e+01 2.23819847e-07
1.93500000e+01 2.20319230e-07
1.94000000e+01 2.16919307e-07
1.94500000e+01 2.13615663e-07
1.95000000e+01 2.10404207e-07
1.95500000e+01 2.07281127e-07
1.96000000e+01 2.04242660e-07
1.96500000e+01 2.01285463e-07
1.97000000e+01 1.98406150e-07
1.97500000e+01 1.95601757e-07
1.98000000e+01 1.92869277e-07
1.98500000e+01 1.90205973e-07
1.99000000e+01 1.87609217e-07
1.99500000e+01 1.85076477e-07
2.00000000e+01 1.82605457e-07
2.00500000e+01 1.80193807e-07
2.01000000e+01 1.77839473e-07
2.01500000e+01 1.75540370e-07
2.02000000e+01 1.73294580e-07
2.02500000e+01 1.71100230e-07
2.03000000e+01 1.68955557e-07
2.03500000e+01 1.66858930e-07
2.04000000e+01 1.64808647e-07
2.04500000e+01 1.62803270e-07
2.05000000e+01 1.60841273e-07
2.05500000e+01 1.58921293e-07
2.06000000e+01 1.57041950e-07
2.06500000e+01 1.55201967e-07
2.07000000e+01 1.53400170e-07
2.07500000e+01 1.51635283e-07
2.08000000e+01 1.49906267e-07
2.08500000e+01 1.48211987e-07
2.09000000e+01 1.46551433e-07
2.09500000e+01 1.44923583e-07
2.10000000e+01 1.43327470e-07
2.10500000e+01 1.41762237e-07
2.11000000e+01 1.40226917e-07
2.11500000e+01 1.38720723e-07
2.12000000e+01 1.37242793e-07
2.12500000e+01 1.35792377e-07
2.13000000e+01 1.34368680e-07
2.13500000e+01 1.32970983e-07
2.14000000e+01 1.31598610e-07
2.14500000e+01 1.30250833e-07
2.15000000e+01 1.28927063e-07
2.15500000e+01 1.27626597e-07
2.16000000e+01 1.26348887e-07
2.16500000e+01 1.25093310e-07
2.17000000e+01 1.23859307e-07
2.17500000e+01 1.22646350e-07
2.18000000e+01 1.21453873e-07
2.18500000e+01 1.20281420e-07
2.19000000e+01 1.19128423e-07
2.19500000e+01 1.17994477e-07
2.20000000e+01 1.16879067e-07
2.20500000e+01 1.15781787e-07
2.21000000e+01 1.14702163e-07
2.21500000e+01 1.13639793e-07
2.22000000e+01 1.12594300e-07
2.22500000e+01 1.11565243e-07
2.23000000e+01 1.10552283e-07
2.23500000e+01 1.09555023e-07
2.24000000e+01 1.08573123e-07
2.24500000e+01 1.07606223e-07
2.25000000e+01 1.06653980e-07
2.25500000e+01 1.05716107e-07
2.26000000e+01 1.04792233e-07
2.26500000e+01 1.03882100e-07
2.27000000e+01 1.02985380e-07
2.27500000e+01 1.02101797e-07
2.28000000e+01 1.01231054e-07
2.28500000e+01 1.00372882e-07
2.29000000e+01 9.95270453e-08
2.29500000e+01 9.86932407e-08
2.30000000e+01 9.78712613e-08
2.30500000e+01 9.70608180e-08
2.31000000e+01 9.62617113e-08
2.31500000e+01 9.54736870e-08
2.32000000e+01 9.46965280e-08
2.32500000e+01 9.39300283e-08
2.33000000e+01 9.31739487e-08
2.33500000e+01 9.24281197e-08
2.34000000e+01 9.16922970e-08
2.34500000e+01 9.09663200e-08
2.35000000e+01 9.02499753e-08
2.35500000e+01 8.95430927e-08
2.36000000e+01 8.88454740e-08
2.36500000e+01 8.81569473e-08
2.37000000e+01 8.74773637e-08
2.37500000e+01 8.68065173e-08
2.38000000e+01 8.61442767e-08
2.38500000e+01 8.54904607e-08
2.39000000e+01 8.48449297e-08
2.39500000e+01 8.42075167e-08
2.40000000e+01 8.35780743e-08
2.40500000e+01 8.29564833e-08
2.41000000e+01 8.23425667e-08
2.41500000e+01 8.17362153e-08
2.42000000e+01 8.11372770e-08
2.42500000e+01 8.05456333e-08
2.43000000e+01 7.99611423e-08
2.43500000e+01 7.93836803e-08
2.44000000e+01 7.88131480e-08
2.44500000e+01 7.82493927e-08
2.45000000e+01 7.76923293e-08
2.45500000e+01 7.71418120e-08
2.46000000e+01 7.65977563e-08
2.46500000e+01 7.60600360e-08
2.47000000e+01 7.55285497e-08
2.47500000e+01 7.50032013e-08
2.48000000e+01 7.44838717e-08
2.48500000e+01 7.39704860e-08
2.49000000e+01 7.34629177e-08
2.49500000e+01 7.29610963e-08
2.50000000e+01 7.24649127e-08
2.50500000e+01 7.19742807e-08
2.51000000e+01 7.14891167e-08
2.51500000e+01 7.10093187e-08
2.52000000e+01 7.05348247e-08
2.52500000e+01 7.00655230e-08
2.53000000e+01 6.96013547e-08
2.53500000e+01 6.91422250e-08
2.54000000e+01 6.86880660e-08
2.54500000e+01 6.82387897e-08
2.55000000e+01 6.77943217e-08
2.55500000e+01 6.73546057e-08
2.56000000e+01 6.69195440e-08
2.56500000e+01 6.64890860e-08
2.57000000e+01 6.60631497e-08
2.57500000e+01 6.56416757e-08
2.58000000e+01 6.52245883e-08
2.58500000e+01 6.48118223e-08
2.59000000e+01 6.44033307e-08
2.59500000e+01 6.39990253e-08
2.60000000e+01 6.35988650e-08
2.60500000e+01 6.32027770e-08
2.61000000e+01 6.28107103e-08
2.61500000e+01 6.24225987e-08
2.62000000e+01 6.20383880e-08
2.62500000e+01 6.16580280e-08
2.63000000e+01 6.12814517e-08
2.63500000e+01 6.09086233e-08
2.64000000e+01 6.05394683e-08
2.64500000e+01 6.01739530e-08
2.65000000e+01 5.98120150e-08
2.65500000e+01 5.94536077e-08
2.66000000e+01 5.90986877e-08
2.66500000e+01 5.87471947e-08
2.67000000e+01 5.83990987e-08
2.67500000e+01 5.80543327e-08
2.68000000e+01 5.77128687e-08
2.68500000e+01 5.73746510e-08
2.69000000e+01 5.70396427e-08
2.69500000e+01 5.67077937e-08
2.70000000e+01 5.63790620e-08
2.70500000e+01 5.60534190e-08
2.71000000e+01 5.57308040e-08
2.71500000e+01 5.54111930e-08
2.72000000e+01 5.50945370e-08
2.72500000e+01 5.47808037e-08
2.73000000e+01 5.44699470e-08
2.73500000e+01 5.41619313e-08
2.74000000e+01 5.38567313e-08
2.74500000e+01 5.35542930e-08
2.75000000e+01 5.32545950e-08
2.75500000e+01 5.29575937e-08
2.76000000e+01 5.26632603e-08
2.76500000e+01 5.23715553e-08
2.77000000e+01 5.20824453e-08
2.77500000e+01 5.17959097e-08
2.78000000e+01 5.15118983e-08
2.78500000e+01 5.12303967e-08
2.79000000e+01 5.09513573e-08
2.79500000e+01 5.06747627e-08
2.80000000e+01 5.04005743e-08
2.80500000e+01 5.01287657e-08
2.81000000e+01 4.98593107e-08
2.81500000e+01 4.95921723e-08
2.82000000e+01 4.93273353e-08
2.82500000e+01 4.90647563e-08
2.83000000e+01 4.88044207e-08
2.83500000e+01 4.85462937e-08
2.84000000e+01 4.82903517e-08
2.84500000e+01 4.80365713e-08
2.85000000e+01 4.77849190e-08
2.85500000e+01 4.75353823e-08
2.86000000e+01 4.72879210e-08
2.86500000e+01 4.70425233e-08
2.87000000e+01 4.67991573e-08
2.87500000e+01 4.65578043e-08
2.88000000e+01 4.63184360e-08
2.88500000e+01 4.60810293e-08
2.89000000e+01 4.58455717e-08
2.89500000e+01 4.56120260e-08
2.90000000e+01 4.53803817e-08
2.90500000e+01 4.51506110e-08
2.91000000e+01 4.49226967e-08
2.91500000e+01 4.46966127e-08
2.92000000e+01 4.44723383e-08
2.92500000e+01 4.42498637e-08
2.93000000e+01 4.40291533e-08
2.93500000e+01 4.38101997e-08
2.94000000e+01 4.35929760e-08
2.94500000e+01 4.33774677e-08
2.95000000e+01 4.31636517e-08
2.95500000e+01 4.29515103e-08
2.96000000e+01 4.27410287e-08
2.96500000e+01 4.25321817e-08
2.97000000e+01 4.23249620e-08
2.97500000e+01 4.21193390e-08
2.98000000e+01 4.19153067e-08
2.98500000e+01 4.17128407e-08
2.99000000e+01 4.15119263e-08
2.99500000e+01 4.13125493e-08
3.00000000e+01 4.11146870e-08
3.00500000e+01 4.09183337e-08
3.01000000e+01 4.07234607e-08
3.01500000e+01 4.05300620e-08
3.02000000e+01 4.03381170e-08
3.02500000e+01 4.01476137e-08
3.03000000e+01 3.99585330e-08
3.03500000e+01 3.97708607e-08
3.04000000e+01 3.95845887e-08
3.04500000e+01 3.93996917e-08
3.05000000e+01 3.92161653e-08
3.05500000e+01 3.90339890e-08
3.06000000e+01 3.88531527e-08
3.06500000e+01 3.86736393e-08
3.07000000e+01 3.84954347e-08
3.07500000e+01 3.83185333e-08
3.08000000e+01 3.81429107e-08
3.08500000e+01 3.79685633e-08
3.09000000e+01 3.77954727e-08
3.09500000e+01 3.76236297e-08
3.10000000e+01 3.74530183e-08
3.10500000e+01 3.72836253e-08
3.11000000e+01 3.71154467e-08
3.11500000e+01 3.69484600e-08
3.12000000e+01 3.67826630e-08
3.12500000e+01 3.66180337e-08
3.13000000e+01 3.64545700e-08
3.13500000e+01 3.62922543e-08
3.14000000e+01 3.61310770e-08
3.14500000e+01 3.59710293e-08
3.15000000e+01 3.58120950e-08
3.15500000e+01 3.56542717e-08
3.16000000e+01 3.54975383e-08
3.16500000e+01 3.53418930e-08
3.17000000e+01 3.51873197e-08
3.17500000e+01 3.50338103e-08
3.18000000e+01 3.48813540e-08
3.18500000e+01 3.47299430e-08
3.19000000e+01 3.45795657e-08
3.19500000e+01 3.44302090e-08
3.20000000e+01 3.42818693e-08
3.20500000e+01 3.41345310e-08
3.21000000e+01 3.39881940e-08
3.21500000e+01 3.38428360e-08
3.22000000e+01 3.36984547e-08
3.22500000e+01 3.35550433e-08
3.23000000e+01 3.34125910e-08
3.23500000e+01 3.32710873e-08
3.24000000e+01 3.31305213e-08
3.24500000e+01 3.29908903e-08
3.25000000e+01 3.28521797e-08
3.25500000e+01 3.27143867e-08
3.26000000e+01 3.25775000e-08
3.26500000e+01 3.24415083e-08
3.27000000e+01 3.23064103e-08
3.27500000e+01 3.21721907e-08
3.28000000e+01 3.20388507e-08
3.28500000e+01 3.19063717e-08
3.29000000e+01 3.17747510e-08
3.29500000e+01 3.16439803e-08
3.30000000e+01 3.15140590e-08
3.30500000e+01 3.13849660e-08
3.31000000e+01 3.12567017e-08
3.31500000e+01 3.11292573e-08
3.32000000e+01 3.10026310e-08
3.32500000e+01 3.08768083e-08
3.33000000e+01 3.07517823e-08
3.33500000e+01 3.06275480e-08
3.34000000e+01 3.05040990e-08
3.34500000e+01 3.03814323e-08
3.35000000e+01 3.02595350e-08
3.35500000e+01 3.01383993e-08
3.36000000e+01 3.00180223e-08
3.36500000e+01 2.98983960e-08
3.37000000e+01 2.97795213e-08
3.37500000e+01 2.96613783e-08
3.38000000e+01 2.95439677e-08
3.38500000e+01 2.94272827e-08
3.39000000e+01 2.93113217e-08
3.39500000e+01 2.91960720e-08
3.40000000e+01 2.90815273e-08
3.40500000e+01 2.89676837e-08
3.41000000e+01 2.88545357e-08
3.41500000e+01 2.87420847e-08
3.42000000e+01 2.86303100e-08
3.42500000e+01 2.85192130e-08
3.43000000e+01 2.84087890e-08
3.43500000e+01 2.82990357e-08
3.44000000e+01 2.81899410e-08
3.44500000e+01 2.80815003e-08
3.45000000e+01 2.79737097e-08
3.45500000e+01 2.78665637e-08
3.46000000e+01 2.77600613e-08
3.46500000e+01 2.76541910e-08
3.47000000e+01 2.75489480e-08
3.47500000e+01 2.74443283e-08
3.48000000e+01 2.73403273e-08
3.48500000e+01 2.72369467e-08
3.49000000e+01 2.71341677e-08
3.49500000e+01 2.70319930e-08
3.50000000e+01 2.69304170e-08
3.50500000e+01 2.68294387e-08
3.51000000e+01 2.67290477e-08
3.51500000e+01 2.66292390e-08
3.52000000e+01 2.65300103e-08
3.52500000e+01 2.64313567e-08
3.53000000e+01 2.63332773e-08
3.53500000e+01 2.62357620e-08
3.54000000e+01 2.61388060e-08
3.54500000e+01 2.60424073e-08
3.55000000e+01 2.59465627e-08
3.55500000e+01 2.58512690e-08
3.56000000e+01 2.57565140e-08
3.56500000e+01 2.56623000e-08
3.57000000e+01 2.55686203e-08
3.57500000e+01 2.54754763e-08
3.58000000e+01 2.53828573e-08
3.58500000e+01 2.52907590e-08
3.59000000e+01 2.51991793e-08
3.59500000e+01 2.51081150e-08
3.60000000e+01 2.50175673e-08
3.60500000e+01 2.49275203e-08
3.61000000e+01 2.48379763e-08
3.61500000e+01 2.47489320e-08
3.62000000e+01 2.46603860e-08
3.62500000e+01 2.45723300e-08
3.63000000e+01 2.44847600e-08
3.63500000e+01 2.43976740e-08
3.64000000e+01 2.43110680e-08
3.64500000e+01 2.42249427e-08
3.65000000e+01 2.41392887e-08
3.65500000e+01 2.40541023e-08
3.66000000e+01 2.39693820e-08
3.66500000e+01 2.38851237e-08
3.67000000e+01 2.38013300e-08
3.67500000e+01 2.37179867e-08
3.68000000e+01 2.36350957e-08
3.68500000e+01 2.35526527e-08
3.69000000e+01 2.34706593e-08
3.69500000e+01 2.33891060e-08
3.70000000e+01 2.33079897e-08
3.70500000e+01 2.32273093e-08
3.71000000e+01 2.31470613e-08
3.71500000e+01 2.30672477e-08
3.72000000e+01 2.29878550e-08
3.72500000e+01 2.29088850e-08
3.73000000e+01 2.28303350e-08
3.73500000e+01 2.27522033e-08
3.74000000e+01 2.26744870e-08
3.74500000e+01 2.25971787e-08
3.75000000e+01 2.25202773e-08
3.75500000e+01 2.24437813e-08
3.76000000e+01 2.23676900e-08
3.76500000e+01 2.22919967e-08
3.77000000e+01 2.22166973e-08
3.77500000e+01 2.21417910e-08
3.78000000e+01 2.20672760e-08
3.78500000e+01 2.19931527e-08
3.79000000e+01 2.19194093e-08
3.79500000e+01 2.18460487e-08
3.80000000e+01 2.17730673e-08
3.80500000e+01 2.17004657e-08
3.81000000e+01 2.16282363e-08
3.81500000e+01 2.15563770e-08
3.82000000e+01 2.14848867e-08
3.82500000e+01 2.14137623e-08
3.83000000e+01 2.13430050e-08
3.83500000e+01 2.12726070e-08
3.84000000e+01 2.12025660e-08
3.84500000e+01 2.11328813e-08
3.85000000e+01 2.10635500e-08
3.85500000e+01 2.09945743e-08
3.86000000e+01 2.09259430e-08
3.86500000e+01 2.08576573e-08
3.87000000e+01 2.07897160e-08
3.87500000e+01 2.07221190e-08
3.88000000e+01 2.06548600e-08
3.88500000e+01 2.05879360e-08
3.89000000e+01 2.05213467e-08
3.89500000e+01 2.04550897e-08
3.90000000e+01 2.03891663e-08
3.90500000e+01 2.03235670e-08
3.91000000e+01 2.02582930e-08
3.91500000e+01 2.01933423e-08
3.92000000e+01 2.01287143e-08
3.92500000e+01 2.00644057e-08
3.93000000e+01 2.00004117e-08
3.93500000e+01 1.99367320e-08
3.94000000e+01 1.98733653e-08
3.94500000e+01 1.98103113e-08
3.95000000e+01 1.97475647e-08
3.95500000e+01 1.96851227e-08
3.96000000e+01 1.96229850e-08
3.96500000e+01 1.95611493e-08
3.97000000e+01 1.94996177e-08
3.97500000e+01 1.94383803e-08
3.98000000e+01 1.93774393e-08
3.98500000e+01 1.93167923e-08
3.99000000e+01 1.92564407e-08
3.99500000e+01 1.91963773e-08
4.00000000e+01 1.91366020e-08
4.00500000e+01 1.90771123e-08
4.01000000e+01 1.90179080e-08
4.01500000e+01 1.89589890e-08
4.02000000e+01 1.89003500e-08
4.02500000e+01 1.88419880e-08
4.03000000e+01 1.87839040e-08
4.03500000e+01 1.87260953e-08
4.04000000e+01 1.86685640e-08
4.04500000e+01 1.86113010e-08
4.05000000e+01 1.85543083e-08
4.05500000e+01 1.84975840e-08
4.06000000e+01 1.84411290e-08
4.06500000e+01 1.83849377e-08
4.07000000e+01 1.83290083e-08
4.07500000e+01 1.82733410e-08
4.08000000e+01 1.82179333e-08
4.08500000e+01 1.81627880e-08
4.09000000e+01 1.81078953e-08
4.09500000e+01 1.80532577e-08
4.10000000e+01 1.79988737e-08
4.10500000e+01 1.79447437e-08
4.11000000e+01 1.78908630e-08
4.11500000e+01 1.78372297e-08
4.12000000e+01 1.77838433e-08
4.12500000e+01 1.77307023e-08
4.13000000e+01 1.76778083e-08
4.13500000e+01 1.76251550e-08
4.14000000e+01 1.75727417e-08
4.14500000e+01 1.75205673e-08
4.15000000e+01 1.74686313e-08
4.15500000e+01 1.74169357e-08
4.16000000e+01 1.73654710e-08
4.16500000e+01 1.73142400e-08
4.17000000e+01 1.72632410e-08
4.17500000e+01 1.72124750e-08
4.18000000e+01 1.71619373e-08
4.18500000e+01 1.71116260e-08
4.19000000e+01 1.70615413e-08
4.19500000e+01 1.70116817e-08
4.20000000e+01 1.69620490e-08
4.20500000e+01 1.69126353e-08
4.21000000e+01 1.68634427e-08
4.21500000e+01 1.68144690e-08
4.22000000e+01 1.67657150e-08
4.22500000e+01 1.67171793e-08
4.23000000e+01 1.66688567e-08
4.23500000e+01 1.66207490e-08
4.24000000e+01 1.65728533e-08
4.24500000e+01 1.65251720e-08
4.25000000e+01 1.64777003e-08
4.25500000e+01 1.64304363e-08
4.26000000e+01 1.63833810e-08
4.26500000e+01 1.63365317e-08
4.27000000e+01 1.62898910e-08
4.27500000e+01 1.62434520e-08
4.28000000e+01 1.61972150e-08
4.28500000e+01 1.61511803e-08
4.29000000e+01 1.61053483e-08
4.29500000e+01 1.60597147e-08
4.30000000e+01 1.60142783e-08
4.30500000e+01 1.59690387e-08
4.31000000e+01 1.59239950e-08
4.31500000e+01 1.58791480e-08
4.32000000e+01 1.58344940e-08
4.32500000e+01 1.57900313e-08
4.33000000e+01 1.57457597e-08
4.33500000e+01 1.57016787e-08
4.34000000e+01 1.56577890e-08
4.34500000e+01 1.56140850e-08
4.35000000e+01 1.55705673e-08
4.35500000e+01 1.55272360e-08
4.36000000e+01 1.54840910e-08
4.36500000e+01 1.54411283e-08
4.37000000e+01 1.53983480e-08
4.37500000e+01 1.53557490e-08
4.38000000e+01 1.53133303e-08
4.38500000e+01 1.52710940e-08
4.39000000e+01 1.52290333e-08
4.39500000e+01 1.51871500e-08
4.40000000e+01 1.51454427e-08
4.40500000e+01 1.51039120e-08
4.41000000e+01 1.50625567e-08
4.41500000e+01 1.50213727e-08
4.42000000e+01 1.49803610e-08
4.42500000e+01 1.49395210e-08
4.43000000e+01 1.48988530e-08
4.43500000e+01 1.48583533e-08
4.44000000e+01 1.48180213e-08
4.44500000e+01 1.47778570e-08
4.45000000e+01 1.47378593e-08
4.45500000e+01 1.46980297e-08
4.46000000e+01 1.46583623e-08
4.46500000e+01 1.46188590e-08
4.47000000e+01 1.45795180e-08
4.47500000e+01 1.45403413e-08
4.48000000e+01 1.45013243e-08
4.48500000e+01 1.44624663e-08
4.49000000e+01 1.44237687e-08
4.49500000e+01 1.43852283e-08
4.50000000e+01 1.43468473e-08
4.50500000e+01 1.43086223e-08
4.51000000e+01 1.42705523e-08
4.51500000e+01 1.42326370e-08
4.52000000e+01 1.41948760e-08
4.52500000e+01 1.41572703e-08
4.53000000e+01 1.41198147e-08
4.53500000e+01 1.40825107e-08
4.54000000e+01 1.40453570e-08
4.54500000e+01 1.40083547e-08
4.55000000e+01 1.39715010e-08
4.55500000e+01 1.39347947e-08
4.56000000e+01 1.38982357e-08
4.56500000e+01 1.38618230e-08
4.57000000e+01 1.38255587e-08
4.57500000e+01 1.37894370e-08
4.58000000e+01 1.37534593e-08
4.58500000e+01 1.37176253e-08
4.59000000e+01 1.36819350e-08
4.59500000e+01 1.36463867e-08
4.60000000e+01 1.36109783e-08
4.60500000e+01 1.35757103e-08
4.61000000e+01 1.35405820e-08
4.61500000e+01 1.35055937e-08
4.62000000e+01 1.34707430e-08
4.62500000e+01 1.34360287e-08
4.63000000e+01 1.34014513e-08
4.63500000e+01 1.33670100e-08
4.64000000e+01 1.33327057e-08
4.64500000e+01 1.32985337e-08
4.65000000e+01 1.32644957e-08
4.65500000e+01 1.32305900e-08
4.66000000e+01 1.31968187e-08
4.66500000e+01 1.31631783e-08
4.67000000e+01 1.31296680e-08
4.67500000e+01 1.30962880e-08
4.68000000e+01 1.30630370e-08
4.68500000e+01 1.30299173e-08
4.69000000e+01 1.29969243e-08
4.69500000e+01 1.29640587e-08
4.70000000e+01 1.29313197e-08
4.70500000e+01 1.28987073e-08
4.71000000e+01 1.28662210e-08
4.71500000e+01 1.28338587e-08
4.72000000e+01 1.28016203e-08
4.72500000e+01 1.27695057e-08
4.73000000e+01 1.27375153e-08
4.73500000e+01 1.27056463e-08
4.74000000e+01 1.26738987e-08
4.74500000e+01 1.26422717e-08
4.75000000e+01 1.26107653e-08
4.75500000e+01 1.25793810e-08
4.76000000e+01 1.25481133e-08
4.76500000e+01 1.25169647e-08
4.77000000e+01 1.24859333e-08
4.77500000e+01 1.24550210e-08
4.78000000e+01 1.24242250e-08
4.78500000e+01 1.23935443e-08
4.79000000e+01 1.23629793e-08
4.79500000e+01 1.23325290e-08
4.80000000e+01 1.23021943e-08
4.80500000e+01 1.22719730e-08
4.81000000e+01 1.22418640e-08
4.81500000e+01 1.22118677e-08
4.82000000e+01 1.21819837e-08
4.82500000e+01 1.21522127e-08
4.83000000e+01 1.21225510e-08
4.83500000e+01 1.20930000e-08
4.84000000e+01 1.20635583e-08
4.84500000e+01 1.20342273e-08
4.85000000e+01 1.20050043e-08
4.85500000e+01 1.19758890e-08
4.86000000e+01 1.19468813e-08
4.86500000e+01 1.19179803e-08
4.87000000e+01 1.18891880e-08
4.87500000e+01 1.18605000e-08
4.88000000e+01 1.18319173e-08
4.88500000e+01 1.18034393e-08
4.89000000e+01 1.17750670e-08
4.89500000e+01 1.17467990e-08
4.90000000e+01 1.17186333e-08
4.90500000e+01 1.16905703e-08
4.91000000e+01 1.16626097e-08
4.91500000e+01 1.16347520e-08
4.92000000e+01 1.16069957e-08
4.92500000e+01 1.15793390e-08
4.93000000e+01 1.15517827e-08
4.93500000e+01 1.15243267e-08
4.94000000e+01 1.14969713e-08
4.94500000e+01 1.14697137e-08
4.95000000e+01 1.14425543e-08
4.95500000e+01 1.14154933e-08
4.96000000e+01 1.13885300e-08
4.96500000e+01 1.13616637e-08
4.97000000e+01 1.13348933e-08
4.97500000e+01 1.13082190e-08
4.98000000e+01 1.12816400e-08
4.98500000e+01 1.12551573e-08
4.99000000e+01 1.12287687e-08
4.99500000e+01 1.12024740e-08
5.00000000e+01 1.11762727e-08
5.00500000e+01 1.11501650e-08
5.01000000e+01 1.11241520e-08
5.01500000e+01 1.10982293e-08
5.02000000e+01 1.10723987e-08
5.02500000e+01 1.10466597e-08
5.03000000e+01 1.10210127e-08
5.03500000e+01 1.09954560e-08
5.04000000e+01 1.09699887e-08
5.04500000e+01 1.09446113e-08
5.05000000e+01 1.09193233e-08
5.05500000e+01 1.08941260e-08
5.06000000e+01 1.08690153e-08
5.06500000e+01 1.13101557e-08
5.07000000e+01 1.17447870e-08
5.07500000e+01 1.17175080e-08
5.08000000e+01 1.16903260e-08
5.08500000e+01 1.21163547e-08
5.09000000e+01 1.20881753e-08
5.09500000e+01 1.29697930e-08
5.10000000e+01 1.29394367e-08
5.10500000e+01 1.33496900e-08
5.11000000e+01 1.33183973e-08
5.11500000e+01 1.37215837e-08
5.12000000e+01 1.36893813e-08
5.12500000e+01 1.41171023e-08
5.13000000e+01 1.45111410e-08
5.13500000e+01 1.44769833e-08
5.14000000e+01 1.48642430e-08
5.14500000e+01 1.48292373e-08
5.15000000e+01 1.52098430e-08
5.15500000e+01 1.51740107e-08
5.16000000e+01 1.55938697e-08
5.16500000e+01 1.59658193e-08
5.17000000e+01 1.59281467e-08
5.17500000e+01 1.62937103e-08
5.18000000e+01 1.62552657e-08
5.18500000e+01 1.62169567e-08
5.19000000e+01 1.65753673e-08
5.19500000e+01 1.69877553e-08
5.20000000e+01 1.73388540e-08
5.20500000e+01 1.72979257e-08
5.21000000e+01 1.76430050e-08
5.21500000e+01 1.76013833e-08
5.22000000e+01 1.75599063e-08
5.22500000e+01 1.78982537e-08
5.23000000e+01 1.83035307e-08
5.23500000e+01 1.86349373e-08
5.24000000e+01 1.85910037e-08
5.24500000e+01 1.85472227e-08
5.25000000e+01 1.88721743e-08
5.25500000e+01 1.88277663e-08
5.26000000e+01 1.91471633e-08
5.26500000e+01 1.95456777e-08
5.27000000e+01 1.94997030e-08
5.27500000e+01 1.98117630e-08
5.28000000e+01 1.97652097e-08
5.28500000e+01 2.00719343e-08
5.29000000e+01 2.00248200e-08
5.29500000e+01 1.99778683e-08
5.30000000e+01 2.02786413e-08
5.30500000e+01 2.06697833e-08
5.31000000e+01 2.09643097e-08
5.31500000e+01 2.09151987e-08
5.32000000e+01 2.08662570e-08
5.32500000e+01 2.11550727e-08
5.33000000e+01 2.11056310e-08
5.33500000e+01 2.13895157e-08
5.34000000e+01 2.17745563e-08
5.34500000e+01 2.17237217e-08
5.35000000e+01 2.20010227e-08
5.35500000e+01 2.19497293e-08
5.36000000e+01 2.22222917e-08
5.36500000e+01 2.21705493e-08
5.37000000e+01 2.21189853e-08
5.37500000e+01 2.23862813e-08
5.38000000e+01 2.27646293e-08
5.38500000e+01 2.27117563e-08
5.39000000e+01 2.29728187e-08
5.39500000e+01 2.29195380e-08
5.40000000e+01 2.31761397e-08
5.40500000e+01 2.31224630e-08
5.41000000e+01 2.30689687e-08
5.41500000e+01 2.33206177e-08
5.42000000e+01 2.36925987e-08
5.42500000e+01 2.39388950e-08
5.43000000e+01 2.38836207e-08
5.43500000e+01 2.38285343e-08
5.44000000e+01 2.40700757e-08
5.44500000e+01 2.40146440e-08
5.45000000e+01 2.39593990e-08
5.45500000e+01 2.41962870e-08
5.46000000e+01 2.41407070e-08
5.46500000e+01 2.47940073e-08
5.47000000e+01 2.47370940e-08
5.47500000e+01 2.46803710e-08
5.48000000e+01 2.49077037e-08
5.48500000e+01 2.48506767e-08
5.49000000e+01 2.47938417e-08
5.49500000e+01 2.50168003e-08
5.50000000e+01 2.49596750e-08
5.50500000e+01 2.51788117e-08
5.51000000e+01 2.55366680e-08
5.51500000e+01 2.54784670e-08
5.52000000e+01 2.56923807e-08
5.52500000e+01 2.56339160e-08
5.53000000e+01 2.55756437e-08
5.53500000e+01 2.57854410e-08
5.54000000e+01 2.57269230e-08
5.54500000e+01 2.56685950e-08
5.55000000e+01 2.62855547e-08
5.55500000e+01 2.62260160e-08
5.56000000e+01 2.64272563e-08
5.56500000e+01 2.63674943e-08
5.57000000e+01 2.63079277e-08
5.57500000e+01 2.65052933e-08
5.58000000e+01 2.64455143e-08
5.58500000e+01 2.63859320e-08
5.59000000e+01 2.65795010e-08
5.59500000e+01 2.65197147e-08
5.60000000e+01 2.68654737e-08
5.60500000e+01 2.70543477e-08
5.61000000e+01 2.69936210e-08
5.61500000e+01 2.71792360e-08
5.62000000e+01 2.71183270e-08
5.62500000e+01 2.70576147e-08
5.63000000e+01 2.72396583e-08
5.63500000e+01 2.71787783e-08
5.64000000e+01 2.71180957e-08
5.64500000e+01 2.76972367e-08
5.65000000e+01 2.76354630e-08
5.65500000e+01 2.75738927e-08
5.66000000e+01 2.77480510e-08
5.66500000e+01 2.76863303e-08
5.67000000e+01 2.76248083e-08
5.67500000e+01 2.77956090e-08
5.68000000e+01 2.77339520e-08
5.68500000e+01 2.76724907e-08
5.69000000e+01 2.78400007e-08
5.69500000e+01 2.81735293e-08
5.70000000e+01 2.81112307e-08
5.70500000e+01 2.82745890e-08
5.71000000e+01 2.82121683e-08
5.71500000e+01 2.83726843e-08
5.72000000e+01 2.83101540e-08
5.72500000e+01 2.82478277e-08
5.73000000e+01 2.84052417e-08
5.73500000e+01 2.83428077e-08
5.74000000e+01 2.82805710e-08
5.74500000e+01 2.88247503e-08
5.75000000e+01 2.87615363e-08
5.75500000e+01 2.86985187e-08
5.76000000e+01 2.88490140e-08
5.76500000e+01 2.87859130e-08
5.77000000e+01 2.87230150e-08
5.77500000e+01 2.88705967e-08
5.78000000e+01 2.88076193e-08
5.78500000e+01 2.87448417e-08
5.79000000e+01 2.88895657e-08
5.79500000e+01 2.92113947e-08
5.80000000e+01 2.91478760e-08
5.80500000e+01 2.92889190e-08
5.81000000e+01 2.92253393e-08
5.81500000e+01 2.91619620e-08
5.82000000e+01 2.93002687e-08
5.82500000e+01 2.92368333e-08
5.83000000e+01 2.91736000e-08
5.83500000e+01 2.93092170e-08
5.84000000e+01 2.92459383e-08
5.84500000e+01 2.95625757e-08
5.85000000e+01 2.96946950e-08
5.85500000e+01 2.96307233e-08
5.86000000e+01 2.95669510e-08
5.86500000e+01 2.96964980e-08
5.87000000e+01 2.96326930e-08
5.87500000e+01 2.95690860e-08
5.88000000e+01 2.96961077e-08
5.88500000e+01 2.96324743e-08
5.89000000e+01 2.95690360e-08
5.89500000e+01 2.96935797e-08
5.90000000e+01 3.00042083e-08
5.90500000e+01 2.99401210e-08
5.91000000e+01 3.00613960e-08
5.91500000e+01 2.99972930e-08
5.92000000e+01 2.99333877e-08
5.92500000e+01 3.00522873e-08
5.93000000e+01 2.99883760e-08
5.93500000e+01 2.99246613e-08
5.94000000e+01 3.00412297e-08
5.94500000e+01 2.99775130e-08
5.95000000e+01 2.99139867e-08
5.95500000e+01 3.03969237e-08
5.96000000e+01 3.03325957e-08
5.96500000e+01 3.02684607e-08
5.97000000e+01 3.03796897e-08
5.97500000e+01 3.03155653e-08
5.98000000e+01 3.02516390e-08
5.98500000e+01 3.03606753e-08
5.99000000e+01 3.02967600e-08
5.99500000e+01 3.02330420e-08
6.00000000e+01 3.03399330e-08
6.00500000e+01 3.02762277e-08
6.01000000e+01 3.02127167e-08
6.01500000e+01 3.05120353e-08
6.02000000e+01 3.06158427e-08
6.02500000e+01 3.05517643e-08
6.03000000e+01 3.04878793e-08
6.03500000e+01 3.05896303e-08
6.04000000e+01 3.05257780e-08
6.04500000e+01 3.04621157e-08
6.05000000e+01 3.05618443e-08
6.05500000e+01 3.04982150e-08
6.06000000e+01 3.04347813e-08
6.06500000e+01 3.05325327e-08
6.07000000e+01 3.04691270e-08
6.07500000e+01 3.07627340e-08
6.08000000e+01 3.08577647e-08
6.08500000e+01 3.07938347e-08
6.09000000e+01 3.07300897e-08
6.09500000e+01 3.08232197e-08
6.10000000e+01 3.07595233e-08
6.10500000e+01 3.06960213e-08
6.11000000e+01 3.06327033e-08
6.11500000e+01 3.07238320e-08
6.12000000e+01 3.06605610e-08
6.12500000e+01 3.05974810e-08
6.13000000e+01 3.06867853e-08
6.13500000e+01 3.09749790e-08
6.14000000e+01 3.09113943e-08
6.14500000e+01 3.09981523e-08
6.15000000e+01 3.09346290e-08
6.15500000e+01 3.08712907e-08
6.16000000e+01 3.09562993e-08
6.16500000e+01 3.08930230e-08
6.17000000e+01 3.08299323e-08
6.17500000e+01 3.07670270e-08
6.18000000e+01 3.08501987e-08
6.18500000e+01 3.07873567e-08
6.19000000e+01 3.07246983e-08
6.19500000e+01 3.11520127e-08
6.20000000e+01 3.10887027e-08
6.20500000e+01 3.10255753e-08
6.21000000e+01 3.11046753e-08
6.21500000e+01 3.10416220e-08
6.22000000e+01 3.09787493e-08
6.22500000e+01 3.10562390e-08
6.23000000e+01 3.09934420e-08
6.23500000e+01 3.09308300e-08
6.24000000e+01 3.08683963e-08
6.24500000e+01 3.09442003e-08
6.25000000e+01 3.08818440e-08
6.25500000e+01 3.08196703e-08
6.26000000e+01 3.12338420e-08
6.26500000e+01 3.11710430e-08
6.27000000e+01 3.11084277e-08
6.27500000e+01 3.11804427e-08
6.28000000e+01 3.11179090e-08
6.28500000e+01 3.10555577e-08
6.29000000e+01 3.09933897e-08
6.29500000e+01 3.10638200e-08
6.30000000e+01 3.10017350e-08
6.30500000e+01 3.09398257e-08
6.31000000e+01 3.10087997e-08
6.31500000e+01 3.09469823e-08
6.32000000e+01 3.08853383e-08
6.32500000e+01 3.11581303e-08
6.33000000e+01 3.12248887e-08
6.33500000e+01 3.11628353e-08
6.34000000e+01 3.11009540e-08
6.34500000e+01 3.11663170e-08
6.35000000e+01 3.11045303e-08
6.35500000e+01 3.10429190e-08
6.36000000e+01 3.11069127e-08
6.36500000e+01 3.10454000e-08
6.37000000e+01 3.09840617e-08
6.37500000e+01 3.09228940e-08
6.38000000e+01 3.09854697e-08
6.38500000e+01 3.09244010e-08
6.39000000e+01 3.08635050e-08
6.39500000e+01 3.12528750e-08
6.40000000e+01 3.11914157e-08
6.40500000e+01 3.11301313e-08
6.41000000e+01 3.10690193e-08
6.41500000e+01 3.11282370e-08
6.42000000e+01 3.10672270e-08
6.42500000e+01 3.10063903e-08
6.43000000e+01 3.10643517e-08
6.43500000e+01 3.10036153e-08
6.44000000e+01 3.09430513e-08
6.44500000e+01 3.08826587e-08
6.45000000e+01 3.09393117e-08
6.45500000e+01 3.08790243e-08
6.46000000e+01 3.08189030e-08
6.46500000e+01 3.11965733e-08
6.47000000e+01 3.11359163e-08
6.47500000e+01 3.10754353e-08
6.48000000e+01 3.10151143e-08
6.48500000e+01 3.10686533e-08
6.49000000e+01 3.10084430e-08
6.49500000e+01 3.09484017e-08
6.50000000e+01 3.10007813e-08
6.50500000e+01 3.09408510e-08
6.51000000e+01 3.08810863e-08
6.51500000e+01 3.08214860e-08
6.52000000e+01 3.08726733e-08
6.52500000e+01 3.08131840e-08
6.53000000e+01 3.07538610e-08
6.53500000e+01 3.11205027e-08
6.54000000e+01 3.10606683e-08
6.54500000e+01 3.10010027e-08
6.55000000e+01 3.09414983e-08
6.55500000e+01 3.09897813e-08
6.56000000e+01 3.09303943e-08
6.56500000e+01 3.08711693e-08
6.57000000e+01 3.09183857e-08
6.57500000e+01 3.08592767e-08
6.58000000e+01 3.08003310e-08
6.58500000e+01 3.07415463e-08
6.59000000e+01 3.07876633e-08
6.59500000e+01 3.07289990e-08
6.60000000e+01 3.06704913e-08
6.60500000e+01 3.06121457e-08
6.61000000e+01 3.09677283e-08
6.61500000e+01 3.09088977e-08
6.62000000e+01 3.08502247e-08
6.62500000e+01 3.08936470e-08
6.63000000e+01 3.08350950e-08
6.63500000e+01 3.07767017e-08
6.64000000e+01 3.07184683e-08
6.64500000e+01 3.07608680e-08
6.65000000e+01 3.07027533e-08
6.65500000e+01 3.06447973e-08
6.66000000e+01 3.05870017e-08
6.66500000e+01 3.06283967e-08
6.67000000e+01 3.05707207e-08
6.67500000e+01 3.05131963e-08
6.68000000e+01 3.05536430e-08
6.68500000e+01 3.08009920e-08
6.69000000e+01 3.07431617e-08
6.69500000e+01 3.06854863e-08
6.70000000e+01 3.07243760e-08
6.70500000e+01 3.06668287e-08
6.71000000e+01 3.06094330e-08
6.71500000e+01 3.05521903e-08
6.72000000e+01 3.05901450e-08
6.72500000e+01 3.05330263e-08
6.73000000e+01 3.04760660e-08
6.73500000e+01 3.05131277e-08
6.74000000e+01 3.04562893e-08
6.74500000e+01 3.03996013e-08
6.75000000e+01 3.03430657e-08
6.75500000e+01 3.03792317e-08
6.76000000e+01 3.03228200e-08
6.76500000e+01 3.05651787e-08
6.77000000e+01 3.05085003e-08
6.77500000e+01 3.05432063e-08
6.78000000e+01 3.04866603e-08
6.78500000e+01 3.04302590e-08
6.79000000e+01 3.03740083e-08
6.79500000e+01 3.04078593e-08
6.80000000e+01 3.03517403e-08
6.80500000e+01 3.02957650e-08
6.81000000e+01 3.02399387e-08
6.81500000e+01 3.02729473e-08
6.82000000e+01 3.02172480e-08
6.82500000e+01 3.01616997e-08
6.83000000e+01 3.01939040e-08
6.83500000e+01 3.01384797e-08
6.84000000e+01 3.00832010e-08
6.84500000e+01 3.03208210e-08
6.85000000e+01 3.03516627e-08
6.85500000e+01 3.02961093e-08
6.86000000e+01 3.02407010e-08
6.86500000e+01 3.01854393e-08
6.87000000e+01 3.02154990e-08
6.87500000e+01 3.01603660e-08
6.88000000e+01 3.01053783e-08
6.88500000e+01 3.00505330e-08
6.89000000e+01 3.00798257e-08
6.89500000e+01 3.00251107e-08
6.90000000e+01 2.99705380e-08
6.90500000e+01 2.99161057e-08
6.91000000e+01 2.99446417e-08
6.91500000e+01 2.98903413e-08
6.92000000e+01 2.98361817e-08
6.92500000e+01 2.97821613e-08
6.93000000e+01 3.00965457e-08
6.93500000e+01 3.00421287e-08
6.94000000e+01 2.99878493e-08
6.94500000e+01 2.99337090e-08
6.95000000e+01 2.99602513e-08
6.95500000e+01 2.99062427e-08
6.96000000e+01 2.98523723e-08
6.96500000e+01 2.97986447e-08
6.97000000e+01 2.98244863e-08
6.97500000e+01 2.97708850e-08
6.98000000e+01 2.97174243e-08
6.98500000e+01 2.97425883e-08
6.99000000e+01 2.96892563e-08
6.99500000e+01 2.96360603e-08
7.00000000e+01 2.95830023e-08
7.00500000e+01 2.96074890e-08
7.01000000e+01 2.95545623e-08
7.01500000e+01 2.97824667e-08
7.02000000e+01 2.97292960e-08
7.02500000e+01 2.97526043e-08
7.03000000e+01 2.96995690e-08
7.03500000e+01 2.96466683e-08
7.04000000e+01 2.95938993e-08
7.04500000e+01 2.96165643e-08
7.05000000e+01 2.95639287e-08
7.05500000e+01 2.95114277e-08
7.06000000e+01 2.94590590e-08
7.06500000e+01 2.94810957e-08
7.07000000e+01 2.94288593e-08
7.07500000e+01 2.93767563e-08
7.08000000e+01 2.93247823e-08
7.08500000e+01 2.93462040e-08
7.09000000e+01 2.92943617e-08
7.09500000e+01 2.92426493e-08
7.10000000e+01 2.91910693e-08
7.10500000e+01 2.94141840e-08
7.11000000e+01 2.94345000e-08
7.11500000e+01 2.93826850e-08
7.12000000e+01 2.93310053e-08
7.12500000e+01 2.92794513e-08
7.13000000e+01 2.92991810e-08
7.13500000e+01 2.92477590e-08
7.14000000e+01 2.91964647e-08
7.14500000e+01 2.91453000e-08
7.15000000e+01 2.91644587e-08
7.15500000e+01 2.91134257e-08
7.16000000e+01 2.90625190e-08
7.16500000e+01 2.90117383e-08
7.17000000e+01 2.90303387e-08
7.17500000e+01 2.89796887e-08
7.18000000e+01 2.89291640e-08
7.18500000e+01 2.88787663e-08
7.19000000e+01 2.88968137e-08
7.19500000e+01 2.91152490e-08
7.20000000e+01 2.90646290e-08
7.20500000e+01 2.90141337e-08
7.21000000e+01 2.90311600e-08
7.21500000e+01 2.89808010e-08
7.22000000e+01 2.89305630e-08
7.22500000e+01 2.88804480e-08
7.23000000e+01 2.88969510e-08
7.23500000e+01 2.88469683e-08
7.24000000e+01 2.87971103e-08
7.24500000e+01 2.87473730e-08
7.25000000e+01 2.87633640e-08
7.25500000e+01 2.87137573e-08
7.26000000e+01 2.86642757e-08
7.26500000e+01 2.86149120e-08
7.27000000e+01 2.85656700e-08
7.27500000e+01 2.85811680e-08
7.28000000e+01 2.85320543e-08
7.28500000e+01 2.84830647e-08
7.29000000e+01 2.86968307e-08
7.29500000e+01 2.87113700e-08
7.30000000e+01 2.86621667e-08
7.30500000e+01 2.86130883e-08
7.31000000e+01 2.85641253e-08
7.31500000e+01 2.85781897e-08
7.32000000e+01 2.85293557e-08
7.32500000e+01 2.84806433e-08
7.33000000e+01 2.84320473e-08
7.33500000e+01 2.84456460e-08
7.34000000e+01 2.83971790e-08
7.34500000e+01 2.83488317e-08
7.35000000e+01 2.83006010e-08
7.35500000e+01 2.82524900e-08
7.36000000e+01 2.82656403e-08
7.36500000e+01 2.82176540e-08
7.37000000e+01 2.81697840e-08
7.37500000e+01 2.81220300e-08
7.38000000e+01 2.81347333e-08
7.38500000e+01 2.83439530e-08
7.39000000e+01 2.82959980e-08
7.39500000e+01 2.82481597e-08
7.40000000e+01 2.82599787e-08
7.40500000e+01 2.82122683e-08
7.41000000e+01 2.81646713e-08
7.41500000e+01 2.81171897e-08
7.42000000e+01 2.81285820e-08
7.42500000e+01 2.80812297e-08
7.43000000e+01 2.80339890e-08
7.43500000e+01 2.79868627e-08
7.44000000e+01 2.79398487e-08
7.44500000e+01 2.79508400e-08
7.45000000e+01 2.79039523e-08
7.45500000e+01 2.78571777e-08
7.46000000e+01 2.78105143e-08
7.46500000e+01 2.78210947e-08
7.47000000e+01 2.77745593e-08
7.47500000e+01 2.77281337e-08
7.48000000e+01 2.76818163e-08
7.48500000e+01 2.78865050e-08
7.49000000e+01 2.78962710e-08
7.49500000e+01 2.78497650e-08
7.50000000e+01 2.78033670e-08
7.50500000e+01 2.77570807e-08
7.51000000e+01 2.77664583e-08
7.51500000e+01 2.77202983e-08
7.52000000e+01 2.76742500e-08
7.52500000e+01 2.76283073e-08
7.53000000e+01 2.76373063e-08
7.53500000e+01 2.75914880e-08
7.54000000e+01 2.75457827e-08
7.54500000e+01 2.75001820e-08
7.55000000e+01 2.74546893e-08
7.55500000e+01 2.74633337e-08
7.56000000e+01 2.74179643e-08
7.56500000e+01 2.73727030e-08
7.57000000e+01 2.73275477e-08
7.57500000e+01 2.73358287e-08
7.58000000e+01 2.72907953e-08
7.58500000e+01 2.72458707e-08
7.59000000e+01 2.74458480e-08
7.59500000e+01 2.74007220e-08
7.60000000e+01 2.74082487e-08
7.60500000e+01 2.73632453e-08
7.61000000e+01 2.73183500e-08
7.61500000e+01 2.72735560e-08
7.62000000e+01 2.72807410e-08
7.62500000e+01 2.72360697e-08
7.63000000e+01 2.71915080e-08
7.63500000e+01 2.71470457e-08
7.64000000e+01 2.71026887e-08
7.64500000e+01 2.71095530e-08
7.65000000e+01 2.70653167e-08
7.65500000e+01 2.70211837e-08
7.66000000e+01 2.69771533e-08
7.66500000e+01 2.69836887e-08
7.67000000e+01 2.69397793e-08
7.67500000e+01 2.68959743e-08
7.68000000e+01 2.68522673e-08
7.68500000e+01 2.68086610e-08
7.69000000e+01 2.68148927e-08
7.69500000e+01 2.70104030e-08
7.70000000e+01 2.69666243e-08
7.70500000e+01 2.69229467e-08
7.71000000e+01 2.68793690e-08
7.71500000e+01 2.68849053e-08
7.72000000e+01 2.68414480e-08
7.72500000e+01 2.67980917e-08
7.73000000e+01 2.67548347e-08
7.73500000e+01 2.67600660e-08
7.74000000e+01 2.67169270e-08
7.74500000e+01 2.66738883e-08
7.75000000e+01 2.66309497e-08
7.75500000e+01 2.65881093e-08
7.76000000e+01 2.65930597e-08
7.76500000e+01 2.65503357e-08
7.77000000e+01 2.65077137e-08
7.77500000e+01 2.64651857e-08
7.78000000e+01 2.64227557e-08
7.78500000e+01 2.64274340e-08
7.79000000e+01 2.63851213e-08
7.79500000e+01 2.63429047e-08
7.80000000e+01 2.63007833e-08
7.80500000e+01 2.65382640e-08
7.81000000e+01 2.64958793e-08
7.81500000e+01 2.64535947e-08
7.82000000e+01 2.64114043e-08
7.82500000e+01 2.63693093e-08
7.83000000e+01 2.63730597e-08
7.83500000e+01 2.63310817e-08
7.84000000e+01 2.62892013e-08
7.84500000e+01 2.62474120e-08
7.85000000e+01 2.62057187e-08
7.85500000e+01 2.62092210e-08
7.86000000e+01 2.61676460e-08
7.86500000e+01 2.61261617e-08
7.87000000e+01 2.60847720e-08
7.87500000e+01 2.60434767e-08
7.88000000e+01 2.60467330e-08
7.88500000e+01 2.60055517e-08
7.89000000e+01 2.59644633e-08
7.89500000e+01 2.59234660e-08
7.90000000e+01 2.59264637e-08
7.90500000e+01 2.58855820e-08
7.91000000e+01 2.58447930e-08
7.91500000e+01 2.58040937e-08
7.92000000e+01 2.59905900e-08
7.92500000e+01 2.59929870e-08
7.93000000e+01 2.59521273e-08
7.93500000e+01 2.59113623e-08
7.94000000e+01 2.58706863e-08
7.94500000e+01 2.58301027e-08
7.95000000e+01 2.58322750e-08
7.95500000e+01 2.57918067e-08
7.96000000e+01 2.57514250e-08
7.96500000e+01 2.57111347e-08
7.97000000e+01 2.56709337e-08
7.97500000e+01 2.56728877e-08
7.98000000e+01 2.56327997e-08
7.98500000e+01 2.55928000e-08
7.99000000e+01 2.55528890e-08
7.99500000e+01 2.55130660e-08
8.00000000e+01 2.55148107e-08
