-2.00000000e+01 1.63120613e-07 1.59445697e-07
-1.99500000e+01 1.63685510e-07 1.59989137e-07
-1.99000000e+01 1.64253657e-07 1.60535607e-07
-1.98500000e+01 1.64825073e-07 1.61085127e-07
-1.98000000e+01 1.65399760e-07 1.61637733e-07
-1.97500000e+01 1.65977757e-07 1.62193447e-07
-1.97000000e+01 1.66559120e-07 1.62752300e-07
-1.96500000e+01 1.67143857e-07 1.63314310e-07
-1.96000000e+01 1.67731987e-07 1.63879493e-07
-1.95500000e+01 1.68323537e-07 1.64447890e-07
-1.95000000e+01 1.68918540e-07 1.65019530e-07
-1.94500000e+01 1.69517043e-07 1.65594433e-07
-1.94000000e+01 1.70119063e-07 1.66172603e-07
-1.93500000e+01 1.70724613e-07 1.66754097e-07
-1.93000000e+01 1.71333727e-07 1.67338930e-07
-1.92500000e+01 1.71946463e-07 1.67927137e-07
-1.92000000e+01 1.72562837e-07 1.68518737e-07
-1.91500000e+01 1.73182870e-07 1.69113740e-07
-1.91000000e+01 1.73806587e-07 1.69712220e-07
-1.90500000e+01 1.74434033e-07 1.70314167e-07
-1.90000000e+01 1.75065247e-07 1.70919630e-07
-1.89500000e+01 1.75700260e-07 1.71528620e-07
-1.89000000e+01 1.76339073e-07 1.72141173e-07
-1.88500000e+01 1.76981757e-07 1.72757330e-07
-1.88000000e+01 1.77628320e-07 1.73377117e-07
-1.87500000e+01 1.78278813e-07 1.74000560e-07
-1.87000000e+01 1.78933270e-07 1.74627680e-07
-1.86500000e+01 1.79591703e-07 1.75258517e-07
-1.86000000e+01 1.80254150e-07 1.75893103e-07
-1.85500000e+01 1.80920683e-07 1.76531480e-07
-1.85000000e+01 1.81591313e-07 1.77173660e-07
-1.84500000e+01 1.82266070e-07 1.77819677e-07
-1.84000000e+01 1.82944980e-07 1.78469587e-07
-1.83500000e+01 1.83628097e-07 1.79123397e-07
-1.83000000e+01 1.84315470e-07 1.79781160e-07
-1.82500000e+01 1.85007127e-07 1.80442893e-07
-1.82000000e+01 1.85703080e-07 1.81108630e-07
-1.81500000e+01 1.86403407e-07 1.81778420e-07
-1.81000000e+01 1.87108107e-07 1.82452300e-07
-1.80500000e+01 1.87817267e-07 1.83130293e-07
-1.80000000e+01 1.88530900e-07 1.83812413e-07
-1.79500000e+01 1.89249023e-07 1.84498747e-07
-1.79000000e+01 1.89971710e-07 1.85189297e-07
-1.78500000e+01 1.90699000e-07 1.85884117e-07
-1.78000000e+01 1.91430937e-07 1.86583220e-07
-1.77500000e+01 1.92167550e-07 1.87286660e-07
-1.77000000e+01 1.92908870e-07 1.87994480e-07
-1.76500000e+01 1.93654957e-07 1.88706723e-07
-1.76000000e+01 1.94405863e-07 1.89423413e-07
-1.75500000e+01 1.95161637e-07 1.90144583e-07
-1.75000000e+01 1.95922287e-07 1.90870290e-07
-1.74500000e+01 1.96687873e-07 1.91600570e-07
-1.74000000e+01 1.97458473e-07 1.92335470e-07
-1.73500000e+01 1.98234107e-07 1.93075020e-07
-1.73000000e+01 1.99014830e-07 1.93819250e-07
-1.72500000e+01 1.99800663e-07 1.94568247e-07
-1.72000000e+01 2.00591673e-07 1.95322010e-07
-1.71500000e+01 2.01387930e-07 1.96080603e-07
-1.71000000e+01 2.02189463e-07 1.96844060e-07
-1.70500000e+01 2.02996313e-07 1.97612420e-07
-1.70000000e+01 2.03808550e-07 1.98385750e-07
-1.69500000e+01 2.04626200e-07 1.99164090e-07
-1.69000000e+01 2.05449347e-07 1.99947483e-07
-1.68500000e+01 2.06278033e-07 2.00735953e-07
-1.68000000e+01 2.07112287e-07 2.01529573e-07
-1.67500000e+01 2.07952170e-07 2.02328387e-07
-1.67000000e+01 2.08797773e-07 2.03132443e-07
-1.66500000e+01 2.09649130e-07 2.03941780e-07
-1.66000000e+01 2.10506290e-07 2.04756453e-07
-1.65500000e+01 2.11369290e-07 2.05576527e-07
-1.65000000e+01 2.12238213e-07 2.06402033e-07
-1.64500000e+01 2.13113130e-07 2.07233033e-07
-1.64000000e+01 2.13994087e-07 2.08069563e-07
-1.63500000e+01 2.14881123e-07 2.08911687e-07
-1.63000000e+01 2.15774327e-07 2.09759467e-07
-1.62500000e+01 2.16673730e-07 2.10612950e-07
-1.62000000e+01 2.17579430e-07 2.11472197e-07
-1.61500000e+01 2.18491483e-07 2.12337220e-07
-1.61000000e+01 2.19409910e-07 2.13208143e-07
-1.60500000e+01 2.20334803e-07 2.14084980e-07
-1.60000000e+01 2.21266260e-07 2.14967810e-07
-1.59500000e+01 2.22204320e-07 2.15856660e-07
-1.59000000e+01 2.23149040e-07 2.16751607e-07
-1.58500000e+01 2.24100477e-07 2.17652720e-07
-1.58000000e+01 2.25058720e-07 2.18560060e-07
-1.57500000e+01 2.26023857e-07 2.19473683e-07
-1.57000000e+01 2.26995940e-07 2.20393623e-07
-1.56500000e+01 2.27975017e-07 2.21319977e-07
-1.56000000e+01 2.28961173e-07 2.22252793e-07
-1.55500000e+01 2.29954517e-07 2.23192160e-07
-1.55000000e+01 2.30955100e-07 2.24138107e-07
-1.54500000e+01 2.31962993e-07 2.25090710e-07
-1.54000000e+01 2.32978253e-07 2.26050063e-07
-1.53500000e+01 2.34000977e-07 2.27016203e-07
-1.53000000e+01 2.35031267e-07 2.27989220e-07
-1.52500000e+01 2.36069183e-07 2.28969157e-07
-1.52000000e+01 2.37114777e-07 2.29956097e-07
-1.51500000e+01 2.38168177e-07 2.30950120e-07
-1.51000000e+01 2.39229427e-07 2.31951303e-07
-1.50500000e+01 2.40298650e-07 2.32959717e-07
-1.50000000e+01 2.41375920e-07 2.33975400e-07
-1.49500000e+01 2.42461287e-07 2.34998463e-07
-1.49000000e+01 2.43554857e-07 2.36028980e-07
-1.48500000e+01 2.44656763e-07 2.37067033e-07
-1.48000000e+01 2.45767063e-07 2.38112683e-07
-1.47500000e+01 2.46885837e-07 2.39166003e-07
-1.47000000e+01 2.48013167e-07 2.40227100e-07
-1.46500000e+01 2.49149173e-07 2.41296060e-07
-1.46000000e+01 2.50293963e-07 2.42372947e-07
-1.45500000e+01 2.51447620e-07 2.43457827e-07
-1.45000000e+01 2.52610213e-07 2.44550803e-07
-1.44500000e+01 2.53781853e-07 2.45651977e-07
-1.44000000e+01 2.54962693e-07 2.46761430e-07
-1.43500000e+01 2.56152803e-07 2.47879253e-07
-1.43000000e+01 2.57352267e-07 2.49005477e-07
-1.42500000e+01 2.58561190e-07 2.50140293e-07
-1.42000000e+01 2.59779693e-07 2.51283727e-07
-1.41500000e+01 2.61007913e-07 2.52435903e-07
-1.41000000e+01 2.62245933e-07 2.53596880e-07
-1.40500000e+01 2.63493840e-07 2.54766780e-07
-1.40000000e+01 2.64751800e-07 2.55945703e-07
-1.39500000e+01 2.66019873e-07 2.57133757e-07
-1.39000000e+01 2.67298230e-07 2.58331037e-07
-1.38500000e+01 2.68586977e-07 2.59537603e-07
-1.38000000e+01 2.69886190e-07 2.60753610e-07
-1.37500000e+01 2.71196017e-07 2.61979143e-07
-1.37000000e+01 2.72516623e-07 2.63214327e-07
-1.36500000e+01 2.73848103e-07 2.64459250e-07
-1.36000000e+01 2.75190580e-07 2.65714003e-07
-1.35500000e+01 2.76544163e-07 2.66978760e-07
-1.35000000e+01 2.77909013e-07 2.68253577e-07
-1.34500000e+01 2.79285290e-07 2.69538607e-07
-1.34000000e+01 2.80673100e-07 2.70833927e-07
-1.33500000e+01 2.82072553e-07 2.72139667e-07
-1.33000000e+01 2.83483850e-07 2.73455970e-07
-1.32500000e+01 2.84907070e-07 2.74782957e-07
-1.32000000e+01 2.86342427e-07 2.76120750e-07
-1.31500000e+01 2.87790040e-07 2.77469420e-07
-1.31000000e+01 2.89250007e-07 2.78829160e-07
-1.30500000e+01 2.90722540e-07 2.80200077e-07
-1.30000000e+01 2.92207807e-07 2.81582320e-07
-1.29500000e+01 2.93705947e-07 2.82975987e-07
-1.29000000e+01 2.95217097e-07 2.84381223e-07
-1.28500000e+01 2.96741413e-07 2.85798193e-07
-1.28000000e+01 2.98279077e-07 2.87227030e-07
-1.27500000e+01 2.99830297e-07 2.88667877e-07
-1.27000000e+01 3.01395210e-07 2.90120823e-07
-1.26500000e+01 3.02973950e-07 2.91586080e-07
-1.26000000e+01 3.04566723e-07 2.93063777e-07
-1.25500000e+01 3.06173757e-07 2.94554073e-07
-1.25000000e+01 3.07795197e-07 2.96057123e-07
-1.24500000e+01 3.09431220e-07 2.97573013e-07
-1.24000000e+01 3.11081983e-07 2.99102030e-07
-1.23500000e+01 3.12747720e-07 3.00644240e-07
-1.23000000e+01 3.14428643e-07 3.02199847e-07
-1.22500000e+01 3.16124943e-07 3.03768983e-07
-1.22000000e+01 3.17836760e-07 3.05351833e-07
-1.21500000e+01 3.19564377e-07 3.06948593e-07
-1.21000000e+01 3.21307940e-07 3.08559433e-07
-1.20500000e+01 3.23067720e-07 3.10184523e-07
-1.20000000e+01 3.24843913e-07 3.11824000e-07
-1.19500000e+01 3.26636693e-07 3.13478100e-07
-1.19000000e+01 3.28446303e-07 3.15147000e-07
-1.18500000e+01 3.30273040e-07 3.16830903e-07
-1.18000000e+01 3.32117083e-07 3.18529963e-07
-1.17500000e+01 3.33978657e-07 3.20244390e-07
-1.17000000e+01 3.35857983e-07 3.21974430e-07
-1.16500000e+01 3.37755333e-07 3.23720230e-07
-1.16000000e+01 3.39671000e-07 3.25482030e-07
-1.15500000e+01 3.41605193e-07 3.27260003e-07
-1.15000000e+01 3.43558123e-07 3.29054373e-07
-1.14500000e+01 3.45530140e-07 3.30865393e-07
-1.14000000e+01 3.47521430e-07 3.32693270e-07
-1.13500000e+01 3.49532350e-07 3.34538243e-07
-1.13000000e+01 3.51563143e-07 3.36400430e-07
-1.12500000e+01 3.53614010e-07 3.38280237e-07
-1.12000000e+01 3.55685327e-07 3.40177793e-07
-1.11500000e+01 3.57777410e-07 3.42093383e-07
-1.11000000e+01 3.59890517e-07 3.44027210e-07
-1.10500000e+01 3.62024937e-07 3.45979533e-07
-1.10000000e+01 3.64180960e-07 3.47950653e-07
-1.09500000e+01 3.66358937e-07 3.49940810e-07
-1.09000000e+01 3.68559220e-07 3.51950273e-07
-1.08500000e+01 3.70782120e-07 3.53979237e-07
-1.08000000e+01 3.73027893e-07 3.56028063e-07
-1.07500000e+01 3.75296930e-07 3.58097000e-07
-1.07000000e+01 3.77589647e-07 3.60186360e-07
-1.06500000e+01 3.79906340e-07 3.62296397e-07
-1.06000000e+01 3.82247360e-07 3.64427370e-07
-1.05500000e+01 3.84613033e-07 3.66579697e-07
-1.05000000e+01 3.87003800e-07 3.68753577e-07
-1.04500000e+01 3.89420067e-07 3.70949387e-07
-1.04000000e+01 3.91862190e-07 3.73167380e-07
-1.03500000e+01 3.94330503e-07 3.75407910e-07
-1.03000000e+01 3.96825510e-07 3.77671330e-07
-1.02500000e+01 3.99347557e-07 3.79957983e-07
-1.02000000e+01 4.01897127e-07 3.82268207e-07
-1.01500000e+01 4.04474637e-07 3.84602270e-07
-1.01000000e+01 4.07080447e-07 3.86960617e-07
-1.00500000e+01 4.09715053e-07 3.89343593e-07
-1.00000000e+01 4.12378997e-07 3.91751593e-07
-9.95000000e+00 4.15072687e-07 3.94184930e-07
-9.90000000e+00 4.17796567e-07 3.96644010e-07
-9.85000000e+00 4.20551110e-07 3.99129303e-07
-9.80000000e+00 4.23336863e-07 4.01641120e-07
-9.75000000e+00 4.26154377e-07 4.04179927e-07
-9.70000000e+00 4.29004127e-07 4.06746060e-07
-9.65000000e+00 4.31886567e-07 4.09340030e-07
-9.60000000e+00 4.34802363e-07 4.11962250e-07
-9.55000000e+00 4.37751967e-07 4.14613183e-07
-9.50000000e+00 4.40736057e-07 4.17293277e-07
-9.45000000e+00 4.43755157e-07 4.20002857e-07
-9.40000000e+00 4.46809750e-07 4.22742633e-07
-9.35000000e+00 4.49900577e-07 4.25512937e-07
-9.30000000e+00 4.53028267e-07 4.28314320e-07
-9.25000000e+00 4.56193413e-07 4.31147227e-07
-9.20000000e+00 4.59396627e-07 4.34012187e-07
-9.15000000e+00 4.62638547e-07 4.36909780e-07
-9.10000000e+00 4.65919907e-07 4.39840533e-07
-9.05000000e+00 4.69241423e-07 4.42804980e-07
-9.00000000e+00 4.72603793e-07 4.45803600e-07
-8.95000000e+00 4.76007623e-07 4.48837067e-07
-8.90000000e+00 4.79453730e-07 4.51905947e-07
-8.85000000e+00 4.82942960e-07 4.55010860e-07
-8.80000000e+00 4.86476017e-07 4.58152367e-07
-8.75000000e+00 4.90053657e-07 4.61331050e-07
-8.70000000e+00 4.93676670e-07 4.64547710e-07
-8.65000000e+00 4.97345950e-07 4.67802860e-07
-8.60000000e+00 5.01062393e-07 4.71097250e-07
-8.55000000e+00 5.04826817e-07 4.74431483e-07
-8.50000000e+00 5.08640027e-07 4.77806287e-07
-8.45000000e+00 5.12503077e-07 4.81222440e-07
-8.40000000e+00 5.16416807e-07 4.84680650e-07
-8.35000000e+00 5.20382263e-07 4.88181683e-07
-8.30000000e+00 5.24400410e-07 4.91726177e-07
-8.25000000e+00 5.28472123e-07 4.95315063e-07
-8.20000000e+00 5.32598530e-07 4.98949110e-07
-8.15000000e+00 5.36780793e-07 5.02629170e-07
-8.10000000e+00 5.41019920e-07 5.06356017e-07
-8.05000000e+00 5.45316973e-07 5.10130520e-07
-8.00000000e+00 5.49673067e-07 5.13953653e-07
-7.95000000e+00 5.54089470e-07 5.17826300e-07
-7.90000000e+00 5.58567403e-07 5.21749393e-07
-7.85000000e+00 5.63108067e-07 5.25723753e-07
-7.80000000e+00 5.67712597e-07 5.29750523e-07
-7.75000000e+00 5.72382403e-07 5.33830660e-07
-7.70000000e+00 5.77118930e-07 5.37965213e-07
-7.65000000e+00 5.81923440e-07 5.42155233e-07
-7.60000000e+00 5.86797323e-07 5.46401623e-07
-7.55000000e+00 5.91741943e-07 5.50705827e-07
-7.50000000e+00 5.96758930e-07 5.55068747e-07
-7.45000000e+00 6.01849830e-07 5.59491663e-07
-7.40000000e+00 6.07016147e-07 5.63975673e-07
-7.35000000e+00 6.12259373e-07 5.68522047e-07
-7.30000000e+00 6.17581357e-07 5.73132127e-07
-7.25000000e+00 6.22983680e-07 5.77807187e-07
-7.20000000e+00 6.28468187e-07 5.82548573e-07
-7.15000000e+00 6.34036677e-07 5.87357487e-07
-7.10000000e+00 6.39690803e-07 5.92235540e-07
-7.05000000e+00 6.45432610e-07 5.97184123e-07
-7.00000000e+00 6.51264203e-07 6.02204767e-07
-6.95000000e+00 6.57187470e-07 6.07298933e-07
-6.90000000e+00 6.63204450e-07 6.12468110e-07
-6.85000000e+00 6.69317230e-07 6.17714193e-07
-6.80000000e+00 6.75528153e-07 6.23038617e-07
-6.75000000e+00 6.81839517e-07 6.28443220e-07
-6.70000000e+00 6.88253600e-07 6.33929643e-07
-6.65000000e+00 6.94772647e-07 6.39499750e-07
-6.60000000e+00 7.01399403e-07 6.45155497e-07
-6.55000000e+00 7.08136250e-07 6.50898780e-07
-6.50000000e+00 7.14986003e-07 6.56731613e-07
-6.45000000e+00 7.21951317e-07 6.62655810e-07
-6.40000000e+00 7.29034733e-07 6.68673740e-07
-6.35000000e+00 7.36239517e-07 6.74787487e-07
-6.30000000e+00 7.43568617e-07 6.80999360e-07
-6.25000000e+00 7.51025060e-07 6.87311513e-07
-6.20000000e+00 7.58611953e-07 6.93726393e-07
-6.15000000e+00 7.66332563e-07 7.00246550e-07
-6.10000000e+00 7.74190450e-07 7.06874490e-07
-6.05000000e+00 7.82189127e-07 7.13612847e-07
-6.00000000e+00 7.90332267e-07 7.20464080e-07
-5.95000000e+00 7.98623290e-07 7.27431273e-07
-5.90000000e+00 8.07066370e-07 7.34517233e-07
-5.85000000e+00 8.15665643e-07 7.41724950e-07
-5.80000000e+00 8.24425133e-07 7.49057460e-07
-5.75000000e+00 8.33349100e-07 7.56517800e-07
-5.70000000e+00 8.42441853e-07 7.64109663e-07
-5.65000000e+00 8.51708307e-07 7.71836120e-07
-5.60000000e+00 8.61153203e-07 7.79700880e-07
-5.55000000e+00 8.70781467e-07 7.87707403e-07
-5.50000000e+00 8.80597937e-07 7.95859543e-07
-5.45000000e+00 8.90608333e-07 8.04161343e-07
-5.40000000e+00 9.00817980e-07 8.12616807e-07
-5.35000000e+00 9.11232717e-07 8.21230160e-07
-5.30000000e+00 9.21858513e-07 8.30005430e-07
-5.25000000e+00 9.32701127e-07 8.38947553e-07
-5.20000000e+00 9.43767290e-07 8.48061070e-07
-5.15000000e+00 9.55063857e-07 8.57350943e-07
-5.10000000e+00 9.66597533e-07 8.66822010e-07
-5.05000000e+00 9.78375360e-07 8.76479527e-07
-5.00000000e+00 9.90404783e-07 8.86329320e-07
-4.95000000e+00 1.00269383e-06 8.96376623e-07
-4.90000000e+00 1.01525056e-06 9.06627580e-07
-4.85000000e+00 1.02808326e-06 9.17088123e-07
-4.80000000e+00 1.04120042e-06 9.27764647e-07
-4.75000000e+00 1.05461161e-06 9.38663973e-07
-4.70000000e+00 1.06832611e-06 9.49792910e-07
-4.65000000e+00 1.08235397e-06 9.61158760e-07
-4.60000000e+00 1.09670544e-06 9.72768443e-07
-4.55000000e+00 1.11139084e-06 9.84630713e-07
-4.50000000e+00 1.12642207e-06 9.96753053e-07
-4.45000000e+00 1.14181078e-06 1.00914429e-06
-4.40000000e+00 1.15756910e-06 1.02181309e-06
-4.35000000e+00 1.17370962e-06 1.03476876e-06
-4.30000000e+00 1.19024575e-06 1.04802127e-06
-4.25000000e+00 1.20719181e-06 1.06158061e-06
-4.20000000e+00 1.22456237e-06 1.07545743e-06
-4.15000000e+00 1.24237291e-06 1.08966246e-06
-4.10000000e+00 1.26063874e-06 1.10420784e-06
-4.05000000e+00 1.27937729e-06 1.11910561e-06
-4.00000000e+00 1.29860656e-06 1.13436865e-06
-3.95000000e+00 1.31834461e-06 1.15001018e-06
-3.90000000e+00 1.33861085e-06 1.16604401e-06
-3.85000000e+00 1.35942534e-06 1.18248569e-06
-3.80000000e+00 1.38081028e-06 1.19935019e-06
-3.75000000e+00 1.40278801e-06 1.21665406e-06
-3.70000000e+00 1.42538205e-06 1.23441427e-06
-3.65000000e+00 1.44861685e-06 1.25264892e-06
-3.60000000e+00 1.47251951e-06 1.27137745e-06
-3.55000000e+00 1.49711736e-06 1.29061977e-06
-3.50000000e+00 1.52243964e-06 1.31039725e-06
-3.45000000e+00 1.54851733e-06 1.33073155e-06
-3.40000000e+00 1.57538190e-06 1.35164723e-06
-3.35000000e+00 1.60306860e-06 1.37316898e-06
-3.30000000e+00 1.63161403e-06 1.39532348e-06
-3.25000000e+00 1.66105617e-06 1.41813839e-06
-3.20000000e+00 1.69143527e-06 1.44164353e-06
-3.15000000e+00 1.72279433e-06 1.46587113e-06
-3.10000000e+00 1.75517993e-06 1.49085397e-06
-3.05000000e+00 1.78864013e-06 1.51662807e-06
-3.00000000e+00 1.82322620e-06 1.54323067e-06
-2.95000000e+00 1.85899197e-06 1.57070293e-06
-2.90000000e+00 1.89599683e-06 1.59908773e-06
-2.85000000e+00 1.93430247e-06 1.62843080e-06
-2.80000000e+00 1.97397480e-06 1.65878153e-06
-2.75000000e+00 2.01508380e-06 1.69019083e-06
-2.70000000e+00 2.05770403e-06 1.72271713e-06
-2.65000000e+00 2.10191713e-06 1.75641910e-06
-2.60000000e+00 2.14780857e-06 1.79136190e-06
-2.55000000e+00 2.19546987e-06 1.82761420e-06
-2.50000000e+00 2.24499907e-06 1.86525087e-06
-2.45000000e+00 2.29650180e-06 1.90435267e-06
-2.40000000e+00 2.35009290e-06 1.94500587e-06
-2.35000000e+00 2.40589353e-06 1.98730430e-06
-2.30000000e+00 2.46403583e-06 2.03134773e-06
-2.25000000e+00 2.52465930e-06 2.07724730e-06
-2.20000000e+00 2.58791873e-06 2.12512130e-06
-2.15000000e+00 2.65398033e-06 2.17509903e-06
-2.10000000e+00 2.72302153e-06 2.22732050e-06
-2.05000000e+00 2.79523570e-06 2.28193790e-06
-2.00000000e+00 2.87083323e-06 2.33912053e-06
-1.95000000e+00 2.95004473e-06 2.39904940e-06
-1.90000000e+00 3.03311813e-06 2.46192567e-06
-1.85000000e+00 3.12032433e-06 2.52796807e-06
-1.80000000e+00 3.21195790e-06 2.59741893e-06
-1.75000000e+00 3.30834573e-06 2.67054440e-06
-1.70000000e+00 3.40984283e-06 2.74763937e-06
-1.65000000e+00 3.51683770e-06 2.82902927e-06
-1.60000000e+00 3.62976043e-06 2.91507310e-06
-1.55000000e+00 3.74908037e-06 3.00617557e-06
-1.50000000e+00 3.87532060e-06 3.10278043e-06
-1.45000000e+00 4.00906073e-06 3.20539007e-06
-1.40000000e+00 4.15093680e-06 3.31455990e-06
-1.35000000e+00 4.30165900e-06 3.43091903e-06
-1.30000000e+00 4.46201897e-06 3.55517137e-06
-1.25000000e+00 4.63289953e-06 3.68811237e-06
-1.20000000e+00 4.81528620e-06 3.83064073e-06
-1.15000000e+00 5.01028610e-06 3.98376903e-06
-1.10000000e+00 5.21913673e-06 4.14865837e-06
-1.05000000e+00 5.44323867e-06 4.32661777e-06
-1.00000000e+00 5.68417620e-06 4.51914477e-06
-9.50000000e-01 5.94372860e-06 4.72794697e-06
-9.00000000e-01 6.22391753e-06 4.95497370e-06
-8.50000000e-01 6.52704330e-06 5.20245893e-06
-8.00000000e-01 6.85572267e-06 5.47294607e-06
-7.50000000e-01 7.21293433e-06 5.76934420e-06
-7.00000000e-01 7.60206817e-06 6.09495360e-06
-6.50000000e-01 8.02699660e-06 6.45351147e-06
-6.00000000e-01 8.49213620e-06 6.84920467e-06
-5.50000000e-01 9.00251110e-06 7.28665990e-06
-5.00000000e-01 9.56380540e-06 7.77089643e-06
-4.50000000e-01 1.01824334e-05 8.30716830e-06
-4.00000000e-01 1.08655343e-05 8.90073893e-06
-3.50000000e-01 1.16209806e-05 9.55639227e-06
-3.00000000e-01 1.24572554e-05 1.02777737e-05
-2.50000000e-01 1.33831532e-05 1.10663765e-05
-2.00000000e-01 1.44073782e-05 1.19202442e-05
-1.50000000e-01 1.55378220e-05 1.28324538e-05
-1.00000000e-01 1.67804608e-05 1.37896579e-05
-5.00000000e-02 1.81378965e-05 1.47712583e-05
0.00000000e+00 1.96076273e-05 1.57498125e-05
5.00000000e-02 2.11802793e-05 1.66932929e-05
1.00000000e-01 2.28382207e-05 1.75691130e-05
1.50000000e-01 2.45550303e-05 1.83492087e-05
2.00000000e-01 2.62963893e-05 1.90147297e-05
2.50000000e-01 2.80226327e-05 1.95588240e-05
3.00000000e-01 2.96927777e-05 1.99868653e-05
3.50000000e-01 3.12701850e-05 2.03139007e-05
4.00000000e-01 3.27288283e-05 2.05607667e-05
4.50000000e-01 3.40596633e-05 2.07501897e-05
5.00000000e-01 3.52740677e-05 2.09043780e-05
5.50000000e-01 3.64024290e-05 2.10441697e-05
6.00000000e-01 3.74875060e-05 2.11890217e-05
6.50000000e-01 3.85748300e-05 2.13568397e-05
7.00000000e-01 3.97035353e-05 2.15633340e-05
7.50000000e-01 4.08993730e-05 2.18215033e-05
8.00000000e-01 4.21709690e-05 2.21413613e-05
8.50000000e-01 4.35081317e-05 2.25303900e-05
9.00000000e-01 4.48821723e-05 2.29935603e-05
9.50000000e-01 4.62484247e-05 2.35324570e-05
1.00000000e+00 4.75506537e-05 2.41434853e-05
1.05000000e+00 4.87269310e-05 2.48154447e-05
1.10000000e+00 4.97155010e-05 2.55278030e-05
1.15000000e+00 5.04610040e-05 2.62503460e-05
1.20000000e+00 5.09211757e-05 2.69447373e-05
1.25000000e+00 5.10740117e-05 2.75676597e-05
1.30000000e+00 5.09229520e-05 2.80751383e-05
1.35000000e+00 5.04967170e-05 2.84275410e-05
1.40000000e+00 4.98427170e-05 2.85948850e-05
1.45000000e+00 4.90168870e-05 2.85621503e-05
1.50000000e+00 4.80741527e-05 2.83332633e-05
1.55000000e+00 4.70626943e-05 2.79323437e-05
1.60000000e+00 4.60215217e-05 2.74011533e-05
1.65000000e+00 4.49796153e-05 2.67930630e-05
1.70000000e+00 4.39558230e-05 2.61651160e-05
1.75000000e+00 4.29599367e-05 2.55703827e-05
1.80000000e+00 4.19957223e-05 2.50521977e-05
1.85000000e+00 4.10649487e-05 2.46409720e-05
1.90000000e+00 4.01709687e-05 2.43534880e-05
1.95000000e+00 3.93197563e-05 2.41940883e-05
2.00000000e+00 3.85183713e-05 2.41572393e-05
2.05000000e+00 3.77719990e-05 2.42309423e-05
2.10000000e+00 3.70815723e-05 2.44003383e-05
2.15000000e+00 3.64435303e-05 2.46507267e-05
2.20000000e+00 3.58512760e-05 2.49692520e-05
2.25000000e+00 3.52975873e-05 2.53448960e-05
2.30000000e+00 3.47764810e-05 2.57674167e-05
2.35000000e+00 3.42841080e-05 2.62261807e-05
2.40000000e+00 3.38186560e-05 2.67099567e-05
2.45000000e+00 3.33797423e-05 2.72078177e-05
2.50000000e+00 3.29676110e-05 2.77109277e-05
2.55000000e+00 3.25821943e-05 2.82140830e-05
2.60000000e+00 3.22225210e-05 2.87164457e-05
2.65000000e+00 3.18863647e-05 2.92208613e-05
2.70000000e+00 3.15708173e-05 2.97322317e-05
2.75000000e+00 3.12735230e-05 3.02557373e-05
2.80000000e+00 3.09942350e-05 3.07955353e-05
2.85000000e+00 3.07359687e-05 3.13545483e-05
2.90000000e+00 3.05047410e-05 3.19349133e-05
2.95000000e+00 3.03079790e-05 3.25386703e-05
3.00000000e+00 3.01517237e-05 3.31679527e-05
3.05000000e+00 3.00379133e-05 3.38245197e-05
3.10000000e+00 2.99629150e-05 3.45089007e-05
3.15000000e+00 2.99179523e-05 3.52197920e-05
3.20000000e+00 2.98916793e-05 3.59541220e-05
3.25000000e+00 2.98739013e-05 3.67078010e-05
3.30000000e+00 2.98590803e-05 3.74768130e-05
3.35000000e+00 2.98482477e-05 3.82580187e-05
3.40000000e+00 2.98481127e-05 3.90495947e-05
3.45000000e+00 2.98678287e-05 3.98508207e-05
3.50000000e+00 2.99142030e-05 4.06614900e-05
3.55000000e+00 2.99870753e-05 4.14811827e-05
3.60000000e+00 3.00761997e-05 4.23084963e-05
3.65000000e+00 3.01604803e-05 4.31405647e-05
3.70000000e+00 3.02100607e-05 4.39727560e-05
3.75000000e+00 3.01909393e-05 4.47984543e-05
3.80000000e+00 3.00715453e-05 4.56088687e-05
3.85000000e+00 2.98294837e-05 4.63930617e-05
3.90000000e+00 2.94564213e-05 4.71377523e-05
3.95000000e+00 2.89596317e-05 4.78271350e-05
4.00000000e+00 2.83596130e-05 4.84425493e-05
4.05000000e+00 2.76849700e-05 4.89624070e-05
4.10000000e+00 2.69661780e-05 4.93632567e-05
4.15000000e+00 2.62300473e-05 4.96219647e-05
4.20000000e+00 2.54962220e-05 4.97195393e-05
4.25000000e+00 2.47761610e-05 4.96459433e-05
4.30000000e+00 2.40744980e-05 4.94044257e-05
4.35000000e+00 2.33919680e-05 4.90139553e-05
4.40000000e+00 2.27288230e-05 4.85081343e-05
4.45000000e+00 2.20875167e-05 4.79306187e-05
4.50000000e+00 2.14737283e-05 4.73282973e-05
4.55000000e+00 2.08959007e-05 4.67444253e-05
4.60000000e+00 2.03637447e-05 4.62138997e-05
4.65000000e+00 1.98867337e-05 4.57614493e-05
4.70000000e+00 1.94730350e-05 4.54027070e-05
4.75000000e+00 1.91291180e-05 4.51469860e-05
4.80000000e+00 1.88596537e-05 4.50004990e-05
4.85000000e+00 1.86676383e-05 4.49688197e-05
4.90000000e+00 1.85545163e-05 4.50576087e-05
4.95000000e+00 1.85202607e-05 4.52717787e-05
5.00000000e+00 1.85635140e-05 4.56130183e-05
5.05000000e+00 1.86817247e-05 4.60767437e-05
5.10000000e+00 1.88713690e-05 4.66489880e-05
5.15000000e+00 1.91282600e-05 4.73042563e-05
5.20000000e+00 1.94477973e-05 4.80047833e-05
5.25000000e+00 1.98251747e-05 4.87016397e-05
5.30000000e+00 2.02553957e-05 4.93377573e-05
5.35000000e+00 2.07330397e-05 4.98526183e-05
5.40000000e+00 2.12519450e-05 5.01882863e-05
5.45000000e+00 2.18048967e-05 5.02958103e-05
5.50000000e+00 2.23835037e-05 5.01413873e-05
5.55000000e+00 2.29785150e-05 4.97110597e-05
5.60000000e+00 2.35804580e-05 4.90134160e-05
5.65000000e+00 2.41806457e-05 4.80793517e-05
5.70000000e+00 2.47720537e-05 4.69585457e-05
5.75000000e+00 2.53500293e-05 4.57131767e-05
5.80000000e+00 2.59124820e-05 4.44098550e-05
5.85000000e+00 2.64597237e-05 4.31116800e-05
5.90000000e+00 2.69939633e-05 4.18717293e-05
5.95000000e+00 2.75187920e-05 4.07290433e-05
6.00000000e+00 2.80388237e-05 3.97069980e-05
6.05000000e+00 2.85593813e-05 3.88137410e-05
6.10000000e+00 2.90863880e-05 3.80439223e-05
6.15000000e+00 2.96261197e-05 3.73814920e-05
6.20000000e+00 3.01846493e-05 3.68031013e-05
6.25000000e+00 3.07669630e-05 3.62818007e-05
6.30000000e+00 3.13756070e-05 3.57910447e-05
6.35000000e+00 3.20092887e-05 3.53079020e-05
6.40000000e+00 3.26616173e-05 3.48154360e-05
6.45000000e+00 3.33206223e-05 3.43036647e-05
6.50000000e+00 3.39692040e-05 3.37692173e-05
6.55000000e+00 3.45868443e-05 3.32141473e-05
6.60000000e+00 3.51522397e-05 3.26441943e-05
6.65000000e+00 3.56463483e-05 3.20671813e-05
6.70000000e+00 3.60552750e-05 3.14914793e-05
6.75000000e+00 3.63721423e-05 3.09249727e-05
6.80000000e+00 3.65977023e-05 3.03744517e-05
6.85000000e+00 3.67395240e-05 2.98453263e-05
6.90000000e+00 3.68099417e-05 2.93417757e-05
6.95000000e+00 3.68234987e-05 2.88670237e-05
7.00000000e+00 3.67942073e-05 2.84238320e-05
7.05000000e+00 3.67335413e-05 2.80148160e-05
7.10000000e+00 3.66493910e-05 2.76426930e-05
7.15000000e+00 3.65462050e-05 2.73102080e-05
7.20000000e+00 3.64261470e-05 2.70197620e-05
7.25000000e+00 3.62905333e-05 2.67727997e-05
7.30000000e+00 3.61413920e-05 2.65690923e-05
7.35000000e+00 3.59822450e-05 2.64061723e-05
7.40000000e+00 3.58184980e-05 2.62789720e-05
7.45000000e+00 3.56570970e-05 2.61799337e-05
7.50000000e+00 3.55059243e-05 2.60994797e-05
7.55000000e+00 3.53729743e-05 2.60268240e-05
7.60000000e+00 3.52652337e-05 2.59509383e-05
7.65000000e+00 3.51875873e-05 2.58615363e-05
7.70000000e+00 3.51414360e-05 2.57499513e-05
7.75000000e+00 3.51236877e-05 2.56098050e-05
7.80000000e+00 3.51258797e-05 2.54374777e-05
7.85000000e+00 3.51341823e-05 2.52324240e-05
7.90000000e+00 3.51302370e-05 2.49972820e-05
7.95000000e+00 3.50929763e-05 2.47377703e-05
8.00000000e+00 3.50013313e-05 2.44622423e-05
8.05000000e+00 3.48370183e-05 2.41808800e-05
8.10000000e+00 3.45871077e-05 2.39045047e-05
8.15000000e+00 3.42452770e-05 2.36432013e-05
8.20000000e+00 3.38119827e-05 2.34050070e-05
8.25000000e+00 3.32932747e-05 2.31948587e-05
8.30000000e+00 3.26989893e-05 2.30140750e-05
8.35000000e+00 3.20407560e-05 2.28603730e-05
8.40000000e+00 3.13303170e-05 2.27285173e-05
8.45000000e+00 3.05785687e-05 2.26114653e-05
8.50000000e+00 2.97953537e-05 2.25018453e-05
8.55000000e+00 2.89900720e-05 2.23934817e-05
8.60000000e+00 2.81725323e-05 2.22825873e-05
8.65000000e+00 2.73537770e-05 2.21684107e-05
8.70000000e+00 2.65462217e-05 2.20530973e-05
8.75000000e+00 2.57631043e-05 2.19409990e-05
8.80000000e+00 2.50172513e-05 2.18375643e-05
8.85000000e+00 2.43196763e-05 2.17482707e-05
8.90000000e+00 2.36783303e-05 2.16777720e-05
8.95000000e+00 2.30973310e-05 2.16293840e-05
9.00000000e+00 2.25768243e-05 2.16049217e-05
9.05000000e+00 2.21133920e-05 2.16046817e-05
9.10000000e+00 2.17010450e-05 2.16275977e-05
9.15000000e+00 2.13324577e-05 2.16713820e-05
9.20000000e+00 2.10004387e-05 2.17327727e-05
9.25000000e+00 2.06992793e-05 2.18078793e-05
9.30000000e+00 2.04257107e-05 2.18925953e-05
9.35000000e+00 2.01793897e-05 2.19830967e-05
9.40000000e+00 1.99627207e-05 2.20762220e-05
9.45000000e+00 1.97802383e-05 2.21697253e-05
9.50000000e+00 1.96376423e-05 2.22622873e-05
9.55000000e+00 1.95408333e-05 2.23533873e-05
9.60000000e+00 1.94950190e-05 2.24430780e-05
9.65000000e+00 1.95040080e-05 2.25317333e-05
9.70000000e+00 1.95697343e-05 2.26198030e-05
9.75000000e+00 1.96918853e-05 2.27075253e-05
9.80000000e+00 1.98676703e-05 2.27945517e-05
9.85000000e+00 2.00916487e-05 2.28795607e-05
9.90000000e+00 2.03557463e-05 2.29599280e-05
9.95000000e+00 2.06494437e-05 2.30315923e-05
1.00000000e+01 2.09602863e-05 2.30893230e-05
1.00500000e+01 2.12747203e-05 2.31273783e-05
1.01000000e+01 2.15792147e-05 2.31405663e-05
1.01500000e+01 2.18614550e-05 2.31254280e-05
1.02000000e+01 2.21113560e-05 2.30813093e-05
1.02500000e+01 2.23216363e-05 2.30110223e-05
1.03000000e+01 2.24878263e-05 2.29208633e-05
1.03500000e+01 2.26078003e-05 2.28201123e-05
1.04000000e+01 2.26810700e-05 2.27200413e-05
1.04500000e+01 2.27081793e-05 2.26327710e-05
1.05000000e+01 2.26903937e-05 2.25701150e-05
1.05500000e+01 2.26297687e-05 2.25426090e-05
1.06000000e+01 2.25295420e-05 2.25587827e-05
1.06500000e+01 2.23945863e-05 2.26246273e-05
1.07000000e+01 2.22317777e-05 2.27433003e-05
1.07500000e+01 2.20500360e-05 2.29149587e-05
1.08000000e+01 2.18600773e-05 2.31367240e-05
1.08500000e+01 2.16738603e-05 2.34027747e-05
1.09000000e+01 2.15038573e-05 2.37046077e-05
1.09500000e+01 2.13623057e-05 2.40315770e-05
1.10000000e+01 2.12604563e-05 2.43717190e-05
1.10500000e+01 2.12079990e-05 2.47129847e-05
1.11000000e+01 2.12125323e-05 2.50446570e-05
1.11500000e+01 2.12791780e-05 2.53587597e-05
1.12000000e+01 2.14103490e-05 2.56510707e-05
1.12500000e+01 2.16055903e-05 2.59214580e-05
1.13000000e+01 2.18615813e-05 2.61734483e-05
1.13500000e+01 2.21722717e-05 2.64131330e-05
1.14000000e+01 2.25292013e-05 2.66477967e-05
1.14500000e+01 2.29219363e-05 2.68845290e-05
1.15000000e+01 2.33386050e-05 2.71291490e-05
1.15500000e+01 2.37665590e-05 2.73854910e-05
1.16000000e+01 2.41930197e-05 2.76551183e-05
1.16500000e+01 2.46058363e-05 2.79373767e-05
1.17000000e+01 2.49941990e-05 2.82296837e-05
1.17500000e+01 2.53494023e-05 2.85281037e-05
1.18000000e+01 2.56654497e-05 2.88278813e-05
1.18500000e+01 2.59394440e-05 2.91241063e-05
1.19000000e+01 2.61718050e-05 2.94121647e-05
1.19500000e+01 2.63661243e-05 2.96880257e-05
1.20000000e+01 2.65289237e-05 2.99482207e-05
1.20500000e+01 2.66691207e-05 3.01895423e-05
1.21000000e+01 2.67973717e-05 3.04085493e-05
1.21500000e+01 2.69252853e-05 3.06009877e-05
1.22000000e+01 2.70644773e-05 3.07613840e-05
1.22500000e+01 2.72258053e-05 3.08829013e-05
1.23000000e+01 2.74185433e-05 3.09576380e-05
1.23500000e+01 2.76498523e-05 3.09773387e-05
1.24000000e+01 2.79242763e-05 3.09344777e-05
1.24500000e+01 2.82433727e-05 3.08234760e-05
1.25000000e+01 2.86054210e-05 3.06418810e-05
1.25500000e+01 2.90051213e-05 3.03911293e-05
1.26000000e+01 2.94335057e-05 3.00767367e-05
1.26500000e+01 2.98779047e-05 2.97077943e-05
1.27000000e+01 3.03223387e-05 2.92957600e-05
1.27500000e+01 3.07480923e-05 2.88529290e-05
1.28000000e+01 3.11347613e-05 2.83907453e-05
1.28500000e+01 3.14615727e-05 2.79185230e-05
1.29000000e+01 3.17089140e-05 2.74426607e-05
1.29500000e+01 3.18599527e-05 2.69665783e-05
1.30000000e+01 3.19020383e-05 2.64913633e-05
1.30500000e+01 3.18279297e-05 2.60167950e-05
1.31000000e+01 3.16363707e-05 2.55426827e-05
1.31500000e+01 3.13322187e-05 2.50699827e-05
1.32000000e+01 3.09258487e-05 2.46015987e-05
1.32500000e+01 3.04321133e-05 2.41426080e-05
1.33000000e+01 2.98689163e-05 2.36999670e-05
1.33500000e+01 2.92557207e-05 2.32818950e-05
1.34000000e+01 2.86122330e-05 2.28970117e-05
1.34500000e+01 2.79573293e-05 2.25535937e-05
1.35000000e+01 2.73083650e-05 2.22589240e-05
1.35500000e+01 2.66807050e-05 2.20189047e-05
1.36000000e+01 2.60874527e-05 2.18378147e-05
1.36500000e+01 2.55392297e-05 2.17182227e-05
1.37000000e+01 2.50440153e-05 2.16609950e-05
1.37500000e+01 2.46069997e-05 2.16652947e-05
1.38000000e+01 2.42305050e-05 2.17285977e-05
1.38500000e+01 2.39139533e-05 2.18465943e-05
1.39000000e+01 2.36539717e-05 2.20130550e-05
1.39500000e+01 2.34446057e-05 2.22195683e-05
1.40000000e+01 2.32776853e-05 2.24552810e-05
1.40500000e+01 2.31433337e-05 2.27067247e-05
1.41000000e+01 2.30306270e-05 2.29579143e-05
1.41500000e+01 2.29283613e-05 2.31909757e-05
1.42000000e+01 2.28258490e-05 2.33873653e-05
1.42500000e+01 2.27137093e-05 2.35298130e-05
1.43000000e+01 2.25845023e-05 2.36046497e-05
1.43500000e+01 2.24331673e-05 2.36041350e-05
1.44000000e+01 2.22571910e-05 2.35280843e-05
1.44500000e+01 2.20564890e-05 2.33842600e-05
1.45000000e+01 2.18330417e-05 2.31873820e-05
1.45500000e+01 2.15903480e-05 2.29568660e-05
1.46000000e+01 2.13327937e-05 2.27140210e-05
1.46500000e+01 2.10650533e-05 2.24792847e-05
1.47000000e+01 2.07915580e-05 2.22700670e-05
1.47500000e+01 2.05161523e-05 2.20994187e-05
1.48000000e+01 2.02418907e-05 2.19754580e-05
1.48500000e+01 1.99710097e-05 2.19014613e-05
1.49000000e+01 1.97050133e-05 2.18763273e-05
1.49500000e+01 1.94448553e-05 2.18953247e-05
1.50000000e+01 1.91911320e-05 2.19510027e-05
1.50500000e+01 1.89442897e-05 2.20341740e-05
1.51000000e+01 1.87047857e-05 2.21349657e-05
1.51500000e+01 1.84731880e-05 2.22438313e-05
1.52000000e+01 1.82502527e-05 2.23525420e-05
1.52500000e+01 1.80368927e-05 2.24549653e-05
1.53000000e+01 1.78341960e-05 2.25476377e-05
1.53500000e+01 1.76433400e-05 2.26300390e-05
1.54000000e+01 1.74655593e-05 2.27044627e-05
1.54500000e+01 1.73020723e-05 2.27755937e-05
1.55000000e+01 1.71539940e-05 2.28497100e-05
1.55500000e+01 1.70222657e-05 2.29337500e-05
1.56000000e+01 1.69075137e-05 2.30342713e-05
1.56500000e+01 1.68099883e-05 2.31565123e-05
1.57000000e+01 1.67294153e-05 2.33036397e-05
1.57500000e+01 1.66649747e-05 2.34762443e-05
1.58000000e+01 1.66152613e-05 2.36721677e-05
1.58500000e+01 1.65783603e-05 2.38865773e-05
1.59000000e+01 1.65519640e-05 2.41122920e-05
1.59500000e+01 1.65335507e-05 2.43403090e-05
1.60000000e+01 1.65206413e-05 2.45603957e-05
1.60500000e+01 1.65109760e-05 2.47617647e-05
1.61000000e+01 1.65027733e-05 2.49336960e-05
1.61500000e+01 1.64948280e-05 2.50661973e-05
1.62000000e+01 1.64866243e-05 2.51506450e-05
1.62500000e+01 1.64783153e-05 2.51804590e-05
1.63000000e+01 1.64706607e-05 2.51517707e-05
1.63500000e+01 1.64649397e-05 2.50639103e-05
1.64000000e+01 1.64627680e-05 2.49196623e-05
1.64500000e+01 1.64659970e-05 2.47249673e-05
1.65000000e+01 1.64764947e-05 2.44882587e-05
1.65500000e+01 1.64960287e-05 2.42193443e-05
1.66000000e+01 1.65260793e-05 2.39282197e-05
1.66500000e+01 1.65677233e-05 2.36239880e-05
1.67000000e+01 1.66215323e-05 2.33141203e-05
1.67500000e+01 1.66875050e-05 2.30041700e-05
1.68000000e+01 1.67650890e-05 2.26978287e-05
1.68500000e+01 1.68532100e-05 2.23973363e-05
1.69000000e+01 1.69503933e-05 2.21039303e-05
1.69500000e+01 1.70548653e-05 2.18184010e-05
1.70000000e+01 1.71647247e-05 2.15414717e-05
1.70500000e+01 1.72780533e-05 2.12741440e-05
1.71000000e+01 1.73930467e-05 2.10179193e-05
1.71500000e+01 1.75081003e-05 2.07749093e-05
1.72000000e+01 1.76218740e-05 2.05478977e-05
1.72500000e+01 1.77333410e-05 2.03402550e-05
1.73000000e+01 1.78418087e-05 2.01557733e-05
1.73500000e+01 1.79469953e-05 1.99983667e-05
1.74000000e+01 1.80490313e-05 1.98717217e-05
1.74500000e+01 1.81485260e-05 1.97789303e-05
1.75000000e+01 1.82465560e-05 1.97221280e-05
1.75500000e+01 1.83445970e-05 1.97022557e-05
1.76000000e+01 1.84443887e-05 1.97188790e-05
1.76500000e+01 1.85476967e-05 1.97701233e-05
1.77000000e+01 1.86560403e-05 1.98527267e-05
1.77500000e+01 1.87703903e-05 1.99621593e-05
1.78000000e+01 1.88909117e-05 2.00928813e-05
1.78500000e+01 1.90167883e-05 2.02386203e-05
1.79000000e+01 1.91461573e-05 2.03927787e-05
1.79500000e+01 1.92761867e-05 2.05488270e-05
1.80000000e+01 1.94032723e-05 2.07006993e-05
1.80500000e+01 1.95233660e-05 2.08431440e-05
1.81000000e+01 1.96323810e-05 2.09719320e-05
1.81500000e+01 1.97266190e-05 2.10840023e-05
1.82000000e+01 1.98032080e-05 2.11774013e-05
1.82500000e+01 1.98604037e-05 2.12511887e-05
1.83000000e+01 1.98977920e-05 2.13052000e-05
1.83500000e+01 1.99162913e-05 2.13398183e-05
1.84000000e+01 1.99179713e-05 2.13557573e-05
1.84500000e+01 1.99057483e-05 2.13538523e-05
1.85000000e+01 1.98829457e-05 2.13349663e-05
1.85500000e+01 1.98528727e-05 2.12999430e-05
1.86000000e+01 1.98184030e-05 2.12496590e-05
1.86500000e+01 1.97816710e-05 2.11851343e-05
1.87000000e+01 1.97438867e-05 2.11076670e-05
1.87500000e+01 1.97052650e-05 2.10189833e-05
1.88000000e+01 1.96651360e-05 2.09213473e-05
1.88500000e+01 1.96221110e-05 2.08176073e-05
1.89000000e+01 1.95743893e-05 2.07111907e-05
1.89500000e+01 1.95200800e-05 2.06059983e-05
1.90000000e+01 1.94575470e-05 2.05062607e-05
1.90500000e+01 1.93857223e-05 2.04163053e-05
1.91000000e+01 1.93043400e-05 2.03403213e-05
1.91500000e+01 1.92140873e-05 2.02821013e-05
1.92000000e+01 1.91166107e-05 2.02447787e-05
1.92500000e+01 1.90144397e-05 2.02306197e-05
1.93000000e+01 1.89107813e-05 2.02408240e-05
1.93500000e+01 1.88092727e-05 2.02754097e-05
1.94000000e+01 1.87136803e-05 2.03331500e-05
1.94500000e+01 1.86276083e-05 2.04115920e-05
1.95000000e+01 1.85542490e-05 2.05071707e-05
1.95500000e+01 1.84961720e-05 2.06154020e-05
1.96000000e+01 1.84551970e-05 2.07311860e-05
1.96500000e+01 1.84323270e-05 2.08491777e-05
1.97000000e+01 1.84277433e-05 2.09642203e-05
1.97500000e+01 1.84408557e-05 2.10717817e-05
1.98000000e+01 1.84703863e-05 2.11683357e-05
1.98500000e+01 1.85144837e-05 2.12516460e-05
1.99000000e+01 1.85708353e-05 2.13208820e-05
1.99500000e+01 1.86367993e-05 2.13765607e-05
2.00000000e+01 1.87095363e-05 2.14203393e-05
2.00500000e+01 1.87861307e-05 2.14546763e-05
2.01000000e+01 1.88637413e-05 2.14824577e-05
2.01500000e+01 1.89397493e-05 2.15066327e-05
2.02000000e+01 1.90119187e-05 2.15299293e-05
2.02500000e+01 1.90785507e-05 2.15546430e-05
2.03000000e+01 1.91386037e-05 2.15825093e-05
2.03500000e+01 1.91917813e-05 2.16146250e-05
2.04000000e+01 1.92385283e-05 2.16513623e-05
2.04500000e+01 1.92799630e-05 2.16922770e-05
2.05000000e+01 1.93177403e-05 2.17359887e-05
2.05500000e+01 1.93538650e-05 2.17800597e-05
2.06000000e+01 1.93904970e-05 2.18209330e-05
2.06500000e+01 1.94297453e-05 2.18539810e-05
2.07000000e+01 1.94735107e-05 2.18737300e-05
2.07500000e+01 1.95233400e-05 2.18742860e-05
2.08000000e+01 1.95803027e-05 2.18499523e-05
2.08500000e+01 1.96448657e-05 2.17959650e-05
2.09000000e+01 1.97167777e-05 2.17092300e-05
2.09500000e+01 1.97949400e-05 2.15889027e-05
2.10000000e+01 1.98773313e-05 2.14366800e-05
2.10500000e+01 1.99609753e-05 2.12567403e-05
2.11000000e+01 2.00420570e-05 2.10553500e-05
2.11500000e+01 2.01161950e-05 2.08402477e-05
2.12000000e+01 2.01788790e-05 2.06199187e-05
2.12500000e+01 2.02260530e-05 2.04029420e-05
2.13000000e+01 2.02547387e-05 2.01974470e-05
2.13500000e+01 2.02635877e-05 2.00107477e-05
2.14000000e+01 2.02532113e-05 1.98491390e-05
2.14500000e+01 2.02262223e-05 1.97178047e-05
2.15000000e+01 2.01869617e-05 1.96208070e-05
2.15500000e+01 2.01409617e-05 1.95611090e-05
2.16000000e+01 2.00942763e-05 1.95406047e-05
2.16500000e+01 2.00527690e-05 1.95601393e-05
2.17000000e+01 2.00214990e-05 1.96195073e-05
2.17500000e+01 2.00042367e-05 1.97174387e-05
2.18000000e+01 2.00031520e-05 1.98515670e-05
2.18500000e+01 2.00186707e-05 2.00184167e-05
2.19000000e+01 2.00494837e-05 2.02134070e-05
2.19500000e+01 2.00927070e-05 2.04308980e-05
2.20000000e+01 2.01441770e-05 2.06643020e-05
2.20500000e+01 2.01988813e-05 2.09062490e-05
2.21000000e+01 2.02515070e-05 2.11488287e-05
2.21500000e+01 2.02970477e-05 2.13838660e-05
2.22000000e+01 2.03314343e-05 2.16032557e-05
2.22500000e+01 2.03520790e-05 2.17992947e-05
2.23000000e+01 2.03582617e-05 2.19650130e-05
2.23500000e+01 2.03512973e-05 2.20944777e-05
2.24000000e+01 2.03344300e-05 2.21830327e-05
2.24500000e+01 2.03125083e-05 2.22274740e-05
2.25000000e+01 2.02914727e-05 2.22261263e-05
2.25500000e+01 2.02777467e-05 2.21788433e-05
2.26000000e+01 2.02776163e-05 2.20869360e-05
2.26500000e+01 2.02966573e-05 2.19530677e-05
2.27000000e+01 2.03392777e-05 2.17811187e-05
2.27500000e+01 2.04083650e-05 2.15760650e-05
2.28000000e+01 2.05050713e-05 2.13438303e-05
2.28500000e+01 2.06287293e-05 2.10911113e-05
2.29000000e+01 2.07768753e-05 2.08251293e-05
2.29500000e+01 2.09454090e-05 2.05533153e-05
2.30000000e+01 2.11288657e-05 2.02829237e-05
2.30500000e+01 2.13208157e-05 2.00206193e-05
2.31000000e+01 2.15143753e-05 1.97720960e-05
2.31500000e+01 2.17027967e-05 1.95417810e-05
2.32000000e+01 2.18800960e-05 1.93326630e-05
2.32500000e+01 2.20416337e-05 1.91462733e-05
2.33000000e+01 2.21845727e-05 1.89828240e-05
2.33500000e+01 2.23081103e-05 1.88414683e-05
2.34000000e+01 2.24134573e-05 1.87206607e-05
2.34500000e+01 2.25035283e-05 1.86185440e-05
2.35000000e+01 2.25823963e-05 1.85333427e-05
2.35500000e+01 2.26545997e-05 1.84636727e-05
2.36000000e+01 2.27244003e-05 1.84087530e-05
2.36500000e+01 2.27951287e-05 1.83685000e-05
2.37000000e+01 2.28686720e-05 1.83434907e-05
2.37500000e+01 2.29452103e-05 1.83348340e-05
2.38000000e+01 2.30232013e-05 1.83439723e-05
2.38500000e+01 2.30996160e-05 1.83724627e-05
2.39000000e+01 2.31704117e-05 1.84217603e-05
2.39500000e+01 2.32311660e-05 1.84930490e-05
2.40000000e+01 2.32777973e-05 1.85870907e-05
2.40500000e+01 2.33072747e-05 1.87041463e-05
2.41000000e+01 2.33181940e-05 1.88439193e-05
2.41500000e+01 2.33111507e-05 1.90055387e-05
2.42000000e+01 2.32888290e-05 1.91875610e-05
2.42500000e+01 2.32558107e-05 1.93880060e-05
2.43000000e+01 2.32181370e-05 1.96044103e-05
2.43500000e+01 2.31827120e-05 1.98338970e-05
2.44000000e+01 2.31566613e-05 2.00732817e-05
2.44500000e+01 2.31467183e-05 2.03191963e-05
2.45000000e+01 2.31587397e-05 2.05682270e-05
2.45500000e+01 2.31973730e-05 2.08170747e-05
2.46000000e+01 2.32658797e-05 2.10626990e-05
2.46500000e+01 2.33661053e-05 2.13024803e-05
2.47000000e+01 2.34985473e-05 2.15343503e-05
2.47500000e+01 2.36625017e-05 2.17569087e-05
2.48000000e+01 2.38562253e-05 2.19695090e-05
2.48500000e+01 2.40771150e-05 2.21722970e-05
2.49000000e+01 2.43218500e-05 2.23661740e-05
2.49500000e+01 2.45865187e-05 2.25526743e-05
2.50000000e+01 2.48667057e-05 2.27337390e-05
2.50500000e+01 2.51575667e-05 2.29113857e-05
2.51000000e+01 2.54539083e-05 2.30873217e-05
2.51500000e+01 2.57502820e-05 2.32625460e-05
2.52000000e+01 2.60411240e-05 2.34370173e-05
2.52500000e+01 2.63209430e-05 2.36094423e-05
2.53000000e+01 2.65845543e-05 2.37772410e-05
2.53500000e+01 2.68273427e-05 2.39366803e-05
2.54000000e+01 2.70455350e-05 2.40831873e-05
2.54500000e+01 2.72364383e-05 2.42117233e-05
2.55000000e+01 2.73986243e-05 2.43172163e-05
2.55500000e+01 2.75320317e-05 2.43949303e-05
2.56000000e+01 2.76379680e-05 2.44407690e-05
2.56500000e+01 2.77190220e-05 2.44514690e-05
2.57000000e+01 2.77788670e-05 2.44247367e-05
2.57500000e+01 2.78219850e-05 2.43593587e-05
2.58000000e+01 2.78533340e-05 2.42553007e-05
2.58500000e+01 2.78779627e-05 2.41138143e-05
2.59000000e+01 2.79006370e-05 2.39374883e-05
2.59500000e+01 2.79255077e-05 2.37302093e-05
2.60000000e+01 2.79558490e-05 2.34969657e-05
2.60500000e+01 2.79939333e-05 2.32435000e-05
2.61000000e+01 2.80410407e-05 2.29758340e-05
2.61500000e+01 2.80976117e-05 2.26997997e-05
2.62000000e+01 2.81635193e-05 2.24206237e-05
2.62500000e+01 2.82383963e-05 2.21426833e-05
2.63000000e+01 2.83219603e-05 2.18694313e-05
2.63500000e+01 2.84142240e-05 2.16035033e-05
2.64000000e+01 2.85155813e-05 2.13469043e-05
2.64500000e+01 2.86266747e-05 2.11012210e-05
2.65000000e+01 2.87481050e-05 2.08677837e-05
2.65500000e+01 2.88800070e-05 2.06477430e-05
2.66000000e+01 2.90215740e-05 2.04420533e-05
2.66500000e+01 2.91706210e-05 2.02513777e-05
2.67000000e+01 2.93232760e-05 2.00759970e-05
2.67500000e+01 2.94738740e-05 1.99157430e-05
2.68000000e+01 2.96150923e-05 1.97700180e-05
2.68500000e+01 2.97383593e-05 1.96378980e-05
2.69000000e+01 2.98345153e-05 1.95183383e-05
2.69500000e+01 2.98946590e-05 1.94104107e-05
2.70000000e+01 2.99110750e-05 1.93135300e-05
2.70500000e+01 2.98781063e-05 1.92276030e-05
2.71000000e+01 2.97928403e-05 1.91530697e-05
2.71500000e+01 2.96554813e-05 1.90908027e-05
2.72000000e+01 2.94693863e-05 1.90419040e-05
2.72500000e+01 2.92407617e-05 1.90074420e-05
2.73000000e+01 2.89781053e-05 1.89881923e-05
2.73500000e+01 2.86914793e-05 1.89844360e-05
2.74000000e+01 2.83917460e-05 1.89958480e-05
2.74500000e+01 2.80898217e-05 1.90214867e-05
2.75000000e+01 2.77960310e-05 1.90598607e-05
2.75500000e+01 2.75195753e-05 1.91090513e-05
2.76000000e+01 2.72681377e-05 1.91668360e-05
2.76500000e+01 2.70476047e-05 1.92307983e-05
2.77000000e+01 2.68618987e-05 1.92983950e-05
2.77500000e+01 2.67128950e-05 1.93669883e-05
2.78000000e+01 2.66004043e-05 1.94338607e-05
2.78500000e+01 2.65222083e-05 1.94962467e-05
2.79000000e+01 2.64741497e-05 1.95513987e-05
2.79500000e+01 2.64502647e-05 1.95967200e-05
2.80000000e+01 2.64429800e-05 1.96299443e-05
2.80500000e+01 2.64434060e-05 1.96493543e-05
2.81000000e+01 2.64417220e-05 1.96539917e-05
2.81500000e+01 2.64276980e-05 1.96438257e-05
2.82000000e+01 2.63913133e-05 1.96198390e-05
2.82500000e+01 2.63234743e-05 1.95840270e-05
2.83000000e+01 2.62167297e-05 1.95392933e-05
2.83500000e+01 2.60659103e-05 1.94892850e-05
2.84000000e+01 2.58685867e-05 1.94381747e-05
2.84500000e+01 2.56252513e-05 1.93904210e-05
2.85000000e+01 2.53391963e-05 1.93505303e-05
2.85500000e+01 2.50160903e-05 1.93228267e-05
2.86000000e+01 2.46633307e-05 1.93112370e-05
2.86500000e+01 2.42892687e-05 1.93190960e-05
2.87000000e+01 2.39024320e-05 1.93489667e-05
2.87500000e+01 2.35108423e-05 1.94024787e-05
2.88000000e+01 2.31214973e-05 1.94801920e-05
2.88500000e+01 2.27400580e-05 1.95814817e-05
2.89000000e+01 2.23707297e-05 1.97044603e-05
2.89500000e+01 2.20163187e-05 1.98459393e-05
2.90000000e+01 2.16784070e-05 2.00014350e-05
2.90500000e+01 2.13576037e-05 2.01652357e-05
2.91000000e+01 2.10538067e-05 2.03305447e-05
2.91500000e+01 2.07664490e-05 2.04896977e-05
2.92000000e+01 2.04946873e-05 2.06345023e-05
2.92500000e+01 2.02375390e-05 2.07566943e-05
2.93000000e+01 1.99939490e-05 2.08485310e-05
2.93500000e+01 1.97628237e-05 2.09034760e-05
2.94000000e+01 1.95430313e-05 2.09169097e-05
2.94500000e+01 1.93334100e-05 2.08867330e-05
2.95000000e+01 1.91327780e-05 2.08137230e-05
2.95500000e+01 1.89399720e-05 2.07015230e-05
2.96000000e+01 1.87539140e-05 2.05562163e-05
2.96500000e+01 1.85737000e-05 2.03855500e-05
2.97000000e+01 1.83987070e-05 2.01979330e-05
2.97500000e+01 1.82286970e-05 2.00014020e-05
2.98000000e+01 1.80639077e-05 1.98027243e-05
2.98500000e+01 1.79051053e-05 1.96067510e-05
2.99000000e+01 1.77535900e-05 1.94160933e-05
2.99500000e+01 1.76111380e-05 1.92311210e-05
3.00000000e+01 1.74798873e-05 1.90502560e-05
3.00500000e+01 1.73621650e-05 1.88704987e-05
3.01000000e+01 1.72602647e-05 1.86881177e-05
3.01500000e+01 1.71762060e-05 1.84993897e-05
3.02000000e+01 1.71114713e-05 1.83013010e-05
3.02500000e+01 1.70667627e-05 1.80920863e-05
3.03000000e+01 1.70417927e-05 1.78715437e-05
3.03500000e+01 1.70351493e-05 1.76410737e-05
3.04000000e+01 1.70442537e-05 1.74034813e-05
3.04500000e+01 1.70654583e-05 1.71625937e-05
3.05000000e+01 1.70942923e-05 1.69227957e-05
3.05500000e+01 1.71258593e-05 1.66885680e-05
3.06000000e+01 1.71553453e-05 1.64640910e-05
3.06500000e+01 1.71785633e-05 1.62529510e-05
3.07000000e+01 1.71924377e-05 1.60579487e-05
3.07500000e+01 1.71953177e-05 1.58809997e-05
3.08000000e+01 1.71870613e-05 1.57230993e-05
3.08500000e+01 1.71688667e-05 1.55843390e-05
3.09000000e+01 1.71428963e-05 1.54639533e-05
3.09500000e+01 1.71117930e-05 1.53603973e-05
3.10000000e+01 1.70781817e-05 1.52714467e-05
3.10500000e+01 1.70442607e-05 1.51943310e-05
3.11000000e+01 1.70115280e-05 1.51258947e-05
3.11500000e+01 1.69806793e-05 1.50627837e-05
3.12000000e+01 1.69516470e-05 1.50016543e-05
3.12500000e+01 1.69237720e-05 1.49393857e-05
3.13000000e+01 1.68960470e-05 1.48732853e-05
3.13500000e+01 1.68673997e-05 1.48012627e-05
3.14000000e+01 1.68369683e-05 1.47219727e-05
3.14500000e+01 1.68043277e-05 1.46348987e-05
3.15000000e+01 1.67696430e-05 1.45403880e-05
3.15500000e+01 1.67337320e-05 1.44396257e-05
3.16000000e+01 1.66980390e-05 1.43345603e-05
3.16500000e+01 1.66645340e-05 1.42277780e-05
3.17000000e+01 1.66355627e-05 1.41223427e-05
3.17500000e+01 1.66136660e-05 1.40216083e-05
3.18000000e+01 1.66014010e-05 1.39290233e-05
3.18500000e+01 1.66011633e-05 1.38479368e-05
3.19000000e+01 1.66150300e-05 1.37814210e-05
3.19500000e+01 1.66446127e-05 1.37321166e-05
3.20000000e+01 1.66909230e-05 1.37021045e-05
3.20500000e+01 1.67542513e-05 1.36928070e-05
3.21000000e+01 1.68340543e-05 1.37049147e-05
3.21500000e+01 1.69288603e-05 1.37383397e-05
3.22000000e+01 1.70362003e-05 1.37921980e-05
3.22500000e+01 1.71525743e-05 1.38648240e-05
3.23000000e+01 1.72734767e-05 1.39538197e-05
3.23500000e+01 1.73934957e-05 1.40561553e-05
3.24000000e+01 1.75065217e-05 1.41683230e-05
3.24500000e+01 1.76060717e-05 1.42865450e-05
3.25000000e+01 1.76857410e-05 1.44070293e-05
3.25500000e+01 1.77397507e-05 1.45262593e-05
3.26000000e+01 1.77635357e-05 1.46412760e-05
3.26500000e+01 1.77542863e-05 1.47499333e-05
3.27000000e+01 1.77113353e-05 1.48510687e-05
3.27500000e+01 1.75295510e-05 1.49952117e-05
3.28000000e+01 1.74496947e-05 1.50797227e-05
3.28500000e+01 1.73170180e-05 1.52108707e-05
3.29000000e+01 1.72283263e-05 1.53358660e-05
3.29500000e+01 1.71563297e-05 1.54115710e-05
3.30000000e+01 1.71154957e-05 1.55251783e-05
3.30500000e+01 1.70999410e-05 1.56287027e-05
3.31000000e+01 1.70558257e-05 1.56979800e-05
3.31500000e+01 1.70698293e-05 1.57861167e-05
3.32000000e+01 1.70945433e-05 1.58637980e-05
3.32500000e+01 1.71310213e-05 1.59331997e-05
3.33000000e+01 1.71672220e-05 1.59933887e-05
3.33500000e+01 1.72056943e-05 1.60468767e-05
3.34000000e+01 1.72039650e-05 1.60905890e-05
3.34500000e+01 1.72469413e-05 1.61348393e-05
3.35000000e+01 1.72893803e-05 1.61751377e-05
3.35500000e+01 1.72963480e-05 1.62109367e-05
3.36000000e+01 1.73398583e-05 1.62456413e-05
3.36500000e+01 1.73509303e-05 1.62781630e-05
3.37000000e+01 1.73943783e-05 1.63089813e-05
3.37500000e+01 1.74360667e-05 1.63382620e-05
3.38000000e+01 1.74808723e-05 1.63658750e-05
3.38500000e+01 1.75188687e-05 1.63921527e-05
3.39000000e+01 1.75358707e-05 1.64193633e-05
3.39500000e+01 1.75727930e-05 1.64434277e-05
3.40000000e+01 1.76078503e-05 1.64659940e-05
3.40500000e+01 1.76274307e-05 1.64919493e-05
3.41000000e+01 1.76609907e-05 1.65122727e-05
3.41500000e+01 1.76822150e-05 1.65377823e-05
3.42000000e+01 1.77139610e-05 1.65557017e-05
3.42500000e+01 1.77435563e-05 1.65718000e-05
3.43000000e+01 1.77661477e-05 1.65960047e-05
3.43500000e+01 1.77934577e-05 1.66093617e-05
3.44000000e+01 1.78169003e-05 1.66327963e-05
3.44500000e+01 1.78409287e-05 1.66259650e-05
3.45000000e+01 1.78607550e-05 1.66330947e-05
3.45500000e+01 1.78824967e-05 1.66530480e-05
3.46000000e+01 1.78994447e-05 1.66572217e-05
3.46500000e+01 1.79210807e-05 1.66758860e-05
3.47000000e+01 1.79349500e-05 1.66770887e-05
3.47500000e+01 1.79561643e-05 1.66943050e-05
3.48000000e+01 1.79668057e-05 1.66925710e-05
3.48500000e+01 1.79751890e-05 1.66892257e-05
3.49000000e+01 1.79946173e-05 1.67036190e-05
3.49500000e+01 1.79997417e-05 1.66975417e-05
3.50000000e+01 1.80180733e-05 1.67102540e-05
3.50500000e+01 1.79965660e-05 1.66722717e-05
3.51000000e+01 1.80120790e-05 1.66823137e-05
3.51500000e+01 1.80095063e-05 1.66709093e-05
3.52000000e+01 1.80236123e-05 1.66792997e-05
3.52500000e+01 1.80180830e-05 1.66657447e-05
3.53000000e+01 1.80109200e-05 1.66512467e-05
3.53500000e+01 1.80222737e-05 1.66569413e-05
3.54000000e+01 1.80123910e-05 1.66405693e-05
3.54500000e+01 1.80221143e-05 1.66446820e-05
3.55000000e+01 1.80096460e-05 1.66265897e-05
3.55500000e+01 1.80176857e-05 1.66291563e-05
3.56000000e+01 1.80027807e-05 1.66094923e-05
3.56500000e+01 1.80091093e-05 1.66105567e-05
3.57000000e+01 1.79568683e-05 1.65565463e-05
3.57500000e+01 1.79606870e-05 1.65557883e-05
3.58000000e+01 1.79412647e-05 1.65336533e-05
3.58500000e+01 1.79434703e-05 1.65315557e-05
3.59000000e+01 1.79221977e-05 1.65082913e-05
3.59500000e+01 1.79228090e-05 1.65049010e-05
3.60000000e+01 1.78998327e-05 1.64806160e-05
3.60500000e+01 1.78988787e-05 1.64759817e-05
3.61000000e+01 1.78743417e-05 1.64507770e-05
3.61500000e+01 1.78492477e-05 1.64253640e-05
3.62000000e+01 1.78459020e-05 1.64189163e-05
3.62500000e+01 1.78194747e-05 1.63927320e-05
3.63000000e+01 1.78146910e-05 1.63851730e-05
3.63500000e+01 1.77870580e-05 1.63583037e-05
3.64000000e+01 1.77437340e-05 1.63184483e-05
3.64500000e+01 1.77153873e-05 1.62914457e-05
3.65000000e+01 1.77077133e-05 1.62818247e-05
3.65500000e+01 1.76784527e-05 1.62543243e-05
3.66000000e+01 1.76695620e-05 1.62437763e-05
3.66500000e+01 1.76394973e-05 1.62158547e-05
3.67000000e+01 1.76294457e-05 1.62044277e-05
3.67500000e+01 1.75986823e-05 1.61761583e-05
3.68000000e+01 1.75875287e-05 1.61639020e-05
3.68500000e+01 1.75561690e-05 1.61353567e-05
3.69000000e+01 1.75439753e-05 1.61223210e-05
3.69500000e+01 1.75121177e-05 1.60935710e-05
3.70000000e+01 1.74989480e-05 1.60798090e-05
3.70500000e+01 1.74666860e-05 1.60509220e-05
3.71000000e+01 1.74191967e-05 1.60101557e-05
3.71500000e+01 1.73871873e-05 1.59817643e-05
3.72000000e+01 1.73724460e-05 1.59669723e-05
3.72500000e+01 1.73402203e-05 1.59385803e-05
3.73000000e+01 1.73247370e-05 1.59232537e-05
3.73500000e+01 1.72923720e-05 1.58949213e-05
3.74000000e+01 1.72762103e-05 1.58791140e-05
3.74500000e+01 1.72596650e-05 1.58630040e-05
3.75000000e+01 1.72270017e-05 1.58346650e-05
3.75500000e+01 1.72098670e-05 1.58181530e-05
3.76000000e+01 1.71772413e-05 1.57900163e-05
3.76500000e+01 1.71595803e-05 1.57731563e-05
3.77000000e+01 1.71270533e-05 1.57452737e-05
3.77500000e+01 1.71089280e-05 1.57281223e-05
3.78000000e+01 1.70491733e-05 1.56805017e-05
3.78500000e+01 1.70309783e-05 1.56634873e-05
3.79000000e+01 1.69993517e-05 1.56367710e-05
3.79500000e+01 1.69808200e-05 1.56195807e-05
3.80000000e+01 1.69494303e-05 1.55932340e-05
3.80500000e+01 1.69306133e-05 1.55759160e-05
3.81000000e+01 1.68994983e-05 1.55499747e-05
3.81500000e+01 1.68804453e-05 1.55325767e-05
3.82000000e+01 1.68496383e-05 1.55070713e-05
3.82500000e+01 1.68303957e-05 1.54896397e-05
3.83000000e+01 1.68109880e-05 1.54721133e-05
3.83500000e+01 1.67805367e-05 1.54471750e-05
3.84000000e+01 1.67610043e-05 1.54296800e-05
3.84500000e+01 1.67309350e-05 1.54052503e-05
3.85000000e+01 1.67113167e-05 1.53878277e-05
3.85500000e+01 1.66816490e-05 1.53639257e-05
3.86000000e+01 1.66411407e-05 1.53332013e-05
3.86500000e+01 1.66122997e-05 1.53102163e-05
3.87000000e+01 1.65929607e-05 1.52934170e-05
3.87500000e+01 1.65645323e-05 1.52709673e-05
3.88000000e+01 1.65452020e-05 1.52543387e-05
3.88500000e+01 1.65171980e-05 1.52324357e-05
3.89000000e+01 1.64979020e-05 1.52160073e-05
3.89500000e+01 1.64785593e-05 1.51996120e-05
3.90000000e+01 1.64510933e-05 1.51784567e-05
3.90500000e+01 1.64318230e-05 1.51623047e-05
3.91000000e+01 1.64048043e-05 1.51417177e-05
3.91500000e+01 1.63856283e-05 1.51258320e-05
3.92000000e+01 1.63590607e-05 1.51058160e-05
3.92500000e+01 1.63399977e-05 1.50902183e-05
3.93000000e+01 1.63138827e-05 1.50707733e-05
3.93500000e+01 1.62789413e-05 1.50465563e-05
3.94000000e+01 1.62603110e-05 1.50316480e-05
3.94500000e+01 1.62350623e-05 1.50131897e-05
3.95000000e+01 1.62165803e-05 1.49986023e-05
3.95500000e+01 1.61917773e-05 1.49806930e-05
3.96000000e+01 1.61734573e-05 1.49664400e-05
3.96500000e+01 1.61491003e-05 1.49490740e-05
3.97000000e+01 1.61309543e-05 1.49351670e-05
3.97500000e+01 1.61128447e-05 1.49213883e-05
3.98000000e+01 1.60890823e-05 1.49047863e-05
3.98500000e+01 1.60711667e-05 1.48913717e-05
3.99000000e+01 1.60478520e-05 1.48752987e-05
3.99500000e+01 1.60301417e-05 1.48622557e-05
4.00000000e+01 1.60072740e-05 1.48467023e-05
4.00500000e+01 1.59897783e-05 1.48340357e-05
4.01000000e+01 1.59673563e-05 1.48189917e-05
4.01500000e+01 1.59378250e-05 1.48003857e-05
4.02000000e+01 1.59208600e-05 1.47884240e-05
4.02500000e+01 1.58992270e-05 1.47741477e-05
4.03000000e+01 1.58824973e-05 1.47625610e-05
4.03500000e+01 1.58613010e-05 1.47487537e-05
4.04000000e+01 1.58448143e-05 1.47375417e-05
4.04500000e+01 1.58284103e-05 1.47264913e-05
4.05000000e+01 1.58078207e-05 1.47133540e-05
4.05500000e+01 1.57916757e-05 1.47026820e-05
4.06000000e+01 1.57715257e-05 1.46899863e-05
4.06500000e+01 1.57556487e-05 1.46796907e-05
4.07000000e+01 1.57359380e-05 1.46674233e-05
4.07500000e+01 1.57203373e-05 1.46575017e-05
4.08000000e+01 1.57048413e-05 1.46477497e-05
4.08500000e+01 1.56857500e-05 1.46360987e-05
4.09000000e+01 1.56705453e-05 1.46267177e-05
4.09500000e+01 1.56518947e-05 1.46154647e-05
4.10000000e+01 1.56275007e-05 1.46008350e-05
4.10500000e+01 1.56093840e-05 1.45899093e-05
4.11000000e+01 1.55949607e-05 1.45813060e-05
4.11500000e+01 1.55806593e-05 1.45728690e-05
4.12000000e+01 1.55631560e-05 1.45624840e-05
4.12500000e+01 1.55491673e-05 1.45543907e-05
4.13000000e+01 1.55320917e-05 1.45443500e-05
4.13500000e+01 1.55184233e-05 1.45365960e-05
4.14000000e+01 1.55048910e-05 1.45290067e-05
4.14500000e+01 1.54884310e-05 1.45194650e-05
4.15000000e+01 1.54752297e-05 1.45122060e-05
4.15500000e+01 1.54591927e-05 1.45029783e-05
4.16000000e+01 1.54463273e-05 1.44960433e-05
4.16500000e+01 1.54336110e-05 1.44892700e-05
4.17000000e+01 1.54181863e-05 1.44804983e-05
4.17500000e+01 1.54058153e-05 1.44740397e-05
4.18000000e+01 1.53908053e-05 1.44655510e-05
4.18500000e+01 1.53787823e-05 1.44594003e-05
4.19000000e+01 1.53588947e-05 1.44468800e-05
4.19500000e+01 1.53444743e-05 1.44386803e-05
4.20000000e+01 1.53330487e-05 1.44329457e-05
4.20500000e+01 1.53190170e-05 1.44249953e-05
4.21000000e+01 1.53079360e-05 1.44195417e-05
4.21500000e+01 1.52970150e-05 1.44142343e-05
4.22000000e+01 1.52835480e-05 1.44066493e-05
4.22500000e+01 1.52729737e-05 1.44016130e-05
4.23000000e+01 1.52598760e-05 1.43942490e-05
4.23500000e+01 1.52496460e-05 1.43894753e-05
4.24000000e+01 1.52395820e-05 1.43848413e-05
4.24500000e+01 1.52270217e-05 1.43778047e-05
4.25000000e+01 1.52172997e-05 1.43734220e-05
4.25500000e+01 1.52050847e-05 1.43665810e-05
4.26000000e+01 1.51957017e-05 1.43624423e-05
4.26500000e+01 1.51864850e-05 1.43584360e-05
4.27000000e+01 1.51747727e-05 1.43518843e-05
4.27500000e+01 1.51658887e-05 1.43481103e-05
4.28000000e+01 1.51459797e-05 1.43330883e-05
4.28500000e+01 1.51374073e-05 1.43294483e-05
4.29000000e+01 1.51289940e-05 1.43259307e-05
4.29500000e+01 1.51179397e-05 1.43196393e-05
4.30000000e+01 1.51098323e-05 1.43163297e-05
4.30500000e+01 1.51018817e-05 1.43131370e-05
4.31000000e+01 1.50912463e-05 1.43070733e-05
4.31500000e+01 1.50835910e-05 1.43040783e-05
4.32000000e+01 1.50732130e-05 1.42981470e-05
4.32500000e+01 1.50658447e-05 1.42953413e-05
4.33000000e+01 1.50586247e-05 1.42926440e-05
4.33500000e+01 1.50486173e-05 1.42869080e-05
4.34000000e+01 1.50416710e-05 1.42843900e-05
4.34500000e+01 1.50318857e-05 1.42787633e-05
4.35000000e+01 1.50252010e-05 1.42764157e-05
4.35500000e+01 1.50186560e-05 1.42741687e-05
4.36000000e+01 1.50091900e-05 1.42687060e-05
4.36500000e+01 1.50028913e-05 1.42666187e-05
4.37000000e+01 1.49967253e-05 1.42646277e-05
4.37500000e+01 1.49769353e-05 1.42478140e-05
4.38000000e+01 1.49708963e-05 1.42458380e-05
4.38500000e+01 1.49617133e-05 1.42404163e-05
4.39000000e+01 1.49558850e-05 1.42385777e-05
4.39500000e+01 1.49501740e-05 1.42368240e-05
4.40000000e+01 1.49412213e-05 1.42315137e-05
4.40500000e+01 1.49357027e-05 1.42298857e-05
4.41000000e+01 1.49302943e-05 1.42283383e-05
4.41500000e+01 1.49215413e-05 1.42231203e-05
4.42000000e+01 1.49163087e-05 1.42216870e-05
4.42500000e+01 1.49076647e-05 1.42165127e-05
4.43000000e+01 1.49025957e-05 1.42151860e-05
4.43500000e+01 1.48976217e-05 1.42139307e-05
4.44000000e+01 1.48891283e-05 1.42088183e-05
4.44500000e+01 1.48843000e-05 1.42076577e-05
4.45000000e+01 1.48795600e-05 1.42065643e-05
4.45500000e+01 1.48711907e-05 1.42014943e-05
4.46000000e+01 1.48665777e-05 1.42004823e-05
4.46500000e+01 1.48582683e-05 1.41954243e-05
4.47000000e+01 1.48537710e-05 1.41944867e-05
4.47500000e+01 1.48355193e-05 1.41785757e-05
4.48000000e+01 1.48271123e-05 1.41733407e-05
4.48500000e+01 1.48226430e-05 1.41723557e-05
4.49000000e+01 1.48182380e-05 1.41714203e-05
4.49500000e+01 1.48098873e-05 1.41661760e-05
4.50000000e+01 1.48055633e-05 1.41652877e-05
4.50500000e+01 1.48012960e-05 1.41644413e-05
4.51000000e+01 1.47929793e-05 1.41591710e-05
4.51500000e+01 1.47887773e-05 1.41583587e-05
4.52000000e+01 1.47804653e-05 1.41530530e-05
4.52500000e+01 1.47763190e-05 1.41522653e-05
4.53000000e+01 1.47722160e-05 1.41515100e-05
4.53500000e+01 1.47639043e-05 1.41461447e-05
4.54000000e+01 1.47598427e-05 1.41454003e-05
4.54500000e+01 1.47558173e-05 1.41446827e-05
4.55000000e+01 1.47474863e-05 1.41392373e-05
4.55500000e+01 1.47434880e-05 1.41385167e-05
4.56000000e+01 1.47395200e-05 1.41378143e-05
4.56500000e+01 1.47311520e-05 1.41322700e-05
4.57000000e+01 1.47271987e-05 1.41315510e-05
4.57500000e+01 1.47015867e-05 1.41070300e-05
4.58000000e+01 1.46974943e-05 1.41061030e-05
4.58500000e+01 1.46934203e-05 1.41051823e-05
4.59000000e+01 1.46848047e-05 1.40992470e-05
4.59500000e+01 1.46807270e-05 1.40982860e-05
4.60000000e+01 1.46766630e-05 1.40973227e-05
4.60500000e+01 1.46679757e-05 1.40912393e-05
4.61000000e+01 1.46638967e-05 1.40902217e-05
4.61500000e+01 1.46598257e-05 1.40891967e-05
4.62000000e+01 1.46510530e-05 1.40829453e-05
4.62500000e+01 1.46469567e-05 1.40818513e-05
4.63000000e+01 1.46428637e-05 1.40807413e-05
4.63500000e+01 1.46339947e-05 1.40743050e-05
4.64000000e+01 1.46298677e-05 1.40731123e-05
4.64500000e+01 1.46257373e-05 1.40718970e-05
4.65000000e+01 1.46167617e-05 1.40652567e-05
4.65500000e+01 1.46125883e-05 1.40639443e-05
4.66000000e+01 1.46035367e-05 1.40571597e-05
4.66500000e+01 1.45993147e-05 1.40557417e-05
4.67000000e+01 1.45950833e-05 1.40542897e-05
4.67500000e+01 1.45859087e-05 1.40472737e-05
4.68000000e+01 1.45612523e-05 1.40228857e-05
4.68500000e+01 1.45568190e-05 1.40211017e-05
4.69000000e+01 1.45473927e-05 1.40136933e-05
4.69500000e+01 1.45428973e-05 1.40117800e-05
4.70000000e+01 1.45383840e-05 1.40098193e-05
4.70500000e+01 1.45288207e-05 1.40021567e-05
4.71000000e+01 1.45242383e-05 1.40000543e-05
4.71500000e+01 1.45196343e-05 1.39978983e-05
4.72000000e+01 1.45099273e-05 1.39899673e-05
4.72500000e+01 1.45052470e-05 1.39876600e-05
4.73000000e+01 1.45005420e-05 1.39852917e-05
4.73500000e+01 1.44906833e-05 1.39770807e-05
4.74000000e+01 1.44858940e-05 1.39745497e-05
4.74500000e+01 1.44810777e-05 1.39719523e-05
4.75000000e+01 1.44710593e-05 1.39634497e-05
4.75500000e+01 1.44661537e-05 1.39606797e-05
4.76000000e+01 1.44612153e-05 1.39578383e-05
4.76500000e+01 1.44510313e-05 1.39490350e-05
4.77000000e+01 1.44459973e-05 1.39460117e-05
4.77500000e+01 1.44409283e-05 1.39429110e-05
4.78000000e+01 1.44305710e-05 1.39337980e-05
4.78500000e+01 1.44254003e-05 1.39305073e-05
4.79000000e+01 1.43969697e-05 1.39009277e-05
4.79500000e+01 1.43863373e-05 1.38914050e-05
4.80000000e+01 1.43809067e-05 1.38877040e-05
4.80500000e+01 1.43754337e-05 1.38839190e-05
4.81000000e+01 1.43646187e-05 1.38740807e-05
4.81500000e+01 1.43590340e-05 1.38700947e-05
4.82000000e+01 1.43534047e-05 1.38660217e-05
4.82500000e+01 1.43423997e-05 1.38558620e-05
4.83000000e+01 1.43366530e-05 1.38515823e-05
4.83500000e+01 1.43308587e-05 1.38472107e-05
4.84000000e+01 1.43196563e-05 1.38367267e-05
4.84500000e+01 1.43137390e-05 1.38321437e-05
4.85000000e+01 1.43077693e-05 1.38274653e-05
4.85500000e+01 1.42963630e-05 1.38166543e-05
4.86000000e+01 1.42902653e-05 1.38117597e-05
4.86500000e+01 1.42841127e-05 1.38067673e-05
4.87000000e+01 1.42724967e-05 1.37956257e-05
4.87500000e+01 1.42662090e-05 1.37904137e-05
4.88000000e+01 1.42598643e-05 1.37851003e-05
4.88500000e+01 1.42480303e-05 1.37736267e-05
4.89000000e+01 1.42415443e-05 1.37680917e-05
4.89500000e+01 1.42349980e-05 1.37624517e-05
4.90000000e+01 1.42229403e-05 1.37506460e-05
4.90500000e+01 1.41905207e-05 1.37162137e-05
4.91000000e+01 1.41836657e-05 1.37101603e-05
4.91500000e+01 1.41713100e-05 1.36979850e-05
4.92000000e+01 1.41643047e-05 1.36917067e-05
4.92500000e+01 1.41572320e-05 1.36853237e-05
4.93000000e+01 1.41446423e-05 1.36728213e-05
4.93500000e+01 1.41374143e-05 1.36662117e-05
4.94000000e+01 1.41301173e-05 1.36594953e-05
4.94500000e+01 1.41172860e-05 1.36466673e-05
4.95000000e+01 1.41098270e-05 1.36397227e-05
4.95500000e+01 1.41022940e-05 1.36326707e-05
4.96000000e+01 1.40892160e-05 1.36195160e-05
4.96500000e+01 1.40815157e-05 1.36122337e-05
4.97000000e+01 1.40737387e-05 1.36048430e-05
4.97500000e+01 1.40604087e-05 1.35913633e-05
4.98000000e+01 1.40524583e-05 1.35837413e-05
4.98500000e+01 1.40444297e-05 1.35760087e-05
4.99000000e+01 1.40363193e-05 1.35681660e-05
4.99500000e+01 1.40226310e-05 1.35542417e-05
5.00000000e+01 1.40143400e-05 1.35461657e-05
5.00500000e+01 1.40059657e-05 1.35379793e-05
5.01000000e+01 1.39920100e-05 1.35237313e-05
5.01500000e+01 1.39834493e-05 1.35153113e-05
5.02000000e+01 1.39748027e-05 1.35067783e-05
5.02500000e+01 1.39328243e-05 1.34623183e-05
5.03000000e+01 1.39239160e-05 1.34535120e-05
5.03500000e+01 1.39149190e-05 1.34445943e-05
5.04000000e+01 1.39003790e-05 1.34297157e-05
5.04500000e+01 1.38911900e-05 1.34205663e-05
5.05000000e+01 1.38819083e-05 1.34113060e-05
5.05500000e+01 1.38670910e-05 1.33961140e-05
5.06000000e+01 1.38576130e-05 1.33866227e-05
5.06500000e+01 1.38480410e-05 1.33770190e-05
5.07000000e+01 1.38329403e-05 1.33615160e-05
5.07500000e+01 1.38231660e-05 1.33516817e-05
5.08000000e+01 1.38132963e-05 1.33417333e-05
5.08500000e+01 1.38033280e-05 1.33316720e-05
5.09000000e+01 1.37878350e-05 1.33157437e-05
5.09500000e+01 1.37776603e-05 1.33054523e-05
5.10000000e+01 1.37673870e-05 1.32950467e-05
5.10500000e+01 1.37516030e-05 1.32788133e-05
5.11000000e+01 1.37411187e-05 1.32681780e-05
5.11500000e+01 1.37305340e-05 1.32574287e-05
5.12000000e+01 1.37144577e-05 1.32408933e-05
5.12500000e+01 1.37036607e-05 1.32299147e-05
5.13000000e+01 1.36927587e-05 1.32188233e-05
5.13500000e+01 1.36763897e-05 1.32019880e-05
5.14000000e+01 1.36652730e-05 1.31906687e-05
5.14500000e+01 1.36540523e-05 1.31792360e-05
5.15000000e+01 1.36137553e-05 1.31373810e-05
5.15500000e+01 1.35969913e-05 1.31201787e-05
5.16000000e+01 1.35854213e-05 1.31084070e-05
5.16500000e+01 1.35737460e-05 1.30965243e-05
5.17000000e+01 1.35566940e-05 1.30790350e-05
5.17500000e+01 1.35448037e-05 1.30669310e-05
5.18000000e+01 1.35328080e-05 1.30547157e-05
5.18500000e+01 1.35154677e-05 1.30369440e-05
5.19000000e+01 1.35032557e-05 1.30245093e-05
5.19500000e+01 1.34909390e-05 1.30119637e-05
5.20000000e+01 1.34785143e-05 1.29993087e-05
5.20500000e+01 1.34607797e-05 1.29811517e-05
5.21000000e+01 1.34481397e-05 1.29682800e-05
5.21500000e+01 1.34353933e-05 1.29552997e-05
5.22000000e+01 1.34173747e-05 1.29368707e-05
5.22500000e+01 1.34044123e-05 1.29236767e-05
5.23000000e+01 1.33913443e-05 1.29103733e-05
5.23500000e+01 1.33730453e-05 1.28916777e-05
5.24000000e+01 1.33597637e-05 1.28781633e-05
5.24500000e+01 1.33463737e-05 1.28645430e-05
5.25000000e+01 1.33328783e-05 1.28508163e-05
5.25500000e+01 1.33141977e-05 1.28317570e-05
5.26000000e+01 1.33004890e-05 1.28178230e-05
5.26500000e+01 1.32866750e-05 1.28037833e-05
5.27000000e+01 1.32677233e-05 1.27844697e-05
5.27500000e+01 1.32536997e-05 1.27702263e-05
5.28000000e+01 1.32105323e-05 1.27260613e-05
5.28500000e+01 1.31913667e-05 1.27065627e-05
5.29000000e+01 1.31770450e-05 1.26920443e-05
5.29500000e+01 1.31626213e-05 1.26774257e-05
5.30000000e+01 1.31480933e-05 1.26627047e-05
5.30500000e+01 1.31285690e-05 1.26428670e-05
5.31000000e+01 1.31138403e-05 1.26279503e-05
5.31500000e+01 1.30990080e-05 1.26129347e-05
5.32000000e+01 1.30792330e-05 1.25928600e-05
5.32500000e+01 1.30642020e-05 1.25776517e-05
5.33000000e+01 1.30490703e-05 1.25623447e-05
5.33500000e+01 1.30338370e-05 1.25469397e-05
5.34000000e+01 1.30137177e-05 1.25265407e-05
5.34500000e+01 1.29982907e-05 1.25109460e-05
5.35000000e+01 1.29827623e-05 1.24952550e-05
5.35500000e+01 1.29624030e-05 1.24746273e-05
5.36000000e+01 1.29466817e-05 1.24587497e-05
5.36500000e+01 1.29308637e-05 1.24427773e-05
5.37000000e+01 1.29102673e-05 1.24219243e-05
5.37500000e+01 1.28942580e-05 1.24057673e-05
5.38000000e+01 1.28781517e-05 1.23895143e-05
5.38500000e+01 1.28619483e-05 1.23731683e-05
5.39000000e+01 1.28410313e-05 1.23520040e-05
5.39500000e+01 1.28246417e-05 1.23354757e-05
5.40000000e+01 1.28081567e-05 1.23188527e-05
5.40500000e+01 1.27870120e-05 1.22974683e-05
5.41000000e+01 1.27703423e-05 1.22806653e-05
5.41500000e+01 1.27253603e-05 1.22348953e-05
5.42000000e+01 1.27085413e-05 1.22179410e-05
5.42500000e+01 1.26871570e-05 1.21963150e-05
5.43000000e+01 1.26701577e-05 1.21791800e-05
5.43500000e+01 1.26530673e-05 1.21619530e-05
5.44000000e+01 1.26314643e-05 1.21401073e-05
5.44500000e+01 1.26141943e-05 1.21226987e-05
5.45000000e+01 1.25968333e-05 1.21051980e-05
5.45500000e+01 1.25793800e-05 1.20876043e-05
5.46000000e+01 1.25574787e-05 1.20654473e-05
5.46500000e+01 1.25398493e-05 1.20476727e-05
5.47000000e+01 1.25221300e-05 1.20298027e-05
5.47500000e+01 1.25043190e-05 1.20118400e-05
5.48000000e+01 1.24821207e-05 1.19893703e-05
5.48500000e+01 1.24641350e-05 1.19712247e-05
5.49000000e+01 1.24460603e-05 1.19529833e-05
5.49500000e+01 1.24236513e-05 1.19302843e-05
5.50000000e+01 1.24054020e-05 1.19118587e-05
5.50500000e+01 1.23870640e-05 1.18933363e-05
5.51000000e+01 1.23686367e-05 1.18747187e-05
5.51500000e+01 1.23459340e-05 1.18516953e-05
5.52000000e+01 1.23273327e-05 1.18328883e-05
5.52500000e+01 1.23086413e-05 1.18139837e-05
5.53000000e+01 1.22857297e-05 1.17907217e-05
5.53500000e+01 1.22668677e-05 1.17716243e-05
5.54000000e+01 1.22479147e-05 1.17524270e-05
5.54500000e+01 1.22288713e-05 1.17331307e-05
5.55000000e+01 1.22056667e-05 1.17095277e-05
5.55500000e+01 1.21594263e-05 1.16621273e-05
5.56000000e+01 1.21401663e-05 1.16425650e-05
5.56500000e+01 1.21208160e-05 1.16228997e-05
5.57000000e+01 1.20973890e-05 1.15990123e-05
5.57500000e+01 1.20778667e-05 1.15791440e-05
5.58000000e+01 1.20582540e-05 1.15591720e-05
5.58500000e+01 1.20346143e-05 1.15350220e-05
5.59000000e+01 1.20148260e-05 1.15148423e-05
5.59500000e+01 1.19949473e-05 1.14945553e-05
5.60000000e+01 1.19749770e-05 1.14741600e-05
5.60500000e+01 1.19510400e-05 1.14496383e-05
5.61000000e+01 1.19308940e-05 1.14290280e-05
5.61500000e+01 1.19106550e-05 1.14083077e-05
5.62000000e+01 1.18903250e-05 1.13874750e-05
5.62500000e+01 1.18660853e-05 1.13625693e-05
5.63000000e+01 1.18455763e-05 1.13415150e-05
5.63500000e+01 1.18249747e-05 1.13203473e-05
5.64000000e+01 1.18005113e-05 1.12951540e-05
5.64500000e+01 1.17797303e-05 1.12737590e-05
5.65000000e+01 1.17588557e-05 1.12522480e-05
5.65500000e+01 1.17378850e-05 1.12306167e-05
5.66000000e+01 1.17131100e-05 1.12050157e-05
5.66500000e+01 1.16919567e-05 1.11831523e-05
5.67000000e+01 1.16707073e-05 1.11611677e-05
5.67500000e+01 1.16493633e-05 1.11390597e-05
5.68000000e+01 1.16242700e-05 1.11130373e-05
5.68500000e+01 1.16027383e-05 1.10906907e-05
5.69000000e+01 1.15811100e-05 1.10682177e-05
5.69500000e+01 1.15557837e-05 1.10418830e-05
5.70000000e+01 1.15083877e-05 1.09926577e-05
5.70500000e+01 1.14865267e-05 1.09698763e-05
5.71000000e+01 1.14645667e-05 1.09469667e-05
5.71500000e+01 1.14389957e-05 1.09202960e-05
5.72000000e+01 1.14168463e-05 1.08971387e-05
5.72500000e+01 1.13945950e-05 1.08738507e-05
5.73000000e+01 1.13722427e-05 1.08504330e-05
5.73500000e+01 1.13463377e-05 1.08233210e-05
5.74000000e+01 1.13237923e-05 1.07996500e-05
5.74500000e+01 1.13011427e-05 1.07758460e-05
5.75000000e+01 1.12783907e-05 1.07519080e-05
5.75500000e+01 1.12521433e-05 1.07243470e-05
5.76000000e+01 1.12291933e-05 1.07001510e-05
5.76500000e+01 1.12061390e-05 1.06758203e-05
5.77000000e+01 1.11829780e-05 1.06513523e-05
5.77500000e+01 1.11563827e-05 1.06233350e-05
5.78000000e+01 1.11330203e-05 1.05986063e-05
5.78500000e+01 1.11095500e-05 1.05737397e-05
5.79000000e+01 1.10826987e-05 1.05453873e-05
5.79500000e+01 1.10590230e-05 1.05202563e-05
5.80000000e+01 1.10352383e-05 1.04949860e-05
5.80500000e+01 1.10113453e-05 1.04695757e-05
5.81000000e+01 1.09841340e-05 1.04407630e-05
5.81500000e+01 1.09600310e-05 1.04150862e-05
5.82000000e+01 1.09358170e-05 1.03892687e-05
5.82500000e+01 1.09114917e-05 1.03633101e-05
5.83000000e+01 1.08839117e-05 1.03340352e-05
5.83500000e+01 1.08593740e-05 1.03078089e-05
5.84000000e+01 1.08347223e-05 1.02814401e-05
5.84500000e+01 1.08099565e-05 1.02549296e-05
5.85000000e+01 1.07585664e-05 1.02017427e-05
5.85500000e+01 1.07336703e-05 1.01750985e-05
5.86000000e+01 1.07086611e-05 1.01483133e-05
5.86500000e+01 1.06835366e-05 1.01213887e-05
5.87000000e+01 1.06553227e-05 1.00913775e-05
5.87500000e+01 1.06299806e-05 1.00641911e-05
5.88000000e+01 1.06045227e-05 1.00368654e-05
5.88500000e+01 1.05789471e-05 1.00093990e-05
5.89000000e+01 1.05503533e-05 9.97894760e-06
5.89500000e+01 1.05245558e-05 9.95122267e-06
5.90000000e+01 1.04986416e-05 9.92335840e-06
5.90500000e+01 1.04726094e-05 9.89535413e-06
5.91000000e+01 1.04436309e-05 9.86447030e-06
5.91500000e+01 1.04173726e-05 9.83621033e-06
5.92000000e+01 1.03909952e-05 9.80781223e-06
5.92500000e+01 1.03644982e-05 9.77927693e-06
5.93000000e+01 1.03351313e-05 9.74797103e-06
5.93500000e+01 1.03084056e-05 9.71918320e-06
5.94000000e+01 1.02815587e-05 9.69025850e-06
5.94500000e+01 1.02545903e-05 9.66119750e-06
5.95000000e+01 1.02248331e-05 9.62948323e-06
5.95500000e+01 1.01976342e-05 9.60017523e-06
5.96000000e+01 1.01703128e-05 9.57073357e-06
5.96500000e+01 1.01428682e-05 9.54115823e-06
5.97000000e+01 1.01127165e-05 9.50904897e-06
5.97500000e+01 1.00850411e-05 9.47923217e-06
5.98000000e+01 1.00572403e-05 9.44928453e-06
5.98500000e+01 1.00293150e-05 9.41920617e-06
5.99000000e+01 9.99876940e-06 9.38671810e-06
5.99500000e+01 9.97061297e-06 9.35640650e-06
6.00000000e+01 9.94232997e-06 9.32596620e-06
6.00500000e+01 9.91392167e-06 9.29539990e-06
6.01000000e+01 9.86336740e-06 9.24499473e-06
6.01500000e+01 9.83487580e-06 9.21442553e-06
6.02000000e+01 9.80626147e-06 9.18373490e-06
6.02500000e+01 9.77752210e-06 9.15292337e-06
6.03000000e+01 9.74637690e-06 9.11999410e-06
6.03500000e+01 9.71740993e-06 9.08897283e-06
6.04000000e+01 9.68831900e-06 9.05783440e-06
6.04500000e+01 9.65910587e-06 9.02657920e-06
6.05000000e+01 9.62758230e-06 8.99334057e-06
6.05500000e+01 9.59814073e-06 8.96188680e-06
6.06000000e+01 9.56857663e-06 8.93031963e-06
6.06500000e+01 9.53889007e-06 8.89864170e-06
6.07000000e+01 9.50699443e-06 8.86511810e-06
6.07500000e+01 9.47708170e-06 8.83325223e-06
6.08000000e+01 9.44704640e-06 8.80127970e-06
6.08500000e+01 9.41688960e-06 8.76920133e-06
6.09000000e+01 9.38661117e-06 8.73701857e-06
6.09500000e+01 9.35425193e-06 8.70316393e-06
6.10000000e+01 9.32375180e-06 8.67080950e-06
6.10500000e+01 9.29313110e-06 8.63835560e-06
6.11000000e+01 9.26239103e-06 8.60580370e-06
6.11500000e+01 9.22968107e-06 8.57172523e-06
6.12000000e+01 9.19872360e-06 8.53901493e-06
6.12500000e+01 9.16764720e-06 8.50621263e-06
6.13000000e+01 9.13645330e-06 8.47331847e-06
6.13500000e+01 9.10340717e-06 8.43904650e-06
6.14000000e+01 9.07200293e-06 8.40600903e-06
6.14500000e+01 9.04048237e-06 8.37288687e-06
6.15000000e+01 9.00884697e-06 8.33968147e-06
6.15500000e+01 8.97547860e-06 8.30524773e-06
6.16000000e+01 8.94364167e-06 8.27191413e-06
6.16500000e+01 8.91169093e-06 8.23850313e-06
6.17000000e+01 8.87962810e-06 8.20501777e-06
6.17500000e+01 8.83291007e-06 8.16171043e-06
6.18000000e+01 8.80089743e-06 8.12841270e-06
6.18500000e+01 8.76877800e-06 8.09504757e-06
6.19000000e+01 8.73655387e-06 8.06161807e-06
6.19500000e+01 8.70422653e-06 8.02812563e-06
6.20000000e+01 8.67047633e-06 7.99376110e-06
6.20500000e+01 8.63797593e-06 7.96018327e-06
6.21000000e+01 8.60537537e-06 7.92654903e-06
6.21500000e+01 8.57267680e-06 7.89286213e-06
6.22000000e+01 8.53868803e-06 7.85845593e-06
6.22500000e+01 8.50582913e-06 7.82470243e-06
6.23000000e+01 8.47287597e-06 7.79090190e-06
6.23500000e+01 8.43983090e-06 7.75705687e-06
6.24000000e+01 8.40563203e-06 7.72264840e-06
6.24500000e+01 8.37244017e-06 7.68875697e-06
6.25000000e+01 8.33916247e-06 7.65482913e-06
6.25500000e+01 8.30579933e-06 7.62086673e-06
6.26000000e+01 8.27235337e-06 7.58687307e-06
6.26500000e+01 8.23792807e-06 7.55250570e-06
6.27000000e+01 8.20435467e-06 7.51849087e-06
6.27500000e+01 8.17070553e-06 7.48445183e-06
6.28000000e+01 8.13698110e-06 7.45039103e-06
6.28500000e+01 8.10242110e-06 7.41611107e-06
6.29000000e+01 8.06858710e-06 7.38205113e-06
6.29500000e+01 8.03468610e-06 7.34797783e-06
6.30000000e+01 8.00071847e-06 7.31389357e-06
6.30500000e+01 7.96606260e-06 7.27974137e-06
6.31000000e+01 7.93200423e-06 7.24567993e-06
6.31500000e+01 7.89788810e-06 7.21161487e-06
6.32000000e+01 7.86371667e-06 7.17755060e-06
6.32500000e+01 7.82949107e-06 7.14348913e-06
6.33000000e+01 7.79476320e-06 7.10954803e-06
6.33500000e+01 7.76047330e-06 7.07553647e-06
6.34000000e+01 7.72613773e-06 7.04153590e-06
6.34500000e+01 7.69176063e-06 7.00754947e-06
6.35000000e+01 7.65412973e-06 6.97614633e-06
6.35500000e+01 7.62003117e-06 6.94255233e-06
6.36000000e+01 7.58590087e-06 6.90897983e-06
6.36500000e+01 7.55174040e-06 6.87543213e-06
6.37000000e+01 7.51755180e-06 6.84191180e-06
6.37500000e+01 7.48320460e-06 6.80882850e-06
6.38000000e+01 7.44900393e-06 6.77540517e-06
6.38500000e+01 7.41478490e-06 6.74201710e-06
6.39000000e+01 7.38055043e-06 6.70866727e-06
6.39500000e+01 7.34630577e-06 6.67589117e-06
6.40000000e+01 7.31208157e-06 6.64265943e-06
6.40500000e+01 7.27785103e-06 6.60947353e-06
6.41000000e+01 7.24361717e-06 6.57633660e-06
6.41500000e+01 7.20938123e-06 6.54325127e-06
6.42000000e+01 7.17532053e-06 6.51090743e-06
6.42500000e+01 7.14112577e-06 6.47796573e-06
6.43000000e+01 7.10693960e-06 6.44508237e-06
6.43500000e+01 7.07276483e-06 6.41226157e-06
6.44000000e+01 7.03891043e-06 6.38030933e-06
6.44500000e+01 7.00480000e-06 6.34765113e-06
6.45000000e+01 6.97071043e-06 6.31506243e-06
6.45500000e+01 6.93664383e-06 6.28254557e-06
6.46000000e+01 6.90260440e-06 6.25010307e-06
6.46500000e+01 6.86906447e-06 6.21868287e-06
6.47000000e+01 6.83511920e-06 6.18642670e-06
6.47500000e+01 6.80121020e-06 6.15425153e-06
6.48000000e+01 6.76734030e-06 6.12216037e-06
6.48500000e+01 6.73351110e-06 6.09015540e-06
6.49000000e+01 6.70035573e-06 6.05931870e-06
6.49500000e+01 6.66665100e-06 6.02752143e-06
6.50000000e+01 6.63299713e-06 5.99581633e-06
6.50500000e+01 6.59939697e-06 5.96420673e-06
6.51000000e+01 6.56660357e-06 5.93387210e-06
6.51500000e+01 6.53314973e-06 5.90248600e-06
6.52000000e+01 6.49975847e-06 5.87120097e-06
6.52500000e+01 6.46643177e-06 5.84001890e-06
6.53000000e+01 6.43317370e-06 5.80894190e-06
6.53500000e+01 6.40984220e-06 5.79220187e-06
6.54000000e+01 6.37705827e-06 5.76161543e-06
6.54500000e+01 6.34434920e-06 5.73113567e-06
6.55000000e+01 6.31171643e-06 5.70076590e-06
6.55500000e+01 6.27916207e-06 5.67050727e-06
6.56000000e+01 6.24770480e-06 5.64173903e-06
6.56500000e+01 6.21534443e-06 5.61173163e-06
6.57000000e+01 6.18307097e-06 5.58184037e-06
6.57500000e+01 6.15088653e-06 5.55206667e-06
6.58000000e+01 6.11879307e-06 5.52241227e-06
6.58500000e+01 6.08793707e-06 5.49435430e-06
6.59000000e+01 6.05606023e-06 5.46496443e-06
6.59500000e+01 6.02428197e-06 5.43569813e-06
6.60000000e+01 5.99260327e-06 5.40655653e-06
6.60500000e+01 5.96226560e-06 5.37908530e-06
6.61000000e+01 5.93081950e-06 5.35021777e-06
6.61500000e+01 5.89948043e-06 5.32147780e-06
6.62000000e+01 5.86825023e-06 5.29286793e-06
6.62500000e+01 5.83713003e-06 5.26438853e-06
6.63000000e+01 5.80747330e-06 5.23766723e-06
6.63500000e+01 5.77660453e-06 5.20947140e-06
6.64000000e+01 5.74585133e-06 5.18140883e-06
6.64500000e+01 5.71521680e-06 5.15348093e-06
6.65000000e+01 5.68470163e-06 5.12568850e-06
6.65500000e+01 5.65576147e-06 5.09973170e-06
6.66000000e+01 5.62551317e-06 5.07223000e-06
6.66500000e+01 5.59538983e-06 5.04486630e-06
6.67000000e+01 5.56539177e-06 5.01764103e-06
6.67500000e+01 5.53552117e-06 4.99055567e-06
6.68000000e+01 5.50732743e-06 4.96537267e-06
6.68500000e+01 5.47773713e-06 4.93858237e-06
6.69000000e+01 5.44827870e-06 4.91193367e-06
6.69500000e+01 5.41895283e-06 4.88542653e-06
6.70000000e+01 5.38976080e-06 4.85906217e-06
6.70500000e+01 5.36233637e-06 4.83465763e-06
6.71000000e+01 5.33343520e-06 4.80859200e-06
6.71500000e+01 5.30467210e-06 4.78266947e-06
6.72000000e+01 5.29398157e-06 4.77665040e-06
6.72500000e+01 5.26568217e-06 4.75114753e-06
6.73000000e+01 5.23919553e-06 4.72761817e-06
6.73500000e+01 5.21118863e-06 4.70240920e-06
6.74000000e+01 5.18332007e-06 4.67734173e-06
6.74500000e+01 5.15559063e-06 4.65241633e-06
6.75000000e+01 5.12800180e-06 4.62763307e-06
6.75500000e+01 5.10229410e-06 4.60486453e-06
6.76000000e+01 5.07500337e-06 4.58037553e-06
6.76500000e+01 5.04785447e-06 4.55602867e-06
6.77000000e+01 5.02084817e-06 4.53182483e-06
6.77500000e+01 4.99398587e-06 4.50776290e-06
6.78000000e+01 4.96906353e-06 4.48574813e-06
6.78500000e+01 4.94250247e-06 4.46197943e-06
6.79000000e+01 4.91608600e-06 4.43835303e-06
6.79500000e+01 4.88981463e-06 4.41486880e-06
6.80000000e+01 4.86368893e-06 4.39152583e-06
6.80500000e+01 4.83955317e-06 4.37025537e-06
6.81000000e+01 4.81373083e-06 4.34720330e-06
6.81500000e+01 4.78805453e-06 4.32429293e-06
6.82000000e+01 4.76252513e-06 4.30152360e-06
6.82500000e+01 4.73714173e-06 4.27889467e-06
6.83000000e+01 4.71378990e-06 4.25835630e-06
6.83500000e+01 4.68871047e-06 4.23601423e-06
6.84000000e+01 4.66377770e-06 4.21381297e-06
6.84500000e+01 4.63899187e-06 4.19175037e-06
6.85000000e+01 4.61435347e-06 4.16982733e-06
6.85500000e+01 4.59177807e-06 4.15000620e-06
6.86000000e+01 4.56744133e-06 4.12836573e-06
6.86500000e+01 4.54325137e-06 4.10686330e-06
6.87000000e+01 4.51920790e-06 4.08549793e-06
6.87500000e+01 4.49531097e-06 4.06426967e-06
6.88000000e+01 4.47350250e-06 4.04514940e-06
6.88500000e+01 4.44990490e-06 4.02419880e-06
6.89000000e+01 4.42645303e-06 4.00338300e-06
6.89500000e+01 4.40314710e-06 3.98270260e-06
6.90000000e+01 4.37998563e-06 3.96215650e-06
6.90500000e+01 4.35696900e-06 3.94174447e-06
6.91000000e+01 4.33606553e-06 3.92344507e-06
6.91500000e+01 4.31334423e-06 3.90330260e-06
6.92000000e+01 4.31340833e-06 3.90599550e-06
6.92500000e+01 4.29103957e-06 3.88614967e-06
6.93000000e+01 4.26881130e-06 3.86643347e-06
6.93500000e+01 4.24867557e-06 3.84879620e-06
6.94000000e+01 4.22673243e-06 3.82933907e-06
6.94500000e+01 4.20492877e-06 3.81000913e-06
6.95000000e+01 4.18326370e-06 3.79080607e-06
6.95500000e+01 4.16173690e-06 3.77172987e-06
6.96000000e+01 4.14230837e-06 3.75472453e-06
6.96500000e+01 4.12106167e-06 3.73590043e-06
6.97000000e+01 4.09995133e-06 3.71720060e-06
6.97500000e+01 4.07897717e-06 3.69862447e-06
6.98000000e+01 4.05813900e-06 3.68017183e-06
6.98500000e+01 4.03743643e-06 3.66184120e-06
6.99000000e+01 4.01883483e-06 3.64557067e-06
6.99500000e+01 3.99840400e-06 3.62748393e-06
7.00000000e+01 3.97810660e-06 3.60951797e-06
7.00500000e+01 3.95794233e-06 3.59167153e-06
7.01000000e+01 3.93791027e-06 3.57394410e-06
7.01500000e+01 3.91997430e-06 3.55826093e-06
7.02000000e+01 3.90020743e-06 3.54076987e-06
7.02500000e+01 3.88057050e-06 3.52339593e-06
7.03000000e+01 3.86106423e-06 3.50613830e-06
7.03500000e+01 3.84168693e-06 3.48899610e-06
7.04000000e+01 3.82439587e-06 3.47388000e-06
7.04500000e+01 3.80527583e-06 3.45696673e-06
7.05000000e+01 3.78628317e-06 3.44016697e-06
7.05500000e+01 3.76741710e-06 3.42347983e-06
7.06000000e+01 3.74867677e-06 3.40690453e-06
7.06500000e+01 3.73006140e-06 3.39044057e-06
7.07000000e+01 3.71351947e-06 3.37598110e-06
7.07500000e+01 3.69515297e-06 3.35973697e-06
7.08000000e+01 3.67690960e-06 3.34360213e-06
7.08500000e+01 3.65878810e-06 3.32757577e-06
7.09000000e+01 3.64078793e-06 3.31165707e-06
7.09500000e+01 3.62290873e-06 3.29584580e-06
7.10000000e+01 3.60708590e-06 3.28201260e-06
7.10500000e+01 3.58944633e-06 3.26641160e-06
7.11000000e+01 3.57192520e-06 3.25091550e-06
7.11500000e+01 3.55452160e-06 3.23552360e-06
7.12000000e+01 3.53723557e-06 3.22023527e-06
7.12500000e+01 3.52198570e-06 3.20690027e-06
7.13000000e+01 3.52852517e-06 3.21455490e-06
7.13500000e+01 3.51157783e-06 3.19954930e-06
7.14000000e+01 3.49474333e-06 3.18464400e-06
7.14500000e+01 3.47802157e-06 3.16983760e-06
7.15000000e+01 3.46141160e-06 3.15512967e-06
7.15500000e+01 3.44679173e-06 3.14232657e-06
7.16000000e+01 3.43040117e-06 3.12781147e-06
7.16500000e+01 3.41411993e-06 3.11339260e-06
7.17000000e+01 3.39794753e-06 3.09906910e-06
7.17500000e+01 3.38188300e-06 3.08484063e-06
7.18000000e+01 3.36592580e-06 3.07070663e-06
7.18500000e+01 3.35193327e-06 3.05844763e-06
7.19000000e+01 3.33618673e-06 3.04449790e-06
7.19500000e+01 3.32054510e-06 3.03064037e-06
7.20000000e+01 3.30500827e-06 3.01687453e-06
7.20500000e+01 3.28957443e-06 3.00319933e-06
7.21000000e+01 3.27608017e-06 2.99137137e-06
7.21500000e+01 3.26085017e-06 2.97787377e-06
7.22000000e+01 3.24572140e-06 2.96446517e-06
7.22500000e+01 3.23069317e-06 2.95114480e-06
7.23000000e+01 3.21576470e-06 2.93791220e-06
7.23500000e+01 3.20093580e-06 2.92476670e-06
7.24000000e+01 3.18801693e-06 2.91343510e-06
7.24500000e+01 3.17338257e-06 2.90045873e-06
7.25000000e+01 3.15884530e-06 2.88756743e-06
7.25500000e+01 3.14440440e-06 2.87476103e-06
7.26000000e+01 3.13005950e-06 2.86203810e-06
7.26500000e+01 3.11580997e-06 2.84939847e-06
7.27000000e+01 3.10343827e-06 2.83853897e-06
7.27500000e+01 3.08937400e-06 2.82606090e-06
7.28000000e+01 3.07540287e-06 2.81366443e-06
7.28500000e+01 3.06152413e-06 2.80134810e-06
7.29000000e+01 3.04773727e-06 2.78911223e-06
7.29500000e+01 3.03404103e-06 2.77695553e-06
7.30000000e+01 3.02219047e-06 2.76654547e-06
7.30500000e+01 3.00867187e-06 2.75454330e-06
7.31000000e+01 2.99524193e-06 2.74261857e-06
7.31500000e+01 2.98190060e-06 2.73077100e-06
7.32000000e+01 2.96864660e-06 2.71899967e-06
7.32500000e+01 2.95547960e-06 2.70730477e-06
7.33000000e+01 2.94412497e-06 2.69732143e-06
7.33500000e+01 2.93112743e-06 2.68577317e-06
7.34000000e+01 2.91821480e-06 2.67429917e-06
7.34500000e+01 2.92793570e-06 2.68427200e-06
7.35000000e+01 2.91515277e-06 2.67290283e-06
7.35500000e+01 2.90245250e-06 2.66160553e-06
7.36000000e+01 2.89151577e-06 2.65197303e-06
7.36500000e+01 2.87897623e-06 2.64081567e-06
7.37000000e+01 2.86651727e-06 2.62972893e-06
7.37500000e+01 2.85413887e-06 2.61871220e-06
7.38000000e+01 2.84184033e-06 2.60776507e-06
7.38500000e+01 2.82962043e-06 2.59688673e-06
7.39000000e+01 2.81912980e-06 2.58763883e-06
7.39500000e+01 2.80706303e-06 2.57689403e-06
7.40000000e+01 2.79507380e-06 2.56621627e-06
7.40500000e+01 2.78316137e-06 2.55560563e-06
7.41000000e+01 2.77132467e-06 2.54506120e-06
7.41500000e+01 2.75956353e-06 2.53458297e-06
7.42000000e+01 2.74949697e-06 2.52570067e-06
7.42500000e+01 2.73788207e-06 2.51534920e-06
7.43000000e+01 2.72634113e-06 2.50506220e-06
7.43500000e+01 2.71487313e-06 2.49483887e-06
7.44000000e+01 2.70347773e-06 2.48467933e-06
7.44500000e+01 2.69215463e-06 2.47458247e-06
7.45000000e+01 2.68090327e-06 2.46454813e-06
7.45500000e+01 2.67130793e-06 2.45607200e-06
7.46000000e+01 2.66019440e-06 2.44615777e-06
7.46500000e+01 2.64915100e-06 2.43630477e-06
7.47000000e+01 2.63817693e-06 2.42651187e-06
7.47500000e+01 2.62727197e-06 2.41677933e-06
7.48000000e+01 2.61643497e-06 2.40710623e-06
7.48500000e+01 2.60721943e-06 2.39895767e-06
7.49000000e+01 2.59651450e-06 2.38939940e-06
7.49500000e+01 2.58587610e-06 2.37989923e-06
7.50000000e+01 2.57530427e-06 2.37045690e-06
7.50500000e+01 2.56479787e-06 2.36107177e-06
7.51000000e+01 2.55435673e-06 2.35174397e-06
7.51500000e+01 2.54550260e-06 2.34390670e-06
7.52000000e+01 2.53518737e-06 2.33468793e-06
7.52500000e+01 2.52493573e-06 2.32552483e-06
7.53000000e+01 2.51474720e-06 2.31641697e-06
7.53500000e+01 2.50462157e-06 2.30736400e-06
7.54000000e+01 2.49455823e-06 2.29836527e-06
7.54500000e+01 2.48455670e-06 2.28942033e-06
7.55000000e+01 2.47610387e-06 2.28192943e-06
7.55500000e+01 2.46622107e-06 2.27308820e-06
7.56000000e+01 2.45639897e-06 2.26429970e-06
7.56500000e+01 2.44663680e-06 2.25556340e-06
7.57000000e+01 2.43693373e-06 2.24687890e-06
7.57500000e+01 2.44793377e-06 2.25767827e-06
7.58000000e+01 2.43974753e-06 2.25041220e-06
7.58500000e+01 2.43016970e-06 2.24183147e-06
7.59000000e+01 2.42064963e-06 2.23330133e-06
7.59500000e+01 2.41118643e-06 2.22482100e-06
7.60000000e+01 2.40177983e-06 2.21639040e-06
7.60500000e+01 2.39242980e-06 2.20800910e-06
7.61000000e+01 2.38313547e-06 2.19967653e-06
7.61500000e+01 2.37530947e-06 2.19272170e-06
7.62000000e+01 2.36612243e-06 2.18448260e-06
7.62500000e+01 2.35698990e-06 2.17629143e-06
7.63000000e+01 2.34791180e-06 2.16814773e-06
7.63500000e+01 2.33888780e-06 2.16005120e-06
7.64000000e+01 2.32991660e-06 2.15200103e-06
7.64500000e+01 2.32099870e-06 2.14399760e-06
7.65000000e+01 2.31351223e-06 2.13733707e-06
7.65500000e+01 2.30469570e-06 2.12942183e-06
7.66000000e+01 2.29593137e-06 2.12155240e-06
7.66500000e+01 2.28721797e-06 2.11372763e-06
7.67000000e+01 2.27855563e-06 2.10594777e-06
7.67500000e+01 2.26994423e-06 2.09821237e-06
7.68000000e+01 2.26138287e-06 2.09052083e-06
7.68500000e+01 2.25421753e-06 2.08413813e-06
7.69000000e+01 2.24575220e-06 2.07653040e-06
7.69500000e+01 2.23733613e-06 2.06896600e-06
7.70000000e+01 2.22896893e-06 2.06144423e-06
7.70500000e+01 2.22065027e-06 2.05396493e-06
7.71000000e+01 2.21237957e-06 2.04652780e-06
7.71500000e+01 2.20547263e-06 2.04036933e-06
7.72000000e+01 2.19729367e-06 2.03301250e-06
7.72500000e+01 2.18916173e-06 2.02569670e-06
7.73000000e+01 2.18107660e-06 2.01842183e-06
7.73500000e+01 2.17303750e-06 2.01118750e-06
7.74000000e+01 2.16504417e-06 2.00399353e-06
7.74500000e+01 2.15709673e-06 1.99683957e-06
7.75000000e+01 2.15047873e-06 1.99093170e-06
7.75500000e+01 2.14261830e-06 1.98385393e-06
7.76000000e+01 2.13480237e-06 1.97681523e-06
7.76500000e+01 2.12703067e-06 1.96981543e-06
7.77000000e+01 2.11930287e-06 1.96285393e-06
7.77500000e+01 2.11161907e-06 1.95593113e-06
7.78000000e+01 2.10397810e-06 1.94904600e-06
7.78500000e+01 2.09763273e-06 1.94337527e-06
7.79000000e+01 2.09007450e-06 1.93656260e-06
7.79500000e+01 2.08255840e-06 1.92978697e-06
7.80000000e+01 2.07508470e-06 1.92304837e-06
7.80500000e+01 2.06765243e-06 1.91634630e-06
7.81000000e+01 2.06026163e-06 1.90968093e-06
7.81500000e+01 2.07145250e-06 1.92046673e-06
7.82000000e+01 2.06409757e-06 1.91382933e-06
7.82500000e+01 2.05799510e-06 1.90836623e-06
7.83000000e+01 2.05071757e-06 1.90179693e-06
7.83500000e+01 2.04348037e-06 1.89526313e-06
7.84000000e+01 2.03628287e-06 1.88876413e-06
7.84500000e+01 2.02912483e-06 1.88229980e-06
7.85000000e+01 2.02200580e-06 1.87586997e-06
7.85500000e+01 2.01492560e-06 1.86947440e-06
7.86000000e+01 2.00906613e-06 1.86422307e-06
7.86500000e+01 2.00205977e-06 1.85789230e-06
7.87000000e+01 1.99509177e-06 1.85159510e-06
7.87500000e+01 1.98816140e-06 1.84533123e-06
7.88000000e+01 1.98126843e-06 1.83910057e-06
7.88500000e+01 1.97441277e-06 1.83290237e-06
7.89000000e+01 1.96759420e-06 1.82673690e-06
7.89500000e+01 1.96196463e-06 1.82168617e-06
7.90000000e+01 1.95521600e-06 1.81558240e-06
7.90500000e+01 1.94850360e-06 1.80951047e-06
7.91000000e+01 1.94182723e-06 1.80347033e-06
7.91500000e+01 1.93518673e-06 1.79746163e-06
7.92000000e+01 1.92858137e-06 1.79148413e-06
7.92500000e+01 1.92201107e-06 1.78553767e-06
7.93000000e+01 1.91547573e-06 1.77962190e-06
7.93500000e+01 1.91009623e-06 1.77478960e-06
7.94000000e+01 1.90362717e-06 1.76893217e-06
7.94500000e+01 1.89719220e-06 1.76310493e-06
7.95000000e+01 1.89079130e-06 1.75730780e-06
7.95500000e+01 1.88442413e-06 1.75154023e-06
7.96000000e+01 1.87809060e-06 1.74580240e-06
7.96500000e+01 1.87179007e-06 1.74009380e-06
7.97000000e+01 1.86552240e-06 1.73441433e-06
7.97500000e+01 1.86037787e-06 1.72978770e-06
7.98000000e+01 1.85417290e-06 1.72416347e-06
7.98500000e+01 1.84800030e-06 1.71856777e-06
7.99000000e+01 1.84185967e-06 1.71300023e-06
7.99500000e+01 1.83575090e-06 1.70746110e-06
8.00000000e+01 1.82967407e-06 1.70194993e-06
