-2.00000000e+01 2.20286933e-08
-1.99500000e+01 2.21137087e-08
-1.99000000e+01 2.21992253e-08
-1.98500000e+01 2.22852473e-08
-1.98000000e+01 2.23717770e-08
-1.97500000e+01 2.24588223e-08
-1.97000000e+01 2.25463840e-08
-1.96500000e+01 2.26344680e-08
-1.96000000e+01 2.27230757e-08
-1.95500000e+01 2.28122153e-08
-1.95000000e+01 2.29018897e-08
-1.94500000e+01 2.29921030e-08
-1.94000000e+01 2.30828603e-08
-1.93500000e+01 2.31741620e-08
-1.93000000e+01 2.32660183e-08
-1.92500000e+01 2.33584310e-08
-1.92000000e+01 2.34514053e-08
-1.91500000e+01 2.35449453e-08
-1.91000000e+01 2.36390543e-08
-1.90500000e+01 2.37337403e-08
-1.90000000e+01 2.38290063e-08
-1.89500000e+01 2.39248557e-08
-1.89000000e+01 2.40212963e-08
-1.88500000e+01 2.41183307e-08
-1.88000000e+01 2.42159653e-08
-1.87500000e+01 2.43142050e-08
-1.87000000e+01 2.44130543e-08
-1.86500000e+01 2.45125180e-08
-1.86000000e+01 2.46126017e-08
-1.85500000e+01 2.47133113e-08
-1.85000000e+01 2.48146507e-08
-1.84500000e+01 2.49166273e-08
-1.84000000e+01 2.50192457e-08
-1.83500000e+01 2.51225103e-08
-1.83000000e+01 2.52264277e-08
-1.82500000e+01 2.53310023e-08
-1.82000000e+01 2.54362417e-08
-1.81500000e+01 2.55421490e-08
-1.81000000e+01 2.56487333e-08
-1.80500000e+01 2.57559977e-08
-1.80000000e+01 2.58639497e-08
-1.79500000e+01 2.59725960e-08
-1.79000000e+01 2.60819397e-08
-1.78500000e+01 2.61919893e-08
-1.78000000e+01 2.63027493e-08
-1.77500000e+01 2.64142277e-08
-1.77000000e+01 2.65264293e-08
-1.76500000e+01 2.66393623e-08
-1.76000000e+01 2.67530327e-08
-1.75500000e+01 2.68674457e-08
-1.75000000e+01 2.69826087e-08
-1.74500000e+01 2.70985280e-08
-1.74000000e+01 2.72152113e-08
-1.73500000e+01 2.73326640e-08
-1.73000000e+01 2.74508947e-08
-1.72500000e+01 2.75699100e-08
-1.72000000e+01 2.76897163e-08
-1.71500000e+01 2.78103210e-08
-1.71000000e+01 2.79317307e-08
-1.70500000e+01 2.80539540e-08
-1.70000000e+01 2.81769967e-08
-1.69500000e+01 2.83008690e-08
-1.69000000e+01 2.84255767e-08
-1.68500000e+01 2.85511270e-08
-1.68000000e+01 2.86775290e-08
-1.67500000e+01 2.88047880e-08
-1.67000000e+01 2.89329150e-08
-1.66500000e+01 2.90619157e-08
-1.66000000e+01 2.91918007e-08
-1.65500000e+01 2.93225773e-08
-1.65000000e+01 2.94542513e-08
-1.64500000e+01 2.95868363e-08
-1.64000000e+01 2.97203347e-08
-1.63500000e+01 2.98547597e-08
-1.63000000e+01 2.99901177e-08
-1.62500000e+01 3.01264190e-08
-1.62000000e+01 3.02636710e-08
-1.61500000e+01 3.04018850e-08
-1.61000000e+01 3.05410690e-08
-1.60500000e+01 3.06812320e-08
-1.60000000e+01 3.08223830e-08
-1.59500000e+01 3.09645313e-08
-1.59000000e+01 3.11076880e-08
-1.58500000e+01 3.12518613e-08
-1.58000000e+01 3.13970630e-08
-1.57500000e+01 3.15433020e-08
-1.57000000e+01 3.16905883e-08
-1.56500000e+01 3.18389320e-08
-1.56000000e+01 3.19883423e-08
-1.55500000e+01 3.21388327e-08
-1.55000000e+01 3.22904107e-08
-1.54500000e+01 3.24430897e-08
-1.54000000e+01 3.25968800e-08
-1.53500000e+01 3.27517913e-08
-1.53000000e+01 3.29078357e-08
-1.52500000e+01 3.30650233e-08
-1.52000000e+01 3.32233673e-08
-1.51500000e+01 3.33828777e-08
-1.51000000e+01 3.35435683e-08
-1.50500000e+01 3.37054497e-08
-1.50000000e+01 3.38685347e-08
-1.49500000e+01 3.40328343e-08
-1.49000000e+01 3.41983597e-08
-1.48500000e+01 3.43651277e-08
-1.48000000e+01 3.45331460e-08
-1.47500000e+01 3.47024320e-08
-1.47000000e+01 3.48729950e-08
-1.46500000e+01 3.50448513e-08
-1.46000000e+01 3.52180153e-08
-1.45500000e+01 3.53924937e-08
-1.45000000e+01 3.55683073e-08
-1.44500000e+01 3.57454650e-08
-1.44000000e+01 3.59239847e-08
-1.43500000e+01 3.61038783e-08
-1.43000000e+01 3.62851627e-08
-1.42500000e+01 3.64678510e-08
-1.42000000e+01 3.66519583e-08
-1.41500000e+01 3.68374997e-08
-1.41000000e+01 3.70244883e-08
-1.40500000e+01 3.72129433e-08
-1.40000000e+01 3.74028770e-08
-1.39500000e+01 3.75943093e-08
-1.39000000e+01 3.77872543e-08
-1.38500000e+01 3.79817273e-08
-1.38000000e+01 3.81777457e-08
-1.37500000e+01 3.83753253e-08
-1.37000000e+01 3.85744853e-08
-1.36500000e+01 3.87752407e-08
-1.36000000e+01 3.89776120e-08
-1.35500000e+01 3.91816150e-08
-1.35000000e+01 3.93872683e-08
-1.34500000e+01 3.95945893e-08
-1.34000000e+01 3.98035950e-08
-1.33500000e+01 4.00143090e-08
-1.33000000e+01 4.02267453e-08
-1.32500000e+01 4.04409277e-08
-1.32000000e+01 4.06568740e-08
-1.31500000e+01 4.08746007e-08
-1.31000000e+01 4.10941363e-08
-1.30500000e+01 4.13154917e-08
-1.30000000e+01 4.15386943e-08
-1.29500000e+01 4.17637610e-08
-1.29000000e+01 4.19907167e-08
-1.28500000e+01 4.22195803e-08
-1.28000000e+01 4.24503770e-08
-1.27500000e+01 4.26831277e-08
-1.27000000e+01 4.29178547e-08
-1.26500000e+01 4.31545810e-08
-1.26000000e+01 4.33933277e-08
-1.25500000e+01 4.36341227e-08
-1.25000000e+01 4.38769870e-08
-1.24500000e+01 4.41219480e-08
-1.24000000e+01 4.43690297e-08
-1.23500000e+01 4.46182560e-08
-1.23000000e+01 4.48696527e-08
-1.22500000e+01 4.51232440e-08
-1.22000000e+01 4.53790607e-08
-1.21500000e+01 4.56371247e-08
-1.21000000e+01 4.58974680e-08
-1.20500000e+01 4.61601170e-08
-1.20000000e+01 4.64250977e-08
-1.19500000e+01 4.66924397e-08
-1.19000000e+01 4.69621697e-08
-1.18500000e+01 4.72343217e-08
-1.18000000e+01 4.75089200e-08
-1.17500000e+01 4.77860007e-08
-1.17000000e+01 4.80655930e-08
-1.16500000e+01 4.83477263e-08
-1.16000000e+01 4.86324333e-08
-1.15500000e+01 4.89197437e-08
-1.15000000e+01 4.92096957e-08
-1.14500000e+01 4.95023173e-08
-1.14000000e+01 4.97976477e-08
-1.13500000e+01 5.00957157e-08
-1.13000000e+01 5.03965627e-08
-1.12500000e+01 5.07002237e-08
-1.12000000e+01 5.10067260e-08
-1.11500000e+01 5.13161160e-08
-1.11000000e+01 5.16284247e-08
-1.10500000e+01 5.19436960e-08
-1.10000000e+01 5.22619633e-08
-1.09500000e+01 5.25832707e-08
-1.09000000e+01 5.29076560e-08
-1.08500000e+01 5.32351600e-08
-1.08000000e+01 5.35658237e-08
-1.07500000e+01 5.38996863e-08
-1.07000000e+01 5.42367963e-08
-1.06500000e+01 5.45771917e-08
-1.06000000e+01 5.49209227e-08
-1.05500000e+01 5.52680320e-08
-1.05000000e+01 5.56185640e-08
-1.04500000e+01 5.59725663e-08
-1.04000000e+01 5.63300833e-08
-1.03500000e+01 5.66911690e-08
-1.03000000e+01 5.70558663e-08
-1.02500000e+01 5.74242320e-08
-1.02000000e+01 5.77963143e-08
-1.01500000e+01 5.81721640e-08
-1.01000000e+01 5.85518343e-08
-1.00500000e+01 5.89353757e-08
-1.00000000e+01 5.93228493e-08
-9.95000000e+00 5.97143043e-08
-9.90000000e+00 6.01098040e-08
-9.85000000e+00 6.05094040e-08
-9.80000000e+00 6.09131570e-08
-9.75000000e+00 6.13211367e-08
-9.70000000e+00 6.17333877e-08
-9.65000000e+00 6.21499833e-08
-9.60000000e+00 6.25709797e-08
-9.55000000e+00 6.29964493e-08
-9.50000000e+00 6.34264497e-08
-9.45000000e+00 6.38610563e-08
-9.40000000e+00 6.43003333e-08
-9.35000000e+00 6.47443497e-08
-9.30000000e+00 6.51931777e-08
-9.25000000e+00 6.56468843e-08
-9.20000000e+00 6.61055513e-08
-9.15000000e+00 6.65692473e-08
-9.10000000e+00 6.70380557e-08
-9.05000000e+00 6.75120517e-08
-9.00000000e+00 6.79913140e-08
-8.95000000e+00 6.84759240e-08
-8.90000000e+00 6.89659613e-08
-8.85000000e+00 6.94615177e-08
-8.80000000e+00 6.99626723e-08
-8.75000000e+00 7.04695207e-08
-8.70000000e+00 7.09821497e-08
-8.65000000e+00 7.15006500e-08
-8.60000000e+00 7.20251150e-08
-8.55000000e+00 7.25556367e-08
-8.50000000e+00 7.30923203e-08
-8.45000000e+00 7.36352580e-08
-8.40000000e+00 7.41845587e-08
-8.35000000e+00 7.47403243e-08
-8.30000000e+00 7.53026583e-08
-8.25000000e+00 7.58716693e-08
-8.20000000e+00 7.64474633e-08
-8.15000000e+00 7.70301640e-08
-8.10000000e+00 7.76198763e-08
-8.05000000e+00 7.82167263e-08
-8.00000000e+00 7.88208273e-08
-7.95000000e+00 7.94323107e-08
-7.90000000e+00 8.00513040e-08
-7.85000000e+00 8.06779187e-08
-7.80000000e+00 8.13123020e-08
-7.75000000e+00 8.19545793e-08
-7.70000000e+00 8.26048967e-08
-7.65000000e+00 8.32633860e-08
-7.60000000e+00 8.39302003e-08
-7.55000000e+00 8.46054830e-08
-7.50000000e+00 8.52893837e-08
-7.45000000e+00 8.59820560e-08
-7.40000000e+00 8.66836520e-08
-7.35000000e+00 8.73943430e-08
-7.30000000e+00 8.81142863e-08
-7.25000000e+00 8.88436583e-08
-7.20000000e+00 8.95826310e-08
-7.15000000e+00 9.03313777e-08
-7.10000000e+00 9.10900800e-08
-7.05000000e+00 9.18589200e-08
-7.00000000e+00 9.26380970e-08
-6.95000000e+00 9.34277973e-08
-6.90000000e+00 9.42282297e-08
-6.85000000e+00 9.50395977e-08
-6.80000000e+00 9.58621070e-08
-6.75000000e+00 9.66959737e-08
-6.70000000e+00 9.75414090e-08
-6.65000000e+00 9.83986637e-08
-6.60000000e+00 9.92679437e-08
-6.55000000e+00 1.00149511e-07
-6.50000000e+00 1.01043584e-07
-6.45000000e+00 1.01950436e-07
-6.40000000e+00 1.02870314e-07
-6.35000000e+00 1.03803476e-07
-6.30000000e+00 1.04750210e-07
-6.25000000e+00 1.05710780e-07
-6.20000000e+00 1.06685481e-07
-6.15000000e+00 1.07674596e-07
-6.10000000e+00 1.08678434e-07
-6.05000000e+00 1.09697311e-07
-6.00000000e+00 1.10731520e-07
-5.95000000e+00 1.11781423e-07
-5.90000000e+00 1.12847330e-07
-5.85000000e+00 1.13929613e-07
-5.80000000e+00 1.15028597e-07
-5.75000000e+00 1.16144673e-07
-5.70000000e+00 1.17278203e-07
-5.65000000e+00 1.18429577e-07
-5.60000000e+00 1.19599203e-07
-5.55000000e+00 1.20787473e-07
-5.50000000e+00 1.21994843e-07
-5.45000000e+00 1.23221723e-07
-5.40000000e+00 1.24468563e-07
-5.35000000e+00 1.25735833e-07
-5.30000000e+00 1.27024007e-07
-5.25000000e+00 1.28333577e-07
-5.20000000e+00 1.29665050e-07
-5.15000000e+00 1.31018957e-07
-5.10000000e+00 1.32395843e-07
-5.05000000e+00 1.33796233e-07
-5.00000000e+00 1.35220727e-07
-4.95000000e+00 1.36669913e-07
-4.90000000e+00 1.38144403e-07
-4.85000000e+00 1.39644830e-07
-4.80000000e+00 1.41171860e-07
-4.75000000e+00 1.42726163e-07
-4.70000000e+00 1.44308437e-07
-4.65000000e+00 1.45919397e-07
-4.60000000e+00 1.47559793e-07
-4.55000000e+00 1.49230413e-07
-4.50000000e+00 1.50932053e-07
-4.45000000e+00 1.52665553e-07
-4.40000000e+00 1.54431760e-07
-4.35000000e+00 1.56231590e-07
-4.30000000e+00 1.58065930e-07
-4.25000000e+00 1.59935760e-07
-4.20000000e+00 1.61842077e-07
-4.15000000e+00 1.63785913e-07
-4.10000000e+00 1.65768343e-07
-4.05000000e+00 1.67790490e-07
-4.00000000e+00 1.69853497e-07
-3.95000000e+00 1.71958580e-07
-3.90000000e+00 1.74106973e-07
-3.85000000e+00 1.76300000e-07
-3.80000000e+00 1.78539007e-07
-3.75000000e+00 1.80825403e-07
-3.70000000e+00 1.83160697e-07
-3.65000000e+00 1.85546390e-07
-3.60000000e+00 1.87984100e-07
-3.55000000e+00 1.90475483e-07
-3.50000000e+00 1.93022307e-07
-3.45000000e+00 1.95626387e-07
-3.40000000e+00 1.98289647e-07
-3.35000000e+00 2.01014073e-07
-3.30000000e+00 2.03801787e-07
-3.25000000e+00 2.06654970e-07
-3.20000000e+00 2.09575917e-07
-3.15000000e+00 2.12567043e-07
-3.10000000e+00 2.15630893e-07
-3.05000000e+00 2.18770140e-07
-3.00000000e+00 2.21987593e-07
-2.95000000e+00 2.25286237e-07
-2.90000000e+00 2.28669173e-07
-2.85000000e+00 2.32139697e-07
-2.80000000e+00 2.35701280e-07
-2.75000000e+00 2.39357633e-07
-2.70000000e+00 2.43112640e-07
-2.65000000e+00 2.46970453e-07
-2.60000000e+00 2.50935480e-07
-2.55000000e+00 2.55012410e-07
-2.50000000e+00 2.59206240e-07
-2.45000000e+00 2.63522230e-07
-2.40000000e+00 2.67966123e-07
-2.35000000e+00 2.72543993e-07
-2.30000000e+00 2.77262393e-07
-2.25000000e+00 2.82128353e-07
-2.20000000e+00 2.87149480e-07
-2.15000000e+00 2.92333937e-07
-2.10000000e+00 2.97690593e-07
-2.05000000e+00 3.03229043e-07
-2.00000000e+00 3.08959780e-07
-1.95000000e+00 3.14894217e-07
-1.90000000e+00 3.21044837e-07
-1.85000000e+00 3.27425340e-07
-1.80000000e+00 3.34050817e-07
-1.75000000e+00 3.40937820e-07
-1.70000000e+00 3.48104567e-07
-1.65000000e+00 3.55571330e-07
-1.60000000e+00 3.63360403e-07
-1.55000000e+00 3.71496423e-07
-1.50000000e+00 3.80006510e-07
-1.45000000e+00 3.88920363e-07
-1.40000000e+00 3.98270140e-07
-1.35000000e+00 4.08090207e-07
-1.30000000e+00 4.18416457e-07
-1.25000000e+00 4.29285200e-07
-1.20000000e+00 4.40731097e-07
-1.15000000e+00 4.52784573e-07
-1.10000000e+00 4.65468283e-07
-1.05000000e+00 4.78793087e-07
-1.00000000e+00 4.92754717e-07
-9.50000000e-01 5.07331420e-07
-9.00000000e-01 5.22484873e-07
-8.50000000e-01 5.38162350e-07
-8.00000000e-01 5.54300647e-07
-7.50000000e-01 5.70828643e-07
-7.00000000e-01 5.87669037e-07
-6.50000000e-01 6.04741670e-07
-6.00000000e-01 6.21972567e-07
-5.50000000e-01 6.39308793e-07
-5.00000000e-01 6.56734743e-07
-4.50000000e-01 6.74282737e-07
-4.00000000e-01 6.92034903e-07
-3.50000000e-01 7.10116740e-07
-3.00000000e-01 7.28686613e-07
-2.50000000e-01 7.47925300e-07
-2.00000000e-01 7.68027753e-07
-1.50000000e-01 7.89199917e-07
-1.00000000e-01 8.11659120e-07
-5.00000000e-02 8.35637930e-07
0.00000000e+00 8.61385833e-07
5.00000000e-02 8.89168063e-07
1.00000000e-01 9.19261417e-07
1.50000000e-01 9.51951810e-07
2.00000000e-01 9.87534140e-07
2.50000000e-01 1.02631586e-06
3.00000000e-01 1.06862592e-06
3.50000000e-01 1.11482370e-06
4.00000000e-01 1.16530915e-06
4.50000000e-01 1.22052959e-06
5.00000000e-01 1.28098429e-06
5.50000000e-01 1.34722185e-06
6.00000000e-01 1.41983167e-06
6.50000000e-01 1.49942822e-06
7.00000000e-01 1.58663028e-06
7.50000000e-01 1.68203117e-06
8.00000000e-01 1.78616457e-06
8.50000000e-01 1.89946460e-06
9.00000000e-01 2.02222550e-06
9.50000000e-01 2.15455233e-06
1.00000000e+00 2.29629910e-06
1.05000000e+00 2.44700197e-06
1.10000000e+00 2.60580783e-06
1.15000000e+00 2.77144803e-06
1.20000000e+00 2.94231647e-06
1.25000000e+00 3.11671373e-06
1.30000000e+00 3.29323783e-06
1.35000000e+00 3.47122547e-06
1.40000000e+00 3.65107610e-06
1.45000000e+00 3.83432480e-06
1.50000000e+00 4.02340733e-06
1.55000000e+00 4.22116173e-06
1.60000000e+00 4.43014163e-06
1.65000000e+00 4.65182837e-06
1.70000000e+00 4.88583217e-06
1.75000000e+00 5.12922780e-06
1.80000000e+00 5.37625237e-06
1.85000000e+00 5.61856710e-06
1.90000000e+00 5.84623923e-06
1.95000000e+00 6.04933967e-06
2.00000000e+00 6.21976680e-06
2.05000000e+00 6.35274153e-06
2.10000000e+00 6.44756897e-06
2.15000000e+00 6.50756907e-06
2.20000000e+00 6.53933603e-06
2.25000000e+00 6.55156207e-06
2.30000000e+00 6.55365393e-06
2.35000000e+00 6.55440053e-06
2.40000000e+00 6.56093177e-06
2.45000000e+00 6.57818493e-06
2.50000000e+00 6.60891510e-06
2.55000000e+00 6.65413953e-06
2.60000000e+00 6.71377913e-06
2.65000000e+00 6.78730097e-06
2.70000000e+00 6.87421417e-06
2.75000000e+00 6.97440037e-06
2.80000000e+00 7.08827033e-06
2.85000000e+00 7.21671970e-06
2.90000000e+00 7.36082973e-06
2.95000000e+00 7.52134457e-06
3.00000000e+00 7.69809877e-06
3.05000000e+00 7.88963937e-06
3.10000000e+00 8.09322773e-06
3.15000000e+00 8.30518530e-06
3.20000000e+00 8.52135420e-06
3.25000000e+00 8.73734523e-06
3.30000000e+00 8.94836257e-06
3.35000000e+00 9.14871140e-06
3.40000000e+00 9.33142720e-06
3.45000000e+00 9.48851977e-06
3.50000000e+00 9.61207790e-06
3.55000000e+00 9.69595093e-06
3.60000000e+00 9.73735787e-06
3.65000000e+00 9.73776033e-06
3.70000000e+00 9.70270733e-06
3.75000000e+00 9.64078360e-06
3.80000000e+00 9.56204717e-06
3.85000000e+00 9.47642253e-06
3.90000000e+00 9.39245437e-06
3.95000000e+00 9.31666403e-06
4.00000000e+00 9.25352160e-06
4.05000000e+00 9.20580273e-06
4.10000000e+00 9.17496640e-06
4.15000000e+00 9.16129520e-06
4.20000000e+00 9.16376443e-06
4.25000000e+00 9.17982380e-06
4.30000000e+00 9.20531293e-06
4.35000000e+00 9.23466163e-06
4.40000000e+00 9.26138417e-06
4.45000000e+00 9.27881400e-06
4.50000000e+00 9.28095460e-06
4.55000000e+00 9.26328950e-06
4.60000000e+00 9.22335133e-06
4.65000000e+00 9.16088777e-06
4.70000000e+00 9.07762253e-06
4.75000000e+00 8.97677720e-06
4.80000000e+00 8.86257690e-06
4.85000000e+00 8.73986953e-06
4.90000000e+00 8.61381573e-06
4.95000000e+00 8.48955803e-06
5.00000000e+00 8.37179720e-06
5.05000000e+00 8.26433350e-06
5.10000000e+00 8.16968627e-06
5.15000000e+00 8.08888960e-06
5.20000000e+00 8.02149523e-06
5.25000000e+00 7.96575440e-06
5.30000000e+00 7.91894327e-06
5.35000000e+00 7.87776933e-06
5.40000000e+00 7.83881517e-06
5.45000000e+00 7.79894517e-06
5.50000000e+00 7.75561830e-06
5.55000000e+00 7.70704013e-06
5.60000000e+00 7.65217643e-06
5.65000000e+00 7.59069030e-06
5.70000000e+00 7.52290337e-06
5.75000000e+00 7.44981837e-06
5.80000000e+00 7.37315533e-06
5.85000000e+00 7.29528747e-06
5.90000000e+00 7.21897793e-06
5.95000000e+00 7.14691570e-06
6.00000000e+00 7.08117233e-06
6.05000000e+00 7.02275043e-06
6.10000000e+00 6.97137290e-06
6.15000000e+00 6.92557407e-06
6.20000000e+00 6.88305087e-06
6.25000000e+00 6.84117513e-06
6.30000000e+00 6.79751617e-06
6.35000000e+00 6.75026347e-06
6.40000000e+00 6.69845950e-06
6.45000000e+00 6.64203497e-06
6.50000000e+00 6.58168910e-06
6.55000000e+00 6.51870200e-06
6.60000000e+00 6.45474747e-06
6.65000000e+00 6.39174070e-06
6.70000000e+00 6.33169703e-06
6.75000000e+00 6.27657817e-06
6.80000000e+00 6.22812030e-06
6.85000000e+00 6.18768337e-06
6.90000000e+00 6.15615607e-06
6.95000000e+00 6.13393293e-06
7.00000000e+00 6.12093310e-06
7.05000000e+00 6.11663513e-06
7.10000000e+00 6.12012003e-06
7.15000000e+00 6.13016077e-06
7.20000000e+00 6.14539350e-06
7.25000000e+00 6.16456897e-06
7.30000000e+00 6.18681057e-06
7.35000000e+00 6.21177773e-06
7.40000000e+00 6.23965487e-06
7.45000000e+00 6.27096743e-06
7.50000000e+00 6.30630340e-06
7.55000000e+00 6.34605000e-06
7.60000000e+00 6.39023817e-06
7.65000000e+00 6.43851513e-06
7.70000000e+00 6.49020950e-06
7.75000000e+00 6.54441170e-06
7.80000000e+00 6.60001500e-06
7.85000000e+00 6.65569913e-06
7.90000000e+00 6.70990960e-06
7.95000000e+00 6.76091147e-06
8.00000000e+00 6.80694860e-06
8.05000000e+00 6.84649387e-06
8.10000000e+00 6.87850000e-06
8.15000000e+00 6.90257973e-06
8.20000000e+00 6.91908740e-06
8.25000000e+00 6.92911893e-06
8.30000000e+00 6.93446413e-06
8.35000000e+00 6.93749803e-06
8.40000000e+00 6.94100383e-06
8.45000000e+00 6.94793107e-06
8.50000000e+00 6.96112853e-06
8.55000000e+00 6.98310073e-06
8.60000000e+00 7.01581100e-06
8.65000000e+00 7.06052763e-06
8.70000000e+00 7.11771353e-06
8.75000000e+00 7.18699760e-06
8.80000000e+00 7.26727627e-06
8.85000000e+00 7.35698143e-06
8.90000000e+00 7.45445167e-06
8.95000000e+00 7.55827363e-06
9.00000000e+00 7.66743033e-06
9.05000000e+00 7.78117803e-06
9.10000000e+00 7.89869530e-06
9.15000000e+00 8.01866987e-06
9.20000000e+00 8.13900727e-06
9.25000000e+00 8.25680443e-06
9.30000000e+00 8.36861793e-06
9.35000000e+00 8.47095513e-06
9.40000000e+00 8.56082250e-06
9.45000000e+00 8.63615063e-06
9.50000000e+00 8.69596487e-06
9.55000000e+00 8.74028583e-06
9.60000000e+00 8.76984990e-06
9.65000000e+00 8.78579020e-06
9.70000000e+00 8.78937353e-06
9.75000000e+00 8.78183567e-06
9.80000000e+00 8.76429087e-06
9.85000000e+00 8.73768370e-06
9.90000000e+00 8.70276010e-06
9.95000000e+00 8.66006737e-06
1.00000000e+01 8.61001327e-06
1.00500000e+01 8.55302990e-06
1.01000000e+01 8.48982677e-06
1.01500000e+01 8.42163553e-06
1.02000000e+01 8.35030227e-06
1.02500000e+01 8.27808907e-06
1.03000000e+01 8.20722120e-06
1.03500000e+01 8.13932610e-06
1.04000000e+01 8.07502363e-06
1.04500000e+01 8.01379487e-06
1.05000000e+01 7.95415297e-06
1.05500000e+01 7.89398180e-06
1.06000000e+01 7.83090033e-06
1.06500000e+01 7.76256953e-06
1.07000000e+01 7.68694223e-06
1.07500000e+01 7.60249550e-06
1.08000000e+01 7.50846067e-06
1.08500000e+01 7.40501927e-06
1.09000000e+01 7.29338887e-06
1.09500000e+01 7.17574660e-06
1.10000000e+01 7.05495237e-06
1.10500000e+01 6.93410827e-06
1.11000000e+01 6.81604593e-06
1.11500000e+01 6.70288453e-06
1.12000000e+01 6.59578717e-06
1.12500000e+01 6.49496250e-06
1.13000000e+01 6.39987730e-06
1.13500000e+01 6.30957053e-06
1.14000000e+01 6.22296230e-06
1.14500000e+01 6.13908277e-06
1.15000000e+01 6.05719837e-06
1.15500000e+01 5.97682847e-06
1.16000000e+01 5.89766833e-06
1.16500000e+01 5.81946163e-06
1.17000000e+01 5.74188637e-06
1.17500000e+01 5.66452117e-06
1.18000000e+01 5.58690247e-06
1.18500000e+01 5.50862707e-06
1.19000000e+01 5.42944317e-06
1.19500000e+01 5.34928277e-06
1.20000000e+01 5.26826507e-06
1.20500000e+01 5.18668647e-06
1.21000000e+01 5.10499927e-06
1.21500000e+01 5.02373140e-06
1.22000000e+01 4.94334473e-06
1.22500000e+01 4.86406407e-06
1.23000000e+01 4.78576680e-06
1.23500000e+01 4.70798757e-06
1.24000000e+01 4.63004127e-06
1.24500000e+01 4.55120367e-06
1.25000000e+01 4.47086960e-06
1.25500000e+01 4.38865940e-06
1.26000000e+01 4.30445650e-06
1.26500000e+01 4.21840007e-06
1.27000000e+01 4.13084740e-06
1.27500000e+01 4.04233573e-06
1.28000000e+01 3.95355457e-06
1.28500000e+01 3.86532830e-06
1.29000000e+01 3.77858490e-06
1.29500000e+01 3.69429013e-06
1.30000000e+01 3.61333953e-06
1.30500000e+01 3.53643473e-06
1.31000000e+01 3.46398613e-06
1.31500000e+01 3.39607327e-06
1.32000000e+01 3.33247207e-06
1.32500000e+01 3.27273030e-06
1.33000000e+01 3.21627923e-06
1.33500000e+01 3.16255150e-06
1.34000000e+01 3.11109577e-06
1.34500000e+01 3.06165547e-06
1.35000000e+01 3.01419153e-06
1.35500000e+01 2.96882427e-06
1.36000000e+01 2.92572290e-06
1.36500000e+01 2.88499013e-06
1.37000000e+01 2.84659877e-06
1.37500000e+01 2.81038820e-06
1.38000000e+01 2.77609713e-06
1.38500000e+01 2.74339303e-06
1.39000000e+01 2.71188800e-06
1.39500000e+01 2.68115307e-06
1.40000000e+01 2.65074823e-06
1.40500000e+01 2.62028547e-06
1.41000000e+01 2.58950317e-06
1.41500000e+01 2.55833810e-06
1.42000000e+01 2.52695777e-06
1.42500000e+01 2.49573700e-06
1.43000000e+01 2.46516723e-06
1.43500000e+01 2.43572077e-06
1.44000000e+01 2.40770960e-06
1.44500000e+01 2.38118993e-06
1.45000000e+01 2.35594317e-06
1.45500000e+01 2.33153400e-06
1.46000000e+01 2.30742487e-06
1.46500000e+01 2.28309237e-06
1.47000000e+01 2.25810607e-06
1.47500000e+01 2.23215097e-06
1.48000000e+01 2.20501850e-06
1.48500000e+01 2.17658677e-06
1.49000000e+01 2.14681453e-06
1.49500000e+01 2.11574470e-06
1.50000000e+01 2.08350600e-06
1.50500000e+01 2.05029717e-06
1.51000000e+01 2.01634793e-06
1.51500000e+01 1.98187117e-06
1.52000000e+01 1.94700940e-06
1.52500000e+01 1.91179750e-06
1.53000000e+01 1.87615570e-06
1.53500000e+01 1.83992603e-06
1.54000000e+01 1.80293503e-06
1.54500000e+01 1.76505883e-06
1.55000000e+01 1.72625433e-06
1.55500000e+01 1.68654747e-06
1.56000000e+01 1.64599733e-06
1.56500000e+01 1.60465857e-06
1.57000000e+01 1.56256403e-06
1.57500000e+01 1.51973460e-06
1.58000000e+01 1.47620590e-06
1.58500000e+01 1.43205993e-06
1.59000000e+01 1.38745217e-06
1.59500000e+01 1.34262310e-06
1.60000000e+01 1.29788860e-06
1.60500000e+01 1.25361003e-06
1.61000000e+01 1.21015253e-06
1.61500000e+01 1.16784247e-06
1.62000000e+01 1.12693517e-06
1.62500000e+01 1.08759508e-06
1.63000000e+01 1.04988335e-06
1.63500000e+01 1.01375016e-06
1.64000000e+01 9.79037880e-07
1.64500000e+01 9.45498107e-07
1.65000000e+01 9.12824503e-07
1.65500000e+01 8.80696127e-07
1.66000000e+01 8.48823450e-07
1.66500000e+01 8.16992433e-07
1.67000000e+01 7.85094843e-07
1.67500000e+01 7.53140937e-07
1.68000000e+01 7.21250717e-07
1.68500000e+01 6.89627410e-07
1.69000000e+01 6.58522540e-07
1.69500000e+01 6.28203520e-07
1.70000000e+01 5.98927950e-07
1.70500000e+01 5.70923967e-07
1.71000000e+01 5.44373937e-07
1.71500000e+01 5.19403403e-07
1.72000000e+01 4.96076727e-07
1.72500000e+01 4.74399913e-07
1.73000000e+01 4.54330223e-07
1.73500000e+01 4.35789110e-07
1.74000000e+01 4.18675660e-07
1.74500000e+01 4.02877573e-07
1.75000000e+01 3.88279760e-07
1.75500000e+01 3.74770233e-07
1.76000000e+01 3.62243703e-07
1.76500000e+01 3.50603233e-07
1.77000000e+01 3.39760960e-07
1.77500000e+01 3.29638130e-07
1.78000000e+01 3.20164507e-07
1.78500000e+01 3.11277743e-07
1.79000000e+01 3.02922557e-07
1.79500000e+01 2.95050090e-07
1.80000000e+01 2.87616993e-07
1.80500000e+01 2.80584847e-07
1.81000000e+01 2.73919490e-07
1.81500000e+01 2.67590573e-07
1.82000000e+01 2.61571010e-07
1.82500000e+01 2.55836560e-07
1.83000000e+01 2.50365500e-07
1.83500000e+01 2.45138360e-07
1.84000000e+01 2.40137610e-07
1.84500000e+01 2.35347350e-07
1.85000000e+01 2.30753257e-07
1.85500000e+01 2.26342303e-07
1.86000000e+01 2.22102653e-07
1.86500000e+01 2.18023497e-07
1.87000000e+01 2.14095010e-07
1.87500000e+01 2.10308163e-07
1.88000000e+01 2.06654677e-07
1.88500000e+01 2.03126947e-07
1.89000000e+01 1.99717977e-07
1.89500000e+01 1.96421293e-07
1.90000000e+01 1.93230923e-07
1.90500000e+01 1.90141317e-07
1.91000000e+01 1.87147357e-07
1.91500000e+01 1.84244310e-07
1.92000000e+01 1.81427703e-07
1.92500000e+01 1.78693420e-07
1.93000000e+01 1.76037603e-07
1.93500000e+01 1.73456647e-07
1.94000000e+01 1.70947167e-07
1.94500000e+01 1.68506023e-07
1.95000000e+01 1.66130247e-07
1.95500000e+01 1.63817057e-07
1.96000000e+01 1.61563837e-07
1.96500000e+01 1.59368117e-07
1.97000000e+01 1.57227580e-07
1.97500000e+01 1.55140030e-07
1.98000000e+01 1.53103393e-07
1.98500000e+01 1.51115717e-07
1.99000000e+01 1.49175167e-07
1.99500000e+01 1.47279973e-07
2.00000000e+01 1.45428487e-07
2.00500000e+01 1.43619127e-07
2.01000000e+01 1.41850390e-07
2.01500000e+01 1.40120850e-07
2.02000000e+01 1.38429163e-07
2.02500000e+01 1.36774050e-07
2.03000000e+01 1.35154273e-07
2.03500000e+01 1.33568670e-07
2.04000000e+01 1.32016120e-07
2.04500000e+01 1.30495563e-07
2.05000000e+01 1.29005970e-07
2.05500000e+01 1.27546380e-07
2.06000000e+01 1.26115873e-07
2.06500000e+01 1.24713553e-07
2.07000000e+01 1.23338563e-07
2.07500000e+01 1.21990094e-07
2.08000000e+01 1.20667352e-07
2.08500000e+01 1.19369609e-07
2.09000000e+01 1.18096125e-07
2.09500000e+01 1.16846224e-07
2.10000000e+01 1.15619239e-07
2.10500000e+01 1.14414525e-07
2.11000000e+01 1.13231480e-07
2.11500000e+01 1.12069495e-07
2.12000000e+01 1.10928027e-07
2.12500000e+01 1.09806514e-07
2.13000000e+01 1.08704440e-07
2.13500000e+01 1.07621294e-07
2.14000000e+01 1.06556589e-07
2.14500000e+01 1.05509843e-07
2.15000000e+01 1.04480603e-07
2.15500000e+01 1.03468447e-07
2.16000000e+01 1.02472937e-07
2.16500000e+01 1.01493659e-07
2.17000000e+01 1.00530237e-07
2.17500000e+01 9.95822670e-08
2.18000000e+01 9.86493843e-08
2.18500000e+01 9.77312500e-08
2.19000000e+01 9.68274860e-08
2.19500000e+01 9.59377930e-08
2.20000000e+01 9.50618153e-08
2.20500000e+01 9.41992677e-08
2.21000000e+01 9.33498177e-08
2.21500000e+01 9.25131963e-08
2.22000000e+01 9.16890907e-08
2.22500000e+01 9.08772443e-08
2.23000000e+01 9.00773837e-08
2.23500000e+01 8.92892430e-08
2.24000000e+01 8.85125820e-08
2.24500000e+01 8.77471410e-08
2.25000000e+01 8.69926943e-08
2.25500000e+01 8.62489963e-08
2.26000000e+01 8.55158280e-08
2.26500000e+01 8.47929770e-08
2.27000000e+01 8.40802230e-08
2.27500000e+01 8.33773687e-08
2.28000000e+01 8.26842037e-08
2.28500000e+01 8.20005420e-08
2.29000000e+01 8.13261807e-08
2.29500000e+01 8.06609447e-08
2.30000000e+01 8.00046507e-08
2.30500000e+01 7.93571283e-08
2.31000000e+01 7.87182080e-08
2.31500000e+01 7.80877153e-08
2.32000000e+01 7.74654987e-08
2.32500000e+01 7.68513903e-08
2.33000000e+01 7.62452407e-08
2.33500000e+01 7.56469047e-08
2.34000000e+01 7.50562317e-08
2.34500000e+01 7.44730873e-08
2.35000000e+01 7.38973213e-08
2.35500000e+01 7.33288107e-08
2.36000000e+01 7.27674127e-08
2.36500000e+01 7.22130080e-08
2.37000000e+01 7.16654620e-08
2.37500000e+01 7.11246530e-08
2.38000000e+01 7.05904760e-08
2.38500000e+01 7.00627980e-08
2.39000000e+01 6.95415163e-08
2.39500000e+01 6.90265100e-08
2.40000000e+01 6.85176803e-08
2.40500000e+01 6.80149100e-08
2.41000000e+01 6.75181010e-08
2.41500000e+01 6.70271543e-08
2.42000000e+01 6.65419670e-08
2.42500000e+01 6.60624493e-08
2.43000000e+01 6.55884970e-08
2.43500000e+01 6.51200260e-08
2.44000000e+01 6.46569377e-08
2.44500000e+01 6.41991460e-08
2.45000000e+01 6.37465690e-08
2.45500000e+01 6.32991177e-08
2.46000000e+01 6.28567143e-08
2.46500000e+01 6.24192703e-08
2.47000000e+01 6.19867147e-08
2.47500000e+01 6.15589613e-08
2.48000000e+01 6.11359370e-08
2.48500000e+01 6.07175703e-08
2.49000000e+01 6.03037863e-08
2.49500000e+01 5.98945177e-08
2.50000000e+01 5.94896860e-08
2.50500000e+01 5.90892327e-08
2.51000000e+01 5.86930817e-08
2.51500000e+01 5.83011700e-08
2.52000000e+01 5.79134407e-08
2.52500000e+01 5.75298157e-08
2.53000000e+01 5.71502507e-08
2.53500000e+01 5.67746717e-08
2.54000000e+01 5.64030283e-08
2.54500000e+01 5.60352543e-08
2.55000000e+01 5.56713003e-08
2.55500000e+01 5.53111030e-08
2.56000000e+01 5.49546107e-08
2.56500000e+01 5.46017713e-08
2.57000000e+01 5.42525297e-08
2.57500000e+01 5.39068387e-08
2.58000000e+01 5.35646400e-08
2.58500000e+01 5.32258920e-08
2.59000000e+01 5.28905373e-08
2.59500000e+01 5.25585313e-08
2.60000000e+01 5.22298300e-08
2.60500000e+01 5.19043833e-08
2.61000000e+01 5.15821507e-08
2.61500000e+01 5.12630813e-08
2.62000000e+01 5.09471377e-08
2.62500000e+01 5.06342700e-08
2.63000000e+01 5.03244390e-08
2.63500000e+01 5.00176060e-08
2.64000000e+01 4.97137267e-08
2.64500000e+01 4.94127660e-08
2.65000000e+01 4.91146783e-08
2.65500000e+01 4.88194317e-08
2.66000000e+01 4.85269817e-08
2.66500000e+01 4.82372930e-08
2.67000000e+01 4.79503320e-08
2.67500000e+01 4.76660600e-08
2.68000000e+01 4.73844460e-08
2.68500000e+01 4.71054490e-08
2.69000000e+01 4.68290403e-08
2.69500000e+01 4.65551820e-08
2.70000000e+01 4.62838453e-08
2.70500000e+01 4.60149930e-08
2.71000000e+01 4.57485933e-08
2.71500000e+01 4.54846237e-08
2.72000000e+01 4.52230430e-08
2.72500000e+01 4.49638287e-08
2.73000000e+01 4.47069443e-08
2.73500000e+01 4.44523667e-08
2.74000000e+01 4.42000607e-08
2.74500000e+01 4.39500010e-08
2.75000000e+01 4.37021620e-08
2.75500000e+01 4.34565123e-08
2.76000000e+01 4.32130300e-08
2.76500000e+01 4.29716827e-08
2.77000000e+01 4.27324497e-08
2.77500000e+01 4.24953000e-08
2.78000000e+01 4.22602100e-08
2.78500000e+01 4.20271570e-08
2.79000000e+01 4.17961147e-08
2.79500000e+01 4.15670613e-08
2.80000000e+01 4.13399690e-08
2.80500000e+01 4.11148190e-08
2.81000000e+01 4.08915833e-08
2.81500000e+01 4.06702413e-08
2.82000000e+01 4.04507723e-08
2.82500000e+01 4.02331523e-08
2.83000000e+01 4.00173630e-08
2.83500000e+01 3.98033783e-08
2.84000000e+01 3.95911817e-08
2.84500000e+01 3.93807480e-08
2.85000000e+01 3.91720613e-08
2.85500000e+01 3.89650973e-08
2.86000000e+01 3.87598367e-08
2.86500000e+01 3.85562650e-08
2.87000000e+01 3.83543583e-08
2.87500000e+01 3.81541010e-08
2.88000000e+01 3.79554703e-08
2.88500000e+01 3.77584527e-08
2.89000000e+01 3.75630250e-08
2.89500000e+01 3.73691717e-08
2.90000000e+01 3.71768763e-08
2.90500000e+01 3.69861207e-08
2.91000000e+01 3.67968893e-08
2.91500000e+01 3.66091620e-08
2.92000000e+01 3.64229257e-08
2.92500000e+01 3.62381610e-08
2.93000000e+01 3.60548530e-08
2.93500000e+01 3.58729867e-08
2.94000000e+01 3.56925453e-08
2.94500000e+01 3.55135153e-08
2.95000000e+01 3.53358787e-08
2.95500000e+01 3.51596240e-08
2.96000000e+01 3.49847323e-08
2.96500000e+01 3.48111903e-08
2.97000000e+01 3.46389850e-08
2.97500000e+01 3.44681017e-08
2.98000000e+01 3.42985277e-08
2.98500000e+01 3.41302457e-08
2.99000000e+01 3.39632460e-08
2.99500000e+01 3.37975117e-08
3.00000000e+01 3.36330307e-08
3.00500000e+01 3.34697913e-08
3.01000000e+01 3.33077790e-08
3.01500000e+01 3.31469837e-08
3.02000000e+01 3.29873887e-08
3.02500000e+01 3.28289860e-08
3.03000000e+01 3.26717597e-08
3.03500000e+01 3.25157007e-08
3.04000000e+01 3.23607933e-08
3.04500000e+01 3.22070273e-08
3.05000000e+01 3.20543953e-08
3.05500000e+01 3.19028803e-08
3.06000000e+01 3.17524753e-08
3.06500000e+01 3.16031653e-08
3.07000000e+01 3.14549427e-08
3.07500000e+01 3.13077930e-08
3.08000000e+01 3.11617073e-08
3.08500000e+01 3.10166767e-08
3.09000000e+01 3.08726880e-08
3.09500000e+01 3.07297340e-08
3.10000000e+01 3.05878013e-08
3.10500000e+01 3.04468830e-08
3.11000000e+01 3.03069653e-08
3.11500000e+01 3.01680407e-08
3.12000000e+01 3.00300997e-08
3.12500000e+01 2.98931323e-08
3.13000000e+01 2.97571303e-08
3.13500000e+01 2.96220823e-08
3.14000000e+01 2.94879813e-08
3.14500000e+01 2.93548153e-08
3.15000000e+01 2.92225773e-08
3.15500000e+01 2.90912587e-08
3.16000000e+01 2.89608493e-08
3.16500000e+01 2.88313430e-08
3.17000000e+01 2.87027280e-08
3.17500000e+01 2.85749993e-08
3.18000000e+01 2.84481453e-08
3.18500000e+01 2.83221603e-08
3.19000000e+01 2.81970340e-08
3.19500000e+01 2.80727577e-08
3.20000000e+01 2.79493283e-08
3.20500000e+01 2.78267333e-08
3.21000000e+01 2.77049673e-08
3.21500000e+01 2.75840217e-08
3.22000000e+01 2.74638893e-08
3.22500000e+01 2.73445613e-08
3.23000000e+01 2.72260313e-08
3.23500000e+01 2.71082930e-08
3.24000000e+01 2.69913373e-08
3.24500000e+01 2.68751597e-08
3.25000000e+01 2.67597500e-08
3.25500000e+01 2.66451043e-08
3.26000000e+01 2.65312123e-08
3.26500000e+01 2.64180697e-08
3.27000000e+01 2.63056690e-08
3.27500000e+01 2.61940030e-08
3.28000000e+01 2.60830677e-08
3.28500000e+01 2.59728530e-08
3.29000000e+01 2.58633553e-08
3.29500000e+01 2.57545663e-08
3.30000000e+01 2.56464800e-08
3.30500000e+01 2.55390913e-08
3.31000000e+01 2.54323927e-08
3.31500000e+01 2.53263807e-08
3.32000000e+01 2.52210460e-08
3.32500000e+01 2.51163853e-08
3.33000000e+01 2.50123907e-08
3.33500000e+01 2.49090570e-08
3.34000000e+01 2.48063793e-08
3.34500000e+01 2.47043507e-08
3.35000000e+01 2.46029673e-08
3.35500000e+01 2.45022220e-08
3.36000000e+01 2.44021107e-08
3.36500000e+01 2.43026253e-08
3.37000000e+01 2.42037640e-08
3.37500000e+01 2.41055190e-08
3.38000000e+01 2.40078850e-08
3.38500000e+01 2.39108580e-08
3.39000000e+01 2.38144320e-08
3.39500000e+01 2.37186037e-08
3.40000000e+01 2.36233657e-08
3.40500000e+01 2.35287150e-08
3.41000000e+01 2.34346447e-08
3.41500000e+01 2.33411510e-08
3.42000000e+01 2.32482287e-08
3.42500000e+01 2.31558740e-08
3.43000000e+01 2.30640833e-08
3.43500000e+01 2.29728470e-08
3.44000000e+01 2.28821653e-08
3.44500000e+01 2.27920320e-08
3.45000000e+01 2.27024430e-08
3.45500000e+01 2.26133930e-08
3.46000000e+01 2.25248763e-08
3.46500000e+01 2.24368917e-08
3.47000000e+01 2.23494340e-08
3.47500000e+01 2.22624993e-08
3.48000000e+01 2.21760797e-08
3.48500000e+01 2.20901740e-08
3.49000000e+01 2.20047800e-08
3.49500000e+01 2.19198887e-08
3.50000000e+01 2.18355013e-08
3.50500000e+01 2.17516083e-08
3.51000000e+01 2.16682103e-08
3.51500000e+01 2.15853010e-08
3.52000000e+01 2.15028790e-08
3.52500000e+01 2.14209357e-08
3.53000000e+01 2.13394700e-08
3.53500000e+01 2.12584783e-08
3.54000000e+01 2.11779600e-08
3.54500000e+01 2.10979063e-08
3.55000000e+01 2.10183143e-08
3.55500000e+01 2.09391810e-08
3.56000000e+01 2.08605043e-08
3.56500000e+01 2.07822807e-08
3.57000000e+01 2.07045053e-08
3.57500000e+01 2.06271727e-08
3.58000000e+01 2.05502817e-08
3.58500000e+01 2.04738327e-08
3.59000000e+01 2.03978157e-08
3.59500000e+01 2.03222290e-08
3.60000000e+01 2.02470700e-08
3.60500000e+01 2.01723360e-08
3.61000000e+01 2.00980263e-08
3.61500000e+01 2.00241337e-08
3.62000000e+01 1.99506543e-08
3.62500000e+01 1.98775867e-08
3.63000000e+01 1.98049310e-08
3.63500000e+01 1.97326793e-08
3.64000000e+01 1.96608287e-08
3.64500000e+01 1.95893773e-08
3.65000000e+01 1.95183227e-08
3.65500000e+01 1.94476643e-08
3.66000000e+01 1.93773950e-08
3.66500000e+01 1.93075123e-08
3.67000000e+01 1.92380140e-08
3.67500000e+01 1.91688987e-08
3.68000000e+01 1.91001630e-08
3.68500000e+01 1.90318027e-08
3.69000000e+01 1.89638147e-08
3.69500000e+01 1.88961970e-08
3.70000000e+01 1.88289507e-08
3.70500000e+01 1.87620677e-08
3.71000000e+01 1.86955460e-08
3.71500000e+01 1.86293837e-08
3.72000000e+01 1.85635787e-08
3.72500000e+01 1.84981307e-08
3.73000000e+01 1.84330337e-08
3.73500000e+01 1.83682843e-08
3.74000000e+01 1.83038827e-08
3.74500000e+01 1.82398257e-08
3.75000000e+01 1.81761113e-08
3.75500000e+01 1.81127357e-08
3.76000000e+01 1.80496960e-08
3.76500000e+01 1.79869903e-08
3.77000000e+01 1.79246200e-08
3.77500000e+01 1.78625780e-08
3.78000000e+01 1.78008613e-08
3.78500000e+01 1.77394703e-08
3.79000000e+01 1.76784013e-08
3.79500000e+01 1.76176560e-08
3.80000000e+01 1.75572273e-08
3.80500000e+01 1.74971127e-08
3.81000000e+01 1.74373120e-08
3.81500000e+01 1.73778257e-08
3.82000000e+01 1.73186467e-08
3.82500000e+01 1.72597737e-08
3.83000000e+01 1.72012057e-08
3.83500000e+01 1.71429400e-08
3.84000000e+01 1.70849777e-08
3.84500000e+01 1.70273123e-08
3.85000000e+01 1.69699423e-08
3.85500000e+01 1.69128670e-08
3.86000000e+01 1.68560843e-08
3.86500000e+01 1.67995930e-08
3.87000000e+01 1.67433893e-08
3.87500000e+01 1.66874710e-08
3.88000000e+01 1.66318370e-08
3.88500000e+01 1.65764877e-08
3.89000000e+01 1.65214170e-08
3.89500000e+01 1.64666243e-08
3.90000000e+01 1.64121083e-08
3.90500000e+01 1.63578667e-08
3.91000000e+01 1.63039003e-08
3.91500000e+01 1.62502037e-08
3.92000000e+01 1.61967750e-08
3.92500000e+01 1.61436137e-08
3.93000000e+01 1.60907187e-08
3.93500000e+01 1.60380890e-08
3.94000000e+01 1.59857193e-08
3.94500000e+01 1.59336090e-08
3.95000000e+01 1.58817573e-08
3.95500000e+01 1.58301647e-08
3.96000000e+01 1.57788257e-08
3.96500000e+01 1.57277390e-08
3.97000000e+01 1.56769040e-08
3.97500000e+01 1.56263197e-08
3.98000000e+01 1.55759840e-08
3.98500000e+01 1.55258947e-08
3.99000000e+01 1.54760493e-08
3.99500000e+01 1.54264470e-08
4.00000000e+01 1.53770890e-08
4.00500000e+01 1.53279697e-08
4.01000000e+01 1.52790880e-08
4.01500000e+01 1.52304430e-08
4.02000000e+01 1.51820340e-08
4.02500000e+01 1.51338603e-08
4.03000000e+01 1.50859183e-08
4.03500000e+01 1.50382063e-08
4.04000000e+01 1.49907237e-08
4.04500000e+01 1.49434693e-08
4.05000000e+01 1.48964423e-08
4.05500000e+01 1.48496393e-08
4.06000000e+01 1.48030590e-08
4.06500000e+01 1.47567010e-08
4.07000000e+01 1.47105657e-08
4.07500000e+01 1.46646483e-08
4.08000000e+01 1.46189477e-08
4.08500000e+01 1.45734633e-08
4.09000000e+01 1.45281940e-08
4.09500000e+01 1.44831407e-08
4.10000000e+01 1.44382983e-08
4.10500000e+01 1.43936657e-08
4.11000000e+01 1.43492430e-08
4.11500000e+01 1.43050303e-08
4.12000000e+01 1.42610233e-08
4.12500000e+01 1.42172217e-08
4.13000000e+01 1.41736237e-08
4.13500000e+01 1.41302290e-08
4.14000000e+01 1.40870383e-08
4.14500000e+01 1.40440463e-08
4.15000000e+01 1.40012533e-08
4.15500000e+01 1.39586580e-08
4.16000000e+01 1.39162603e-08
4.16500000e+01 1.38740583e-08
4.17000000e+01 1.38320503e-08
4.17500000e+01 1.37902350e-08
4.18000000e+01 1.37486113e-08
4.18500000e+01 1.37071807e-08
4.19000000e+01 1.36659377e-08
4.19500000e+01 1.36248827e-08
4.20000000e+01 1.35840150e-08
4.20500000e+01 1.35433333e-08
4.21000000e+01 1.35028380e-08
4.21500000e+01 1.34625260e-08
4.22000000e+01 1.34223953e-08
4.22500000e+01 1.33824463e-08
4.23000000e+01 1.33426787e-08
4.23500000e+01 1.33030907e-08
4.24000000e+01 1.32636800e-08
4.24500000e+01 1.32244467e-08
4.25000000e+01 1.31853890e-08
4.25500000e+01 1.31465077e-08
4.26000000e+01 1.31077997e-08
4.26500000e+01 1.30692643e-08
4.27000000e+01 1.30309000e-08
4.27500000e+01 1.29927070e-08
4.28000000e+01 1.29546853e-08
4.28500000e+01 1.29168317e-08
4.29000000e+01 1.28791450e-08
4.29500000e+01 1.28416247e-08
4.30000000e+01 1.28042720e-08
4.30500000e+01 1.27670833e-08
4.31000000e+01 1.27300580e-08
4.31500000e+01 1.26931950e-08
4.32000000e+01 1.26564943e-08
4.32500000e+01 1.26199557e-08
4.33000000e+01 1.25835767e-08
4.33500000e+01 1.25473556e-08
4.34000000e+01 1.25112928e-08
4.34500000e+01 1.24753875e-08
4.35000000e+01 1.24396385e-08
4.35500000e+01 1.24040453e-08
4.36000000e+01 1.23686055e-08
4.36500000e+01 1.23333193e-08
4.37000000e+01 1.22981870e-08
4.37500000e+01 1.22632058e-08
4.38000000e+01 1.22283745e-08
4.38500000e+01 1.21936932e-08
4.39000000e+01 1.21591613e-08
4.39500000e+01 1.21247788e-08
4.40000000e+01 1.20905429e-08
4.40500000e+01 1.20564528e-08
4.41000000e+01 1.20225085e-08
4.41500000e+01 1.19887094e-08
4.42000000e+01 1.19550551e-08
4.42500000e+01 1.19215436e-08
4.43000000e+01 1.18881731e-08
4.43500000e+01 1.18549446e-08
4.44000000e+01 1.18218585e-08
4.44500000e+01 1.17889112e-08
4.45000000e+01 1.17561026e-08
4.45500000e+01 1.17234326e-08
4.46000000e+01 1.16908996e-08
4.46500000e+01 1.16585049e-08
4.47000000e+01 1.16262457e-08
4.47500000e+01 1.15941208e-08
4.48000000e+01 1.15621307e-08
4.48500000e+01 1.15302752e-08
4.49000000e+01 1.14985523e-08
4.49500000e+01 1.14669606e-08
4.50000000e+01 1.14355010e-08
4.50500000e+01 1.14041716e-08
4.51000000e+01 1.13729738e-08
4.51500000e+01 1.13419042e-08
4.52000000e+01 1.13109629e-08
4.52500000e+01 1.12801494e-08
4.53000000e+01 1.12494633e-08
4.53500000e+01 1.12189041e-08
4.54000000e+01 1.11884704e-08
4.54500000e+01 1.11581611e-08
4.55000000e+01 1.11279759e-08
4.55500000e+01 1.10979160e-08
4.56000000e+01 1.10679780e-08
4.56500000e+01 1.10381619e-08
4.57000000e+01 1.10084673e-08
4.57500000e+01 1.09788940e-08
4.58000000e+01 1.09494420e-08
4.58500000e+01 1.09201087e-08
4.59000000e+01 1.08908939e-08
4.59500000e+01 1.08617976e-08
4.60000000e+01 1.08328202e-08
4.60500000e+01 1.08039590e-08
4.61000000e+01 1.07752141e-08
4.61500000e+01 1.07465845e-08
4.62000000e+01 1.07180699e-08
4.62500000e+01 1.06896714e-08
4.63000000e+01 1.06613859e-08
4.63500000e+01 1.06332132e-08
4.64000000e+01 1.06051533e-08
4.64500000e+01 1.05772059e-08
4.65000000e+01 1.05493702e-08
4.65500000e+01 1.05216452e-08
4.66000000e+01 1.04940296e-08
4.66500000e+01 1.04665242e-08
4.67000000e+01 1.04391288e-08
4.67500000e+01 1.04118410e-08
4.68000000e+01 1.03846610e-08
4.68500000e+01 1.03575884e-08
4.69000000e+01 1.03306225e-08
4.69500000e+01 1.03037638e-08
4.70000000e+01 1.02770102e-08
4.70500000e+01 1.02503613e-08
4.71000000e+01 1.02238167e-08
4.71500000e+01 1.01973768e-08
4.72000000e+01 1.01710404e-08
4.72500000e+01 1.01448069e-08
4.73000000e+01 1.01186752e-08
4.73500000e+01 1.00926453e-08
4.74000000e+01 1.00667178e-08
4.74500000e+01 1.00408906e-08
4.75000000e+01 1.00151630e-08
4.75500000e+01 9.98953483e-09
4.76000000e+01 9.96400627e-09
4.76500000e+01 9.93857737e-09
4.77000000e+01 9.91324580e-09
4.77500000e+01 9.88801173e-09
4.78000000e+01 9.86287477e-09
4.78500000e+01 9.83783527e-09
4.79000000e+01 9.81289163e-09
4.79500000e+01 9.78804303e-09
4.80000000e+01 9.76328933e-09
4.80500000e+01 9.73863053e-09
4.81000000e+01 9.71406690e-09
4.81500000e+01 9.68959670e-09
4.82000000e+01 9.66521880e-09
4.82500000e+01 9.64093373e-09
4.83000000e+01 9.61674137e-09
4.83500000e+01 9.59264120e-09
4.84000000e+01 9.56863220e-09
4.84500000e+01 9.54471320e-09
4.85000000e+01 9.52088500e-09
4.85500000e+01 9.49714747e-09
4.86000000e+01 9.47349900e-09
4.86500000e+01 9.44993910e-09
4.87000000e+01 9.42646770e-09
4.87500000e+01 9.40308450e-09
4.88000000e+01 9.37979033e-09
4.88500000e+01 9.35658223e-09
4.89000000e+01 9.33346077e-09
4.89500000e+01 9.31042590e-09
4.90000000e+01 9.28747703e-09
4.90500000e+01 9.26461380e-09
4.91000000e+01 9.24183583e-09
4.91500000e+01 9.21914197e-09
4.92000000e+01 9.19653207e-09
4.92500000e+01 9.17400727e-09
4.93000000e+01 9.15156507e-09
4.93500000e+01 9.12920567e-09
4.94000000e+01 9.10692863e-09
4.94500000e+01 9.08473370e-09
4.95000000e+01 9.06262173e-09
4.95500000e+01 9.04059047e-09
4.96000000e+01 9.01863953e-09
4.96500000e+01 8.99676950e-09
4.97000000e+01 8.97498010e-09
4.97500000e+01 8.95327017e-09
4.98000000e+01 8.93163933e-09
4.98500000e+01 8.91008717e-09
4.99000000e+01 8.88861373e-09
4.99500000e+01 8.86721950e-09
5.00000000e+01 8.84590233e-09
5.00500000e+01 8.82466247e-09
5.01000000e+01 8.80349947e-09
5.01500000e+01 8.78241353e-09
5.02000000e+01 8.76140430e-09
5.02500000e+01 8.74047043e-09
5.03000000e+01 8.71961213e-09
5.03500000e+01 8.69882897e-09
5.04000000e+01 8.67812143e-09
5.04500000e+01 8.65748773e-09
5.05000000e+01 8.63692810e-09
5.05500000e+01 8.61644180e-09
5.06000000e+01 8.59602927e-09
5.06500000e+01 8.57569037e-09
5.07000000e+01 8.55542383e-09
5.07500000e+01 8.53522947e-09
5.08000000e+01 8.51510673e-09
5.08500000e+01 8.49505613e-09
5.09000000e+01 8.47507710e-09
5.09500000e+01 8.45516883e-09
5.10000000e+01 8.43533073e-09
5.10500000e+01 8.41556297e-09
5.11000000e+01 8.39586633e-09
5.11500000e+01 8.37623840e-09
5.12000000e+01 8.35667987e-09
5.12500000e+01 8.33718983e-09
5.13000000e+01 8.31776893e-09
5.13500000e+01 8.29841657e-09
5.14000000e+01 8.27913223e-09
5.14500000e+01 8.61677530e-09
5.15000000e+01 8.59668227e-09
5.15500000e+01 9.28661700e-09
5.16000000e+01 9.26479233e-09
5.16500000e+01 9.58987720e-09
5.17000000e+01 9.56729340e-09
5.17500000e+01 9.54478880e-09
5.18000000e+01 9.86342237e-09
5.18500000e+01 1.01958628e-08
5.19000000e+01 1.05080370e-08
5.19500000e+01 1.04831521e-08
5.20000000e+01 1.04583555e-08
5.20500000e+01 1.07643504e-08
5.21000000e+01 1.07388653e-08
5.21500000e+01 1.10395730e-08
5.22000000e+01 1.13657612e-08
5.22500000e+01 1.16603490e-08
5.23000000e+01 1.16326320e-08
5.23500000e+01 1.16050129e-08
5.24000000e+01 1.18937892e-08
5.24500000e+01 1.18655447e-08
5.25000000e+01 1.21493430e-08
5.25500000e+01 1.24695873e-08
5.26000000e+01 1.24399378e-08
5.26500000e+01 1.27172427e-08
5.27000000e+01 1.26870120e-08
5.27500000e+01 1.29595403e-08
5.28000000e+01 1.29287430e-08
5.28500000e+01 1.28980543e-08
5.29000000e+01 1.35111690e-08
5.29500000e+01 1.34790490e-08
5.30000000e+01 1.37407380e-08
5.30500000e+01 1.37080910e-08
5.31000000e+01 1.39652770e-08
5.31500000e+01 1.39321213e-08
5.32000000e+01 1.38990807e-08
5.32500000e+01 1.44940960e-08
5.33000000e+01 1.44596910e-08
5.33500000e+01 1.44254053e-08
5.34000000e+01 1.46717513e-08
5.34500000e+01 1.46369957e-08
5.35000000e+01 1.48791077e-08
5.35500000e+01 1.48438920e-08
5.36000000e+01 1.48087993e-08
5.36500000e+01 1.53852083e-08
5.37000000e+01 1.53488187e-08
5.37500000e+01 1.55812683e-08
5.38000000e+01 1.55444560e-08
5.38500000e+01 1.55077717e-08
5.39000000e+01 1.57356920e-08
5.39500000e+01 1.56985980e-08
5.40000000e+01 1.59226067e-08
5.40500000e+01 1.62204027e-08
5.41000000e+01 1.61822060e-08
5.41500000e+01 1.64010080e-08
5.42000000e+01 1.63624330e-08
5.42500000e+01 1.65774773e-08
5.43000000e+01 1.65385360e-08
5.43500000e+01 1.64997307e-08
5.44000000e+01 1.67105980e-08
5.44500000e+01 1.70031037e-08
5.45000000e+01 1.69632560e-08
5.45500000e+01 1.71691973e-08
5.46000000e+01 1.71290173e-08
5.46500000e+01 1.73314207e-08
5.47000000e+01 1.72909157e-08
5.47500000e+01 1.72505493e-08
5.48000000e+01 1.74490283e-08
5.48500000e+01 1.77365017e-08
5.49000000e+01 1.76951567e-08
5.49500000e+01 1.78889690e-08
5.50000000e+01 1.78473280e-08
5.50500000e+01 1.80378127e-08
5.51000000e+01 1.79958880e-08
5.51500000e+01 1.79541033e-08
5.52000000e+01 1.81408967e-08
5.52500000e+01 1.84235800e-08
5.53000000e+01 1.83808740e-08
5.53500000e+01 1.85632483e-08
5.54000000e+01 1.85202830e-08
5.54500000e+01 1.86995200e-08
5.55000000e+01 1.86563067e-08
5.55500000e+01 1.86132390e-08
5.56000000e+01 1.87890063e-08
5.56500000e+01 1.87456963e-08
5.57000000e+01 1.90231890e-08
5.57500000e+01 1.91947690e-08
5.58000000e+01 1.91506057e-08
5.58500000e+01 1.91065883e-08
5.59000000e+01 1.92748463e-08
5.59500000e+01 1.92306157e-08
5.60000000e+01 1.93959753e-08
5.60500000e+01 1.93515353e-08
5.61000000e+01 1.93072433e-08
5.61500000e+01 1.97860883e-08
5.62000000e+01 1.97408423e-08
5.62500000e+01 1.96957457e-08
5.63000000e+01 1.98540083e-08
5.63500000e+01 1.98087263e-08
5.64000000e+01 1.97635940e-08
5.64500000e+01 1.99187987e-08
5.65000000e+01 1.98734867e-08
5.65500000e+01 2.00260113e-08
5.66000000e+01 2.02933797e-08
5.66500000e+01 2.02473110e-08
5.67000000e+01 2.03961333e-08
5.67500000e+01 2.03499050e-08
5.68000000e+01 2.03038283e-08
5.68500000e+01 2.04497713e-08
5.69000000e+01 2.04035453e-08
5.69500000e+01 2.03574703e-08
5.70000000e+01 2.05005913e-08
5.70500000e+01 2.04543720e-08
5.71000000e+01 2.07167223e-08
5.71500000e+01 2.08563373e-08
5.72000000e+01 2.08094140e-08
5.72500000e+01 2.07626420e-08
5.73000000e+01 2.08995543e-08
5.73500000e+01 2.08526607e-08
5.74000000e+01 2.08059183e-08
5.74500000e+01 2.09401790e-08
5.75000000e+01 2.08933187e-08
5.75500000e+01 2.10252477e-08
5.76000000e+01 2.12823877e-08
5.76500000e+01 2.12348620e-08
5.77000000e+01 2.13635187e-08
5.77500000e+01 2.13158903e-08
5.78000000e+01 2.12684177e-08
5.78500000e+01 2.13945800e-08
5.79000000e+01 2.13470120e-08
5.79500000e+01 2.12995947e-08
5.80000000e+01 2.14233113e-08
5.80500000e+01 2.13758063e-08
5.81000000e+01 2.16284220e-08
5.81500000e+01 2.17490363e-08
5.82000000e+01 2.17009127e-08
5.82500000e+01 2.16529427e-08
5.83000000e+01 2.17712140e-08
5.83500000e+01 2.17231700e-08
5.84000000e+01 2.16752770e-08
5.84500000e+01 2.17912510e-08
5.85000000e+01 2.17432920e-08
5.85500000e+01 2.16954830e-08
5.86000000e+01 2.21051523e-08
5.86500000e+01 2.20566087e-08
5.87000000e+01 2.20082177e-08
5.87500000e+01 2.21190467e-08
5.88000000e+01 2.20706010e-08
5.88500000e+01 2.20223077e-08
5.89000000e+01 2.21309760e-08
5.89500000e+01 2.20826360e-08
5.90000000e+01 2.20344457e-08
5.90500000e+01 2.21409960e-08
5.91000000e+01 2.23848387e-08
5.91500000e+01 2.23360953e-08
5.92000000e+01 2.24399020e-08
5.92500000e+01 2.23911233e-08
5.93000000e+01 2.23424967e-08
5.93500000e+01 2.24442740e-08
5.94000000e+01 2.23956147e-08
5.94500000e+01 2.23471087e-08
5.95000000e+01 2.24468953e-08
5.95500000e+01 2.23983597e-08
5.96000000e+01 2.23499723e-08
5.96500000e+01 2.27354873e-08
5.97000000e+01 2.26864373e-08
5.97500000e+01 2.26375373e-08
5.98000000e+01 2.27328083e-08
5.98500000e+01 2.26838930e-08
5.99000000e+01 2.26351293e-08
5.99500000e+01 2.27285310e-08
6.00000000e+01 2.26797533e-08
6.00500000e+01 2.26311270e-08
6.01000000e+01 2.27226953e-08
6.01500000e+01 2.26740600e-08
6.02000000e+01 2.26255713e-08
6.02500000e+01 2.28600543e-08
6.03000000e+01 2.29490273e-08
6.03500000e+01 2.29000647e-08
6.04000000e+01 2.28512520e-08
6.04500000e+01 2.29384683e-08
6.05000000e+01 2.28896563e-08
6.05500000e+01 2.28409927e-08
6.06000000e+01 2.29264890e-08
6.06500000e+01 2.28778300e-08
6.07000000e+01 2.28293183e-08
6.07500000e+01 2.29131273e-08
6.08000000e+01 2.31433603e-08
6.08500000e+01 2.30943950e-08
6.09000000e+01 2.31759273e-08
6.09500000e+01 2.31269777e-08
6.10000000e+01 2.30781763e-08
6.10500000e+01 2.31580907e-08
6.11000000e+01 2.31093063e-08
6.11500000e+01 2.30606690e-08
6.12000000e+01 2.30121763e-08
6.12500000e+01 2.30903750e-08
6.13000000e+01 2.30419057e-08
6.13500000e+01 2.29935800e-08
6.14000000e+01 2.33444237e-08
6.14500000e+01 2.32955297e-08
6.15000000e+01 2.32467813e-08
6.15500000e+01 2.33212980e-08
6.16000000e+01 2.32725803e-08
6.16500000e+01 2.32240073e-08
6.17000000e+01 2.32970333e-08
6.17500000e+01 2.32484920e-08
6.18000000e+01 2.32000923e-08
6.18500000e+01 2.32716560e-08
6.19000000e+01 2.32232910e-08
6.19500000e+01 2.31750717e-08
6.20000000e+01 2.33968403e-08
6.20500000e+01 2.34662713e-08
6.21000000e+01 2.34176570e-08
6.21500000e+01 2.33691867e-08
6.22000000e+01 2.34372170e-08
6.22500000e+01 2.33887867e-08
6.23000000e+01 2.33404993e-08
6.23500000e+01 2.34071560e-08
6.24000000e+01 2.33589120e-08
6.24500000e+01 2.33108117e-08
6.25000000e+01 2.32628517e-08
6.25500000e+01 2.33280627e-08
6.26000000e+01 2.32801493e-08
6.26500000e+01 2.34974550e-08
6.27000000e+01 2.35607737e-08
6.27500000e+01 2.35124910e-08
6.28000000e+01 2.34643477e-08
6.28500000e+01 2.35263763e-08
6.29000000e+01 2.34782863e-08
6.29500000e+01 2.34303347e-08
6.30000000e+01 2.33825263e-08
6.30500000e+01 2.34432050e-08
6.31000000e+01 2.33954473e-08
6.31500000e+01 2.33478293e-08
6.32000000e+01 2.34072663e-08
6.32500000e+01 2.33597060e-08
6.33000000e+01 2.35727733e-08
6.33500000e+01 2.36304400e-08
6.34000000e+01 2.35825287e-08
6.34500000e+01 2.35347607e-08
6.35000000e+01 2.34871310e-08
6.35500000e+01 2.35435290e-08
6.36000000e+01 2.34959580e-08
6.36500000e+01 2.34485270e-08
6.37000000e+01 2.35037623e-08
6.37500000e+01 2.34563907e-08
6.38000000e+01 2.34091560e-08
6.38500000e+01 2.33620593e-08
6.39000000e+01 2.34160793e-08
6.39500000e+01 2.36251263e-08
6.40000000e+01 2.35777013e-08
6.40500000e+01 2.36300627e-08
6.41000000e+01 2.35827027e-08
6.41500000e+01 2.35354833e-08
6.42000000e+01 2.35867497e-08
6.42500000e+01 2.35395957e-08
6.43000000e+01 2.34925760e-08
6.43500000e+01 2.34456927e-08
6.44000000e+01 2.34958230e-08
6.44500000e+01 2.34490097e-08
6.45000000e+01 2.34023283e-08
6.45500000e+01 2.34514047e-08
6.46000000e+01 2.34047987e-08
6.46500000e+01 2.36096440e-08
6.47000000e+01 2.35627883e-08
6.47500000e+01 2.36102523e-08
6.48000000e+01 2.35634713e-08
6.48500000e+01 2.35168240e-08
6.49000000e+01 2.35632810e-08
6.49500000e+01 2.35167077e-08
6.50000000e+01 2.34702660e-08
6.50500000e+01 2.34239567e-08
6.51000000e+01 2.34693723e-08
6.51500000e+01 2.34231377e-08
6.52000000e+01 2.33770343e-08
6.52500000e+01 2.34214790e-08
6.53000000e+01 2.33754537e-08
6.53500000e+01 2.35763180e-08
6.54000000e+01 2.35300543e-08
6.54500000e+01 2.35729923e-08
6.55000000e+01 2.35268090e-08
6.55500000e+01 2.34807583e-08
6.56000000e+01 2.35227683e-08
6.56500000e+01 2.34767977e-08
6.57000000e+01 2.34309553e-08
6.57500000e+01 2.33852417e-08
6.58000000e+01 2.34262950e-08
6.58500000e+01 2.33806643e-08
6.59000000e+01 2.33351587e-08
6.59500000e+01 2.32897810e-08
6.60000000e+01 2.33299007e-08
6.60500000e+01 2.32846053e-08
6.61000000e+01 2.34813227e-08
6.61500000e+01 2.35200777e-08
6.62000000e+01 2.34745117e-08
6.62500000e+01 2.34290730e-08
6.63000000e+01 2.33837600e-08
6.63500000e+01 2.34216217e-08
6.64000000e+01 2.33763943e-08
6.64500000e+01 2.33312940e-08
6.65000000e+01 2.32863150e-08
6.65500000e+01 2.33233027e-08
6.66000000e+01 2.32784113e-08
6.66500000e+01 2.32336433e-08
6.67000000e+01 2.32698100e-08
6.67500000e+01 2.32251300e-08
6.68000000e+01 2.31805720e-08
6.68500000e+01 2.33733550e-08
6.69000000e+01 2.34082083e-08
6.69500000e+01 2.33633980e-08
6.70000000e+01 2.33187080e-08
6.70500000e+01 2.32741413e-08
6.71000000e+01 2.33081757e-08
6.71500000e+01 2.32636990e-08
6.72000000e+01 2.32193450e-08
6.72500000e+01 2.32526103e-08
6.73000000e+01 2.32083433e-08
6.73500000e+01 2.31641987e-08
6.74000000e+01 2.31201757e-08
6.74500000e+01 2.31526567e-08
6.75000000e+01 2.31087220e-08
6.75500000e+01 2.30649057e-08
6.76000000e+01 2.32539523e-08
6.76500000e+01 2.32852047e-08
6.77000000e+01 2.32411507e-08
6.77500000e+01 2.31972157e-08
6.78000000e+01 2.32277450e-08
6.78500000e+01 2.31839040e-08
6.79000000e+01 2.31401810e-08
6.79500000e+01 2.30965740e-08
6.80000000e+01 2.31263700e-08
6.80500000e+01 2.30828590e-08
6.81000000e+01 2.30394630e-08
6.81500000e+01 2.29961863e-08
6.82000000e+01 2.30252640e-08
6.82500000e+01 2.29820783e-08
6.83000000e+01 2.29390103e-08
6.83500000e+01 2.28960563e-08
6.84000000e+01 2.31524303e-08
6.84500000e+01 2.31091327e-08
6.85000000e+01 2.30659517e-08
6.85500000e+01 2.30228880e-08
6.86000000e+01 2.30501337e-08
6.86500000e+01 2.30071650e-08
6.87000000e+01 2.29643090e-08
6.87500000e+01 2.29909027e-08
6.88000000e+01 2.29481443e-08
6.88500000e+01 2.29054993e-08
6.89000000e+01 2.28629663e-08
6.89500000e+01 2.28889027e-08
6.90000000e+01 2.28464667e-08
6.90500000e+01 2.28041433e-08
6.91000000e+01 2.27619297e-08
6.91500000e+01 2.27872247e-08
6.92000000e+01 2.29685733e-08
6.92500000e+01 2.29261470e-08
6.93000000e+01 2.28838320e-08
6.93500000e+01 2.29080677e-08
6.94000000e+01 2.28658500e-08
6.94500000e+01 2.28237437e-08
6.95000000e+01 2.27817497e-08
6.95500000e+01 2.28053723e-08
6.96000000e+01 2.27634737e-08
6.96500000e+01 2.27216843e-08
6.97000000e+01 2.26800077e-08
6.97500000e+01 2.27030320e-08
6.98000000e+01 2.26614480e-08
6.98500000e+01 2.26199757e-08
6.99000000e+01 2.25786110e-08
6.99500000e+01 2.26010473e-08
7.00000000e+01 2.25597803e-08
7.00500000e+01 2.27373333e-08
7.01000000e+01 2.26958720e-08
7.01500000e+01 2.27173220e-08
7.02000000e+01 2.26759607e-08
7.02500000e+01 2.26347050e-08
7.03000000e+01 2.25935583e-08
7.03500000e+01 2.26144460e-08
7.04000000e+01 2.25733993e-08
7.04500000e+01 2.25324570e-08
7.05000000e+01 2.24916203e-08
7.05500000e+01 2.25119610e-08
7.06000000e+01 2.24712227e-08
7.06500000e+01 2.24305910e-08
7.07000000e+01 2.23900640e-08
7.07500000e+01 2.24098673e-08
7.08000000e+01 2.23694360e-08
7.08500000e+01 2.23291110e-08
7.09000000e+01 2.25030573e-08
7.09500000e+01 2.25219340e-08
7.10000000e+01 2.24814170e-08
7.10500000e+01 2.24410027e-08
7.11000000e+01 2.24006950e-08
7.11500000e+01 2.24190620e-08
7.12000000e+01 2.23788500e-08
7.12500000e+01 2.23387417e-08
7.13000000e+01 2.22987383e-08
7.13500000e+01 2.23166063e-08
7.14000000e+01 2.22766987e-08
7.14500000e+01 2.22368937e-08
7.15000000e+01 2.21971897e-08
7.15500000e+01 2.22145687e-08
7.16000000e+01 2.21749643e-08
7.16500000e+01 2.21354580e-08
7.17000000e+01 2.20960553e-08
7.17500000e+01 2.21129520e-08
7.18000000e+01 2.22830760e-08
7.18500000e+01 2.22434917e-08
7.19000000e+01 2.22040057e-08
7.19500000e+01 2.22200477e-08
7.20000000e+01 2.21806637e-08
7.20500000e+01 2.21413767e-08
7.21000000e+01 2.21021887e-08
7.21500000e+01 2.21177753e-08
7.22000000e+01 2.20786863e-08
7.22500000e+01 2.20396973e-08
7.23000000e+01 2.20008070e-08
7.23500000e+01 2.20159453e-08
7.24000000e+01 2.19771513e-08
7.24500000e+01 2.19384563e-08
7.25000000e+01 2.18998593e-08
7.25500000e+01 2.19145597e-08
7.26000000e+01 2.18760590e-08
7.26500000e+01 2.18376547e-08
7.27000000e+01 2.17993473e-08
7.27500000e+01 2.20181590e-08
7.28000000e+01 2.19795827e-08
7.28500000e+01 2.19411023e-08
7.29000000e+01 2.19027190e-08
7.29500000e+01 2.18644333e-08
7.30000000e+01 2.18779190e-08
7.30500000e+01 2.18397297e-08
7.31000000e+01 2.18016360e-08
7.31500000e+01 2.17636373e-08
7.32000000e+01 2.17767160e-08
7.32500000e+01 2.17388150e-08
7.33000000e+01 2.17010073e-08
7.33500000e+01 2.16632940e-08
7.34000000e+01 2.16759743e-08
7.34500000e+01 2.16383590e-08
7.35000000e+01 2.16008360e-08
7.35500000e+01 2.15634047e-08
7.36000000e+01 2.15756943e-08
7.36500000e+01 2.15383613e-08
7.37000000e+01 2.17009987e-08
7.37500000e+01 2.16634967e-08
7.38000000e+01 2.16260880e-08
7.38500000e+01 2.16376433e-08
7.39000000e+01 2.16003323e-08
7.39500000e+01 2.15631123e-08
7.40000000e+01 2.15259847e-08
7.40500000e+01 2.15371677e-08
7.41000000e+01 2.15001383e-08
7.41500000e+01 2.14631990e-08
7.42000000e+01 2.14263497e-08
7.42500000e+01 2.14371683e-08
7.43000000e+01 2.14004153e-08
7.43500000e+01 2.13637553e-08
7.44000000e+01 2.13271823e-08
7.44500000e+01 2.13376443e-08
7.45000000e+01 2.13011670e-08
7.45500000e+01 2.12647807e-08
7.46000000e+01 2.12284823e-08
7.46500000e+01 2.13876997e-08
7.47000000e+01 2.13974767e-08
7.47500000e+01 2.13610217e-08
7.48000000e+01 2.13246583e-08
7.48500000e+01 2.12883807e-08
7.49000000e+01 2.12978193e-08
7.49500000e+01 2.12616370e-08
7.50000000e+01 2.12255450e-08
7.50500000e+01 2.11895397e-08
7.51000000e+01 2.11536207e-08
7.51500000e+01 2.11627373e-08
7.52000000e+01 2.11269133e-08
7.52500000e+01 2.10911780e-08
7.53000000e+01 2.10555273e-08
7.53500000e+01 2.10643190e-08
7.54000000e+01 2.10287630e-08
7.54500000e+01 2.09932940e-08
7.55000000e+01 2.09579080e-08
7.55500000e+01 2.09663843e-08
7.56000000e+01 2.09310930e-08
7.56500000e+01 2.10867360e-08
7.57000000e+01 2.10512900e-08
7.57500000e+01 2.10159250e-08
7.58000000e+01 2.10237693e-08
7.58500000e+01 2.09885000e-08
7.59000000e+01 2.09533160e-08
7.59500000e+01 2.09182177e-08
7.60000000e+01 2.09257613e-08
7.60500000e+01 2.08907563e-08
7.61000000e+01 2.08558333e-08
7.61500000e+01 2.08209957e-08
7.62000000e+01 2.07862407e-08
7.62500000e+01 2.07935000e-08
7.63000000e+01 2.07588373e-08
7.63500000e+01 2.07242577e-08
7.64000000e+01 2.06897603e-08
7.64500000e+01 2.06967323e-08
7.65000000e+01 2.06623277e-08
7.65500000e+01 2.06280030e-08
7.66000000e+01 2.05937613e-08
7.66500000e+01 2.05596027e-08
7.67000000e+01 2.07524683e-08
7.67500000e+01 2.07180853e-08
7.68000000e+01 2.06837827e-08
7.68500000e+01 2.06495633e-08
7.69000000e+01 2.06556700e-08
7.69500000e+01 2.06215427e-08
7.70000000e+01 2.05874960e-08
7.70500000e+01 2.05535273e-08
7.71000000e+01 2.05196427e-08
7.71500000e+01 2.05254937e-08
7.72000000e+01 2.04916980e-08
7.72500000e+01 2.04579823e-08
7.73000000e+01 2.04243463e-08
7.73500000e+01 2.04299340e-08
7.74000000e+01 2.03963910e-08
7.74500000e+01 2.03629243e-08
7.75000000e+01 2.03295353e-08
7.75500000e+01 2.02962257e-08
7.76000000e+01 2.03015710e-08
7.76500000e+01 2.02683510e-08
7.77000000e+01 2.02352083e-08
7.77500000e+01 2.02021433e-08
7.78000000e+01 2.03505673e-08
7.78500000e+01 2.03553697e-08
7.79000000e+01 2.03221697e-08
7.79500000e+01 2.02890487e-08
7.80000000e+01 2.02560050e-08
7.80500000e+01 2.02605627e-08
7.81000000e+01 2.02276090e-08
7.81500000e+01 2.01947297e-08
7.82000000e+01 2.01619273e-08
7.82500000e+01 2.01292027e-08
7.83000000e+01 2.01335387e-08
7.83500000e+01 2.01009020e-08
7.84000000e+01 2.00683407e-08
7.84500000e+01 2.00358547e-08
7.85000000e+01 2.00034450e-08
7.85500000e+01 2.00075610e-08
7.86000000e+01 1.99752390e-08
7.86500000e+01 1.99429910e-08
7.87000000e+01 1.99108177e-08
7.87500000e+01 1.99147073e-08
7.88000000e+01 1.98826233e-08
7.88500000e+01 1.98506110e-08
7.89000000e+01 1.99955587e-08
7.89500000e+01 1.99634060e-08
7.90000000e+01 1.99667917e-08
7.90500000e+01 1.99347257e-08
7.91000000e+01 1.99027330e-08
7.91500000e+01 1.98708150e-08
7.92000000e+01 1.98389687e-08
7.92500000e+01 1.98421553e-08
7.93000000e+01 1.98103970e-08
7.93500000e+01 1.97787107e-08
7.94000000e+01 1.97470977e-08
7.94500000e+01 1.97155553e-08
7.95000000e+01 1.97185460e-08
7.95500000e+01 1.96870917e-08
7.96000000e+01 1.96557067e-08
7.96500000e+01 1.96243960e-08
7.97000000e+01 1.95931547e-08
7.97500000e+01 1.95959550e-08
7.98000000e+01 1.95647993e-08
7.98500000e+01 1.95337160e-08
7.99000000e+01 1.95027017e-08
7.99500000e+01 1.95052983e-08
8.00000000e+01 1.94743700e-08
