520	1.0784E-4
520.05	0.00354
520.1	-0.00333
520.15	-0.00333
520.2	-0.00333
520.25	1.0784E-4
520.3	1.0784E-4
520.35	-0.00676
520.4	-0.00333
520.45	-0.0102
520.5	-0.0102
520.55	1.0784E-4
520.6	-0.00333
520.65	-0.00333
520.7	-0.00333
520.75	-0.0102
520.8	-0.00333
520.85	-0.00333
520.9	-0.00676
520.95	-0.00676
521	-0.00676
521.05	-0.00333
521.1	-0.00676
521.15	-0.00333
521.2	-0.00333
521.25	-0.0102
521.3	-0.00676
521.35	-0.00333
521.4	-0.00676
521.45	-0.01364
521.5	-0.00676
521.55	-0.00676
521.6	-0.00333
521.65	-0.00676
521.7	-0.01364
521.75	-0.0102
521.8	-0.00676
521.85	-0.0102
521.9	-0.00333
521.95	-0.0102
522	-0.00333
522.05	-0.0102
522.1	-0.00676
522.15	1.0784E-4
522.2	1.0784E-4
522.25	-0.00333
522.3	-0.0102
522.35	-0.00333
522.4	-0.01707
522.45	-0.00676
522.5	-0.00676
522.55	-0.0102
522.6	-0.0102
522.65	-0.0102
522.7	-0.01364
522.75	-0.00676
522.8	-0.0102
522.85	-0.00676
522.9	-0.00676
522.95	-0.01364
523	-0.01364
523.05	-0.0102
523.1	-0.0102
523.15	-0.01707
523.2	-0.01364
523.25	-0.01364
523.3	-0.0102
523.35	-0.0102
523.4	-0.00333
523.45	-0.00676
523.5	-0.0102
523.55	-0.0102
523.6	-0.0102
523.65	-0.00676
523.7	-0.0102
523.75	-0.00676
523.8	-0.0102
523.85	-0.00676
523.9	-0.00676
523.95	-0.00676
524	-0.01364
524.05	-0.01364
524.1	-0.00333
524.15	-0.00676
524.2	-0.00333
524.25	-0.00333
524.3	-0.0102
524.35	-0.0102
524.4	-0.0102
524.45	-0.01364
524.5	-0.00333
524.55	-0.00333
524.6	-0.00333
524.65	-0.01364
524.7	-0.00676
524.75	-0.0102
524.8	-0.01364
524.85	-0.0102
524.9	-0.0102
524.95	-0.00676
525	-0.0102
525.05	-0.0102
525.1	-0.00333
525.15	-0.0102
525.2	-0.01364
525.25	-0.0102
525.3	-0.0102
525.35	-0.0102
525.4	-0.00333
525.45	-0.0102
525.5	-0.01364
525.55	-0.0102
525.6	-0.01364
525.65	-0.0102
525.7	-0.0102
525.75	-0.0102
525.8	-0.01364
525.85	-0.00676
525.9	-0.0102
525.95	-0.01364
526	-0.00333
526.05	-0.00676
526.1	-0.00676
526.15	-0.00333
526.2	-0.00333
526.25	-0.00676
526.3	-0.00333
526.35	-0.00676
526.4	-0.01364
526.45	-0.00333
526.5	-0.00676
526.55	-0.0102
526.6	-0.00333
526.65	1.0784E-4
526.7	-0.00676
526.75	-0.00676
526.8	-0.0102
526.85	-0.0102
526.9	-0.01364
526.95	-0.0102
527	-0.0102
527.05	-0.0102
527.1	-0.00676
527.15	-0.0102
527.2	-0.00676
527.25	-0.00676
527.3	-0.00676
527.35	-0.00676
527.4	-0.0102
527.45	-0.00333
527.5	-0.0102
527.55	1.0784E-4
527.6	-0.00676
527.65	-0.01364
527.7	-0.0102
527.75	-0.0102
527.8	-0.0102
527.85	-0.00676
527.9	-0.00676
527.95	-0.0102
528	-0.00676
528.05	-0.01364
528.1	-0.00333
528.15	-0.0102
528.2	-0.00333
528.25	-0.0102
528.3	-0.00676
528.35	-0.00676
528.4	-0.00676
528.45	-0.00333
528.5	-0.00676
528.55	-0.0102
528.6	-0.00676
528.65	-0.00676
528.7	-0.00333
528.75	-0.00333
528.8	-0.00676
528.85	-0.00676
528.9	-0.00333
528.95	-0.00676
529	-0.00333
529.05	-0.00676
529.1	-0.00676
529.15	1.0784E-4
529.2	1.0784E-4
529.25	-0.00676
529.3	-0.00676
529.35	-0.00676
529.4	-0.00676
529.45	1.0784E-4
529.5	1.0784E-4
529.55	1.0784E-4
529.6	-0.00333
529.65	-0.00676
529.7	-0.00333
529.75	0.00354
529.8	0.00354
529.85	1.0784E-4
529.9	0.00354
529.95	-0.00333
530	0.00354
530.05	0.01042
530.1	0.01042
530.15	0.01385
530.2	0.01042
530.25	0.01729
530.3	0.0276
530.35	0.01729
530.4	0.0276
530.45	0.03447
530.5	0.04134
530.55	0.04134
530.6	0.05165
530.65	0.06196
530.7	0.07226
530.75	0.08601
530.8	0.09975
530.85	0.11693
530.9	0.13068
530.95	0.14786
531	0.15817
531.05	0.17878
531.1	0.18565
531.15	0.20283
531.2	0.21658
531.25	0.22001
531.3	0.23032
531.35	0.2372
531.4	0.24407
531.45	0.25094
531.5	0.25781
531.55	0.25438
531.6	0.25438
531.65	0.25781
531.7	0.25438
531.75	0.24407
531.8	0.23376
531.85	0.23376
531.9	0.23376
531.95	0.22345
532	0.21658
532.05	0.20627
532.1	0.20283
532.15	0.20283
532.2	0.19596
532.25	0.1994
532.3	0.19596
532.35	0.19253
532.4	0.18222
532.45	0.17535
532.5	0.17535
532.55	0.1616
532.6	0.15817
532.65	0.15473
532.7	0.15129
532.75	0.14442
532.8	0.14099
532.85	0.13068
532.9	0.13068
532.95	0.11693
533	0.1135
533.05	0.09975
533.1	0.09632
533.15	0.09632
533.2	0.08601
533.25	0.08257
533.3	0.08257
533.35	0.06883
533.4	0.07226
533.45	0.07226
533.5	0.06539
533.55	0.06539
533.6	0.06539
533.65	0.06539
533.7	0.06539
533.75	0.06883
533.8	0.07226
533.85	0.07226
533.9	0.07914
533.95	0.08257
534	0.09288
534.05	0.09975
534.1	0.1135
534.15	0.12381
534.2	0.13755
534.25	0.14786
534.3	0.16504
534.35	0.18222
534.4	0.20283
534.45	0.24063
534.5	0.26125
534.55	0.30592
534.6	0.33684
534.65	0.37464
534.7	0.39869
534.75	0.43305
534.8	0.4571
534.85	0.47772
534.9	0.51895
534.95	0.543
535	0.57393
535.05	0.58767
535.1	0.60485
535.15	0.62547
535.2	0.64265
535.25	0.64952
535.3	0.6667
535.35	0.67701
535.4	0.69075
535.45	0.70106
535.5	0.71824
535.55	0.73199
535.6	0.74917
535.65	0.76635
535.7	0.78696
535.75	0.80071
535.8	0.82476
535.85	0.84538
535.9	0.86943
535.95	0.88317
536	0.90035
536.05	0.92097
536.1	0.93815
536.15	0.95876
536.2	0.97594
536.25	0.99313
536.3	1.00687
536.35	1.01718
536.4	1.02749
536.45	1.03779
536.5	1.05154
536.55	1.05154
536.6	1.06185
536.65	1.07215
536.7	1.08246
536.75	1.08933
536.8	1.0859
536.85	1.09277
536.9	1.09964
536.95	1.10308
537	1.10995
537.05	1.11339
537.1	1.12369
537.15	1.11682
537.2	1.12026
537.25	1.12026
537.3	1.12369
537.35	1.12369
537.4	1.12026
537.45	1.12369
537.5	1.12369
537.55	1.11682
537.6	1.12026
537.65	1.11682
537.7	1.11682
537.75	1.12026
537.8	1.11682
537.85	1.11339
537.9	1.10995
537.95	1.11339
538	1.10995
538.05	1.10995
538.1	1.10995
538.15	1.10995
538.2	1.09964
538.25	1.10651
538.3	1.09621
538.35	1.09621
538.4	1.09277
538.45	1.08933
538.5	1.0859
538.55	1.08246
538.6	1.07903
538.65	1.07215
538.7	1.07215
538.75	1.07559
538.8	1.07559
538.85	1.06872
538.9	1.06185
538.95	1.05841
539	1.06185
539.05	1.05497
539.1	1.04467
539.15	1.04123
539.2	1.04123
539.25	1.03779
539.3	1.03779
539.35	1.03092
539.4	1.02749
539.45	1.01718
539.5	1.01374
539.55	1.00687
539.6	1.00343
539.65	1.00343
539.7	1
539.75	0.99656
539.8	0.99313
539.85	0.98625
539.9	0.98282
539.95	0.97251
540	0.97594
540.05	0.97251
540.1	0.9622
540.15	0.9622
540.2	0.95876
540.25	0.95533
540.3	0.95189
540.35	0.94502
540.4	0.94846
540.45	0.94158
540.5	0.93471
540.55	0.93471
540.6	0.93471
540.65	0.93128
540.7	0.92784
540.75	0.93128
540.8	0.92784
540.85	0.92784
540.9	0.91753
540.95	0.91753
541	0.9141
541.05	0.9141
541.1	0.91066
541.15	0.90722
541.2	0.90379
541.25	0.90379
541.3	0.89692
541.35	0.89692
541.4	0.89692
541.45	0.89692
541.5	0.89692
541.55	0.89692
541.6	0.89348
541.65	0.89348
541.7	0.88661
541.75	0.88317
541.8	0.88317
541.85	0.87974
541.9	0.8763
541.95	0.86943
542	0.86943
542.05	0.86599
542.1	0.86599
542.15	0.85912
542.2	0.85225
542.25	0.84881
542.3	0.84881
542.35	0.84194
542.4	0.8385
542.45	0.84194
542.5	0.83507
542.55	0.82819
542.6	0.83507
542.65	0.82819
542.7	0.82819
542.75	0.82476
542.8	0.82476
542.85	0.82476
542.9	0.82819
542.95	0.82819
543	0.82476
543.05	0.82132
543.1	0.82132
543.15	0.82132
543.2	0.81789
543.25	0.81101
543.3	0.81101
543.35	0.80758
543.4	0.81789
543.45	0.81445
543.5	0.81445
543.55	0.81445
543.6	0.81445
543.65	0.82132
543.7	0.82132
543.75	0.81789
543.8	0.82476
543.85	0.82132
543.9	0.82476
543.95	0.82819
544	0.82476
544.05	0.82476
544.1	0.83163
544.15	0.83507
544.2	0.83507
544.25	0.83163
544.3	0.8385
544.35	0.84194
544.4	0.8385
544.45	0.84881
544.5	0.84881
544.55	0.85568
544.6	0.86256
544.65	0.85912
544.7	0.86256
544.75	0.86256
544.8	0.86943
544.85	0.86599
544.9	0.86599
544.95	0.87286
545	0.8763
545.05	0.87286
545.1	0.8763
545.15	0.8763
545.2	0.87974
545.25	0.8763
545.3	0.87974
545.35	0.88661
545.4	0.8763
545.45	0.87286
545.5	0.86943
545.55	0.86599
545.6	0.86599
545.65	0.86599
545.7	0.86599
545.75	0.86943
545.8	0.85912
545.85	0.85568
545.9	0.85225
545.95	0.84538
546	0.84538
546.05	0.84194
546.1	0.8385
546.15	0.82819
546.2	0.82476
546.25	0.82476
546.3	0.81789
546.35	0.82476
546.4	0.81445
546.45	0.80758
546.5	0.80414
546.55	0.80414
546.6	0.79727
546.65	0.7904
546.7	0.78696
546.75	0.78009
546.8	0.77665
546.85	0.77665
546.9	0.76978
546.95	0.76635
547	0.76635
547.05	0.75604
547.1	0.7526
547.15	0.74573
547.2	0.75604
547.25	0.74573
547.3	0.74229
547.35	0.73886
547.4	0.73199
547.45	0.73199
547.5	0.73199
547.55	0.72855
547.6	0.73199
547.65	0.71824
547.7	0.72168
547.75	0.71824
547.8	0.72168
547.85	0.71481
547.9	0.71481
547.95	0.71481
548	0.71824
548.05	0.71481
548.1	0.71137
548.15	0.71137
548.2	0.70793
548.25	0.71481
548.3	0.71824
548.35	0.71481
548.4	0.71481
548.45	0.71824
548.5	0.71137
548.55	0.71137
548.6	0.71137
548.65	0.71481
548.7	0.71137
548.75	0.70793
548.8	0.70793
548.85	0.70793
548.9	0.71137
548.95	0.70793
549	0.71137
549.05	0.70793
549.1	0.71137
549.15	0.70793
549.2	0.70793
549.25	0.71137
549.3	0.70793
549.35	0.70793
549.4	0.70793
549.45	0.71481
549.5	0.71137
549.55	0.71481
549.6	0.71481
549.65	0.70793
549.7	0.71137
549.75	0.7045
549.8	0.71137
549.85	0.71824
549.9	0.71481
549.95	0.70106
550	0.71137
550.05	0.71137
550.1	0.71137
550.15	0.70793
550.2	0.7045
550.25	0.71481
550.3	0.71137
550.35	0.71481
550.4	0.71481
550.45	0.71481
550.5	0.71481
550.55	0.71824
550.6	0.71824
550.65	0.72511
550.7	0.72168
550.75	0.72168
550.8	0.72855
550.85	0.72855
550.9	0.72511
550.95	0.72511
551	0.72855
551.05	0.73542
551.1	0.73542
551.15	0.73886
551.2	0.74229
551.25	0.73542
551.3	0.74229
551.35	0.74229
551.4	0.74917
551.45	0.74917
551.5	0.75604
551.55	0.75604
551.6	0.7526
551.65	0.76291
551.7	0.76291
551.75	0.75947
551.8	0.76635
551.85	0.76291
551.9	0.75947
551.95	0.76978
552	0.77322
552.05	0.77322
552.1	0.78353
552.15	0.78353
552.2	0.78696
552.25	0.7904
552.3	0.7904
552.35	0.79383
552.4	0.79383
552.45	0.79727
552.5	0.79727
552.55	0.79383
552.6	0.80758
552.65	0.80414
552.7	0.81445
552.75	0.81445
552.8	0.81445
552.85	0.81789
552.9	0.82819
552.95	0.82819
553	0.82476
553.05	0.82476
553.1	0.83163
553.15	0.83163
553.2	0.83507
553.25	0.83507
553.3	0.8385
553.35	0.84538
553.4	0.84538
553.45	0.84881
553.5	0.84538
553.55	0.84881
553.6	0.85568
553.65	0.85568
553.7	0.85912
553.75	0.86256
553.8	0.86599
553.85	0.86943
553.9	0.87286
553.95	0.86599
554	0.8763
554.05	0.8763
554.1	0.88317
554.15	0.88317
554.2	0.88317
554.25	0.88661
554.3	0.88661
554.35	0.88661
554.4	0.88661
554.45	0.89692
554.5	0.89348
554.55	0.89692
554.6	0.89692
554.65	0.90035
554.7	0.90379
554.75	0.90035
554.8	0.90379
554.85	0.90379
554.9	0.9141
554.95	0.91066
555	0.91066
555.05	0.91753
555.1	0.91753
555.15	0.91753
555.2	0.9244
555.25	0.9244
555.3	0.92784
555.35	0.9244
555.4	0.93128
555.45	0.92784
555.5	0.92784
555.55	0.93128
555.6	0.93471
555.65	0.94502
555.7	0.93471
555.75	0.93815
555.8	0.94502
555.85	0.94502
555.9	0.94158
555.95	0.94846
556	0.95533
556.05	0.95189
556.1	0.94846
556.15	0.95533
556.2	0.95876
556.25	0.9622
556.3	0.95876
556.35	0.95876
556.4	0.9622
556.45	0.9622
556.5	0.9622
556.55	0.96564
556.6	0.96564
556.65	0.96564
556.7	0.96564
556.75	0.96907
556.8	0.96907
556.85	0.97251
556.9	0.96907
556.95	0.97251
557	0.96564
557.05	0.97251
557.1	0.97251
557.15	0.97594
557.2	0.97594
557.25	0.97938
557.3	0.98282
557.35	0.98282
557.4	0.97251
557.45	0.97594
557.5	0.97594
557.55	0.97594
557.6	0.98625
557.65	0.98282
557.7	0.98625
557.75	0.97938
557.8	0.98282
557.85	0.98282
557.9	0.98969
557.95	0.98969
558	0.98969
558.05	0.98969
558.1	0.98625
558.15	0.98625
558.2	0.98625
558.25	0.98625
558.3	0.98969
558.35	0.99313
558.4	0.98969
558.45	0.99656
558.5	0.98969
558.55	1
558.6	0.99313
558.65	1.00343
558.7	1
558.75	1
558.8	0.99656
558.85	0.99313
558.9	0.99656
558.95	0.98969
559	0.99313
559.05	0.99656
559.1	1
559.15	0.99656
559.2	1
559.25	0.99656
559.3	1
559.35	1
559.4	1
559.45	1.00343
559.5	1
559.55	1.00343
559.6	1.00687
559.65	1.00687
559.7	1.00687
559.75	1.00687
559.8	1.00687
559.85	1.00687
559.9	1.00343
559.95	1.00343
560	1
