-2.00000000e+01 2.67653910e-07
-1.99500000e+01 2.68686887e-07
-1.99000000e+01 2.69726210e-07
-1.98500000e+01 2.70771960e-07
-1.98000000e+01 2.71824147e-07
-1.97500000e+01 2.72882870e-07
-1.97000000e+01 2.73948150e-07
-1.96500000e+01 2.75020053e-07
-1.96000000e+01 2.76098667e-07
-1.95500000e+01 2.77183997e-07
-1.95000000e+01 2.78276140e-07
-1.94500000e+01 2.79375137e-07
-1.94000000e+01 2.80481083e-07
-1.93500000e+01 2.81593983e-07
-1.93000000e+01 2.82713953e-07
-1.92500000e+01 2.83841007e-07
-1.92000000e+01 2.84975227e-07
-1.91500000e+01 2.86116703e-07
-1.91000000e+01 2.87265457e-07
-1.90500000e+01 2.88421593e-07
-1.90000000e+01 2.89585113e-07
-1.89500000e+01 2.90756167e-07
-1.89000000e+01 2.91934767e-07
-1.88500000e+01 2.93121010e-07
-1.88000000e+01 2.94314933e-07
-1.87500000e+01 2.95516620e-07
-1.87000000e+01 2.96726170e-07
-1.86500000e+01 2.97943603e-07
-1.86000000e+01 2.99169043e-07
-1.85500000e+01 3.00402520e-07
-1.85000000e+01 3.01644113e-07
-1.84500000e+01 3.02893943e-07
-1.84000000e+01 3.04152013e-07
-1.83500000e+01 3.05418453e-07
-1.83000000e+01 3.06693313e-07
-1.82500000e+01 3.07976713e-07
-1.82000000e+01 3.09268680e-07
-1.81500000e+01 3.10569330e-07
-1.81000000e+01 3.11878713e-07
-1.80500000e+01 3.13196923e-07
-1.80000000e+01 3.14524080e-07
-1.79500000e+01 3.15860200e-07
-1.79000000e+01 3.17205443e-07
-1.78500000e+01 3.18559827e-07
-1.78000000e+01 3.19923467e-07
-1.77500000e+01 3.21296480e-07
-1.77000000e+01 3.22678897e-07
-1.76500000e+01 3.24070850e-07
-1.76000000e+01 3.25472410e-07
-1.75500000e+01 3.26883710e-07
-1.75000000e+01 3.28304787e-07
-1.74500000e+01 3.29735787e-07
-1.74000000e+01 3.31176760e-07
-1.73500000e+01 3.32627820e-07
-1.73000000e+01 3.34089110e-07
-1.72500000e+01 3.35560643e-07
-1.72000000e+01 3.37042610e-07
-1.71500000e+01 3.38535013e-07
-1.71000000e+01 3.40038073e-07
-1.70500000e+01 3.41551810e-07
-1.70000000e+01 3.43076370e-07
-1.69500000e+01 3.44611833e-07
-1.69000000e+01 3.46158310e-07
-1.68500000e+01 3.47715967e-07
-1.68000000e+01 3.49284827e-07
-1.67500000e+01 3.50865090e-07
-1.67000000e+01 3.52456800e-07
-1.66500000e+01 3.54060100e-07
-1.66000000e+01 3.55675140e-07
-1.65500000e+01 3.57301977e-07
-1.65000000e+01 3.58940773e-07
-1.64500000e+01 3.60591640e-07
-1.64000000e+01 3.62254743e-07
-1.63500000e+01 3.63930137e-07
-1.63000000e+01 3.65617997e-07
-1.62500000e+01 3.67318427e-07
-1.62000000e+01 3.69031560e-07
-1.61500000e+01 3.70757577e-07
-1.61000000e+01 3.72496527e-07
-1.60500000e+01 3.74248637e-07
-1.60000000e+01 3.76013967e-07
-1.59500000e+01 3.77792687e-07
-1.59000000e+01 3.79584950e-07
-1.58500000e+01 3.81390913e-07
-1.58000000e+01 3.83210683e-07
-1.57500000e+01 3.85044413e-07
-1.57000000e+01 3.86892310e-07
-1.56500000e+01 3.88754447e-07
-1.56000000e+01 3.90631040e-07
-1.55500000e+01 3.92522197e-07
-1.55000000e+01 3.94428090e-07
-1.54500000e+01 3.96348930e-07
-1.54000000e+01 3.98284790e-07
-1.53500000e+01 4.00235930e-07
-1.53000000e+01 4.02202393e-07
-1.52500000e+01 4.04184507e-07
-1.52000000e+01 4.06182330e-07
-1.51500000e+01 4.08196090e-07
-1.51000000e+01 4.10225930e-07
-1.50500000e+01 4.12272027e-07
-1.50000000e+01 4.14334633e-07
-1.49500000e+01 4.16413827e-07
-1.49000000e+01 4.18509907e-07
-1.48500000e+01 4.20622967e-07
-1.48000000e+01 4.22753237e-07
-1.47500000e+01 4.24900960e-07
-1.47000000e+01 4.27066240e-07
-1.46500000e+01 4.29249353e-07
-1.46000000e+01 4.31450470e-07
-1.45500000e+01 4.33669857e-07
-1.45000000e+01 4.35907647e-07
-1.44500000e+01 4.38164103e-07
-1.44000000e+01 4.40439407e-07
-1.43500000e+01 4.42733790e-07
-1.43000000e+01 4.45047537e-07
-1.42500000e+01 4.47380763e-07
-1.42000000e+01 4.49733820e-07
-1.41500000e+01 4.52106800e-07
-1.41000000e+01 4.54500097e-07
-1.40500000e+01 4.56913847e-07
-1.40000000e+01 4.59348350e-07
-1.39500000e+01 4.61803813e-07
-1.39000000e+01 4.64280493e-07
-1.38500000e+01 4.66778720e-07
-1.38000000e+01 4.69298640e-07
-1.37500000e+01 4.71840630e-07
-1.37000000e+01 4.74404867e-07
-1.36500000e+01 4.76991653e-07
-1.36000000e+01 4.79601330e-07
-1.35500000e+01 4.82234060e-07
-1.35000000e+01 4.84890267e-07
-1.34500000e+01 4.87570067e-07
-1.34000000e+01 4.90273960e-07
-1.33500000e+01 4.93002107e-07
-1.33000000e+01 4.95754877e-07
-1.32500000e+01 4.98532533e-07
-1.32000000e+01 5.01335403e-07
-1.31500000e+01 5.04163880e-07
-1.31000000e+01 5.07018163e-07
-1.30500000e+01 5.09898727e-07
-1.30000000e+01 5.12805780e-07
-1.29500000e+01 5.15739707e-07
-1.29000000e+01 5.18700930e-07
-1.28500000e+01 5.21689670e-07
-1.28000000e+01 5.24706383e-07
-1.27500000e+01 5.27751393e-07
-1.27000000e+01 5.30825157e-07
-1.26500000e+01 5.33927940e-07
-1.26000000e+01 5.37060197e-07
-1.25500000e+01 5.40222270e-07
-1.25000000e+01 5.43414570e-07
-1.24500000e+01 5.46637587e-07
-1.24000000e+01 5.49891553e-07
-1.23500000e+01 5.53177083e-07
-1.23000000e+01 5.56494543e-07
-1.22500000e+01 5.59844277e-07
-1.22000000e+01 5.63226837e-07
-1.21500000e+01 5.66642600e-07
-1.21000000e+01 5.70092057e-07
-1.20500000e+01 5.73575677e-07
-1.20000000e+01 5.77093913e-07
-1.19500000e+01 5.80647297e-07
-1.19000000e+01 5.84236257e-07
-1.18500000e+01 5.87861350e-07
-1.18000000e+01 5.91523010e-07
-1.17500000e+01 5.95221857e-07
-1.17000000e+01 5.98958327e-07
-1.16500000e+01 6.02733007e-07
-1.16000000e+01 6.06546463e-07
-1.15500000e+01 6.10399163e-07
-1.15000000e+01 6.14291823e-07
-1.14500000e+01 6.18224843e-07
-1.14000000e+01 6.22198973e-07
-1.13500000e+01 6.26214717e-07
-1.13000000e+01 6.30272713e-07
-1.12500000e+01 6.34373620e-07
-1.12000000e+01 6.38517980e-07
-1.11500000e+01 6.42706597e-07
-1.11000000e+01 6.46939953e-07
-1.10500000e+01 6.51218863e-07
-1.10000000e+01 6.55543920e-07
-1.09500000e+01 6.59915867e-07
-1.09000000e+01 6.64335407e-07
-1.08500000e+01 6.68803270e-07
-1.08000000e+01 6.73320253e-07
-1.07500000e+01 6.77886980e-07
-1.07000000e+01 6.82504360e-07
-1.06500000e+01 6.87173090e-07
-1.06000000e+01 6.91893997e-07
-1.05500000e+01 6.96667897e-07
-1.05000000e+01 7.01495647e-07
-1.04500000e+01 7.06378123e-07
-1.04000000e+01 7.11316117e-07
-1.03500000e+01 7.16310600e-07
-1.03000000e+01 7.21362390e-07
-1.02500000e+01 7.26472463e-07
-1.02000000e+01 7.31641760e-07
-1.01500000e+01 7.36871247e-07
-1.01000000e+01 7.42161930e-07
-1.00500000e+01 7.47514717e-07
-1.00000000e+01 7.52930820e-07
-9.95000000e+00 7.58411070e-07
-9.90000000e+00 7.63956717e-07
-9.85000000e+00 7.69568717e-07
-9.80000000e+00 7.75248263e-07
-9.75000000e+00 7.80996530e-07
-9.70000000e+00 7.86814540e-07
-9.65000000e+00 7.92703723e-07
-9.60000000e+00 7.98664997e-07
-9.55000000e+00 8.04699870e-07
-9.50000000e+00 8.10809477e-07
-9.45000000e+00 8.16995150e-07
-9.40000000e+00 8.23258250e-07
-9.35000000e+00 8.29600033e-07
-9.30000000e+00 8.36022100e-07
-9.25000000e+00 8.42525627e-07
-9.20000000e+00 8.49112270e-07
-9.15000000e+00 8.55783363e-07
-9.10000000e+00 8.62540530e-07
-9.05000000e+00 8.69385293e-07
-9.00000000e+00 8.76319260e-07
-8.95000000e+00 8.83344140e-07
-8.90000000e+00 8.90461417e-07
-8.85000000e+00 8.97672997e-07
-8.80000000e+00 9.04980507e-07
-8.75000000e+00 9.12385793e-07
-8.70000000e+00 9.19890657e-07
-8.65000000e+00 9.27497040e-07
-8.60000000e+00 9.35206893e-07
-8.55000000e+00 9.43022087e-07
-8.50000000e+00 9.50944770e-07
-8.45000000e+00 9.58976810e-07
-8.40000000e+00 9.67120617e-07
-8.35000000e+00 9.75378163e-07
-8.30000000e+00 9.83751767e-07
-8.25000000e+00 9.92243737e-07
-8.20000000e+00 1.00085631e-06
-8.15000000e+00 1.00959213e-06
-8.10000000e+00 1.01845337e-06
-8.05000000e+00 1.02744287e-06
-8.00000000e+00 1.03656293e-06
-7.95000000e+00 1.04581653e-06
-7.90000000e+00 1.05520620e-06
-7.85000000e+00 1.06473473e-06
-7.80000000e+00 1.07440533e-06
-7.75000000e+00 1.08422050e-06
-7.70000000e+00 1.09418367e-06
-7.65000000e+00 1.10429777e-06
-7.60000000e+00 1.11456610e-06
-7.55000000e+00 1.12499193e-06
-7.50000000e+00 1.13557870e-06
-7.45000000e+00 1.14633000e-06
-7.40000000e+00 1.15724910e-06
-7.35000000e+00 1.16834007e-06
-7.30000000e+00 1.17960640e-06
-7.25000000e+00 1.19105220e-06
-7.20000000e+00 1.20268137e-06
-7.15000000e+00 1.21449813e-06
-7.10000000e+00 1.22650677e-06
-7.05000000e+00 1.23871150e-06
-7.00000000e+00 1.25111700e-06
-6.95000000e+00 1.26372783e-06
-6.90000000e+00 1.27654877e-06
-6.85000000e+00 1.28958473e-06
-6.80000000e+00 1.30284083e-06
-6.75000000e+00 1.31632240e-06
-6.70000000e+00 1.33003453e-06
-6.65000000e+00 1.34398320e-06
-6.60000000e+00 1.35817370e-06
-6.55000000e+00 1.37261223e-06
-6.50000000e+00 1.38730493e-06
-6.45000000e+00 1.40225770e-06
-6.40000000e+00 1.41747770e-06
-6.35000000e+00 1.43297077e-06
-6.30000000e+00 1.44874467e-06
-6.25000000e+00 1.46480603e-06
-6.20000000e+00 1.48116233e-06
-6.15000000e+00 1.49782140e-06
-6.10000000e+00 1.51479060e-06
-6.05000000e+00 1.53207893e-06
-6.00000000e+00 1.54969373e-06
-5.95000000e+00 1.56764490e-06
-5.90000000e+00 1.58594053e-06
-5.85000000e+00 1.60459030e-06
-5.80000000e+00 1.62360397e-06
-5.75000000e+00 1.64299103e-06
-5.70000000e+00 1.66276257e-06
-5.65000000e+00 1.68292850e-06
-5.60000000e+00 1.70350087e-06
-5.55000000e+00 1.72449033e-06
-5.50000000e+00 1.74590910e-06
-5.45000000e+00 1.76776983e-06
-5.40000000e+00 1.79008467e-06
-5.35000000e+00 1.81286780e-06
-5.30000000e+00 1.83613223e-06
-5.25000000e+00 1.85989320e-06
-5.20000000e+00 1.88416477e-06
-5.15000000e+00 1.90896267e-06
-5.10000000e+00 1.93430313e-06
-5.05000000e+00 1.96020270e-06
-5.00000000e+00 1.98667917e-06
-4.95000000e+00 2.01374983e-06
-4.90000000e+00 2.04143473e-06
-4.85000000e+00 2.06975203e-06
-4.80000000e+00 2.09872333e-06
-4.75000000e+00 2.12836923e-06
-4.70000000e+00 2.15871197e-06
-4.65000000e+00 2.18977513e-06
-4.60000000e+00 2.22158190e-06
-4.55000000e+00 2.25415860e-06
-4.50000000e+00 2.28752990e-06
-4.45000000e+00 2.32172507e-06
-4.40000000e+00 2.35677140e-06
-4.35000000e+00 2.39269907e-06
-4.30000000e+00 2.42953987e-06
-4.25000000e+00 2.46732540e-06
-4.20000000e+00 2.50609137e-06
-4.15000000e+00 2.54587223e-06
-4.10000000e+00 2.58670710e-06
-4.05000000e+00 2.62863393e-06
-4.00000000e+00 2.67169437e-06
-3.95000000e+00 2.71593230e-06
-3.90000000e+00 2.76139193e-06
-3.85000000e+00 2.80812260e-06
-3.80000000e+00 2.85617277e-06
-3.75000000e+00 2.90559707e-06
-3.70000000e+00 2.95644930e-06
-3.65000000e+00 3.00878827e-06
-3.60000000e+00 3.06267613e-06
-3.55000000e+00 3.11817617e-06
-3.50000000e+00 3.17535867e-06
-3.45000000e+00 3.23429360e-06
-3.40000000e+00 3.29505953e-06
-3.35000000e+00 3.35773410e-06
-3.30000000e+00 3.42240460e-06
-3.25000000e+00 3.48915970e-06
-3.20000000e+00 3.55809460e-06
-3.15000000e+00 3.62931140e-06
-3.10000000e+00 3.70291487e-06
-3.05000000e+00 3.77902147e-06
-3.00000000e+00 3.85774830e-06
-2.95000000e+00 3.93922707e-06
-2.90000000e+00 4.02359173e-06
-2.85000000e+00 4.11098783e-06
-2.80000000e+00 4.20157157e-06
-2.75000000e+00 4.29550497e-06
-2.70000000e+00 4.39296860e-06
-2.65000000e+00 4.49414557e-06
-2.60000000e+00 4.59924307e-06
-2.55000000e+00 4.70847303e-06
-2.50000000e+00 4.82206773e-06
-2.45000000e+00 4.94027743e-06
-2.40000000e+00 5.06336540e-06
-2.35000000e+00 5.19162393e-06
-2.30000000e+00 5.32535747e-06
-2.25000000e+00 5.46490553e-06
-2.20000000e+00 5.61062417e-06
-2.15000000e+00 5.76290453e-06
-2.10000000e+00 5.92217143e-06
-2.05000000e+00 6.08887887e-06
-2.00000000e+00 6.26353057e-06
-1.95000000e+00 6.44666197e-06
-1.90000000e+00 6.63887110e-06
-1.85000000e+00 6.84079663e-06
-1.80000000e+00 7.05314483e-06
-1.75000000e+00 7.27669050e-06
-1.70000000e+00 7.51227863e-06
-1.65000000e+00 7.76084693e-06
-1.60000000e+00 8.02341507e-06
-1.55000000e+00 8.30112843e-06
-1.50000000e+00 8.59523183e-06
-1.45000000e+00 8.90712637e-06
-1.40000000e+00 9.23835553e-06
-1.35000000e+00 9.59064113e-06
-1.30000000e+00 9.96591370e-06
-1.25000000e+00 1.03663120e-05
-1.20000000e+00 1.07942637e-05
-1.15000000e+00 1.12524560e-05
-1.10000000e+00 1.17439553e-05
-1.05000000e+00 1.22721760e-05
-1.00000000e+00 1.28409860e-05
-9.50000000e-01 1.34547537e-05
-9.00000000e-01 1.41183687e-05
-8.50000000e-01 1.48373830e-05
-8.00000000e-01 1.56179603e-05
-7.50000000e-01 1.64670357e-05
-7.00000000e-01 1.73922230e-05
-6.50000000e-01 1.84018817e-05
-6.00000000e-01 1.95050377e-05
-5.50000000e-01 2.07111797e-05
-5.00000000e-01 2.20301863e-05
-4.50000000e-01 2.34718480e-05
-4.00000000e-01 2.50457017e-05
-3.50000000e-01 2.67603960e-05
-3.00000000e-01 2.86233690e-05
-2.50000000e-01 3.06403787e-05
-2.00000000e-01 3.28150610e-05
-1.50000000e-01 3.51489787e-05
-1.00000000e-01 3.76414080e-05
-5.00000000e-02 4.02899170e-05
0.00000000e+00 4.30903650e-05
5.00000000e-02 4.60377120e-05
1.00000000e-01 4.91262493e-05
1.50000000e-01 5.23499267e-05
2.00000000e-01 5.57021183e-05
2.50000000e-01 5.91740823e-05
3.00000000e-01 6.27536657e-05
3.50000000e-01 6.64234750e-05
4.00000000e-01 7.01618853e-05
4.50000000e-01 7.39449163e-05
5.00000000e-01 7.77504313e-05
5.50000000e-01 8.15620977e-05
6.00000000e-01 8.53719527e-05
6.50000000e-01 8.91810980e-05
7.00000000e-01 9.29953147e-05
7.50000000e-01 9.68183617e-05
8.00000000e-01 1.00641173e-04
8.50000000e-01 1.04433971e-04
9.00000000e-01 1.08142463e-04
9.50000000e-01 1.11691157e-04
1.00000000e+00 1.14993670e-04
1.05000000e+00 1.17965290e-04
1.10000000e+00 1.20536343e-04
1.15000000e+00 1.22661087e-04
1.20000000e+00 1.24322567e-04
1.25000000e+00 1.25531717e-04
1.30000000e+00 1.26321480e-04
1.35000000e+00 1.26738220e-04
1.40000000e+00 1.26831167e-04
1.45000000e+00 1.26643630e-04
1.50000000e+00 1.26207163e-04
1.55000000e+00 1.25540573e-04
1.60000000e+00 1.24653027e-04
1.65000000e+00 1.23549920e-04
1.70000000e+00 1.22238493e-04
1.75000000e+00 1.20731360e-04
1.80000000e+00 1.19046180e-04
1.85000000e+00 1.17202950e-04
1.90000000e+00 1.15220240e-04
1.95000000e+00 1.13112953e-04
2.00000000e+00 1.10892357e-04
2.05000000e+00 1.08567813e-04
2.10000000e+00 1.06149390e-04
2.15000000e+00 1.03649150e-04
2.20000000e+00 1.01082005e-04
2.25000000e+00 9.84656227e-05
2.30000000e+00 9.58213610e-05
2.35000000e+00 9.31749790e-05
2.40000000e+00 9.05567583e-05
2.45000000e+00 8.79994260e-05
2.50000000e+00 8.55332057e-05
2.55000000e+00 8.31803460e-05
2.60000000e+00 8.09499377e-05
2.65000000e+00 7.88366370e-05
2.70000000e+00 7.68228247e-05
2.75000000e+00 7.48839600e-05
2.80000000e+00 7.29949777e-05
2.85000000e+00 7.11347637e-05
2.90000000e+00 6.92886343e-05
2.95000000e+00 6.74476547e-05
3.00000000e+00 6.56077530e-05
3.05000000e+00 6.37690253e-05
3.10000000e+00 6.19364083e-05
3.15000000e+00 6.01209863e-05
3.20000000e+00 5.83400737e-05
3.25000000e+00 5.66160407e-05
3.30000000e+00 5.49727623e-05
3.35000000e+00 5.34319793e-05
3.40000000e+00 5.20097577e-05
3.45000000e+00 5.07149040e-05
3.50000000e+00 4.95492087e-05
3.55000000e+00 4.85089487e-05
3.60000000e+00 4.75874703e-05
3.65000000e+00 4.67770173e-05
3.70000000e+00 4.60703087e-05
3.75000000e+00 4.54607450e-05
3.80000000e+00 4.49423007e-05
3.85000000e+00 4.45087210e-05
3.90000000e+00 4.41526783e-05
3.95000000e+00 4.38649987e-05
4.00000000e+00 4.36336680e-05
4.05000000e+00 4.34432867e-05
4.10000000e+00 4.32745243e-05
4.15000000e+00 4.31045937e-05
4.20000000e+00 4.29083940e-05
4.25000000e+00 4.26608817e-05
4.30000000e+00 4.23402903e-05
4.35000000e+00 4.19312840e-05
4.40000000e+00 4.14276147e-05
4.45000000e+00 4.08328753e-05
4.50000000e+00 4.01597190e-05
4.55000000e+00 3.94272540e-05
4.60000000e+00 3.86578570e-05
4.65000000e+00 3.78741163e-05
4.70000000e+00 3.70964173e-05
4.75000000e+00 3.63416587e-05
4.80000000e+00 3.56226403e-05
4.85000000e+00 3.49482763e-05
4.90000000e+00 3.43239060e-05
4.95000000e+00 3.37518803e-05
5.00000000e+00 3.32321633e-05
5.05000000e+00 3.27630377e-05
5.10000000e+00 3.23419407e-05
5.15000000e+00 3.19662260e-05
5.20000000e+00 3.16339783e-05
5.25000000e+00 3.13443663e-05
5.30000000e+00 3.10976447e-05
5.35000000e+00 3.08946687e-05
5.40000000e+00 3.07361213e-05
5.45000000e+00 3.06217503e-05
5.50000000e+00 3.05497587e-05
5.55000000e+00 3.05166600e-05
5.60000000e+00 3.05174957e-05
5.65000000e+00 3.05464793e-05
5.70000000e+00 3.05978597e-05
5.75000000e+00 3.06667240e-05
5.80000000e+00 3.07496033e-05
5.85000000e+00 3.08444660e-05
5.90000000e+00 3.09503997e-05
5.95000000e+00 3.10669403e-05
6.00000000e+00 3.11935723e-05
6.05000000e+00 3.13296003e-05
6.10000000e+00 3.14743330e-05
6.15000000e+00 3.16276663e-05
6.20000000e+00 3.17905387e-05
6.25000000e+00 3.19653493e-05
6.30000000e+00 3.21559070e-05
6.35000000e+00 3.23671583e-05
6.40000000e+00 3.26047127e-05
6.45000000e+00 3.28742607e-05
6.50000000e+00 3.31811953e-05
6.55000000e+00 3.35301943e-05
6.60000000e+00 3.39249570e-05
6.65000000e+00 3.43676817e-05
6.70000000e+00 3.48584243e-05
6.75000000e+00 3.53940890e-05
6.80000000e+00 3.59673560e-05
6.85000000e+00 3.65658260e-05
6.90000000e+00 3.71717710e-05
6.95000000e+00 3.77629517e-05
7.00000000e+00 3.83143030e-05
7.05000000e+00 3.88003293e-05
7.10000000e+00 3.91974430e-05
7.15000000e+00 3.94858227e-05
7.20000000e+00 3.96505877e-05
7.25000000e+00 3.96824060e-05
7.30000000e+00 3.95778970e-05
7.35000000e+00 3.93397007e-05
7.40000000e+00 3.89761770e-05
7.45000000e+00 3.85007290e-05
7.50000000e+00 3.79308833e-05
7.55000000e+00 3.72876427e-05
7.60000000e+00 3.65949690e-05
7.65000000e+00 3.58793073e-05
7.70000000e+00 3.51684993e-05
7.75000000e+00 3.44898943e-05
7.80000000e+00 3.38679150e-05
7.85000000e+00 3.33215443e-05
7.90000000e+00 3.28623947e-05
7.95000000e+00 3.24936507e-05
8.00000000e+00 3.22101103e-05
8.05000000e+00 3.19992597e-05
8.10000000e+00 3.18432943e-05
8.15000000e+00 3.17219127e-05
8.20000000e+00 3.16154337e-05
8.25000000e+00 3.15076980e-05
8.30000000e+00 3.13880873e-05
8.35000000e+00 3.12522297e-05
8.40000000e+00 3.11012867e-05
8.45000000e+00 3.09402523e-05
8.50000000e+00 3.07758237e-05
8.55000000e+00 3.06144983e-05
8.60000000e+00 3.04613427e-05
8.65000000e+00 3.03195037e-05
8.70000000e+00 3.01904473e-05
8.75000000e+00 3.00746237e-05
8.80000000e+00 2.99722993e-05
8.85000000e+00 2.98842180e-05
8.90000000e+00 2.98119410e-05
8.95000000e+00 2.97577720e-05
9.00000000e+00 2.97243293e-05
9.05000000e+00 2.97139577e-05
9.10000000e+00 2.97281487e-05
9.15000000e+00 2.97672490e-05
9.20000000e+00 2.98304637e-05
9.25000000e+00 2.99163067e-05
9.30000000e+00 3.00233187e-05
9.35000000e+00 3.01509460e-05
9.40000000e+00 3.03003270e-05
9.45000000e+00 3.04747830e-05
9.50000000e+00 3.06799097e-05
9.55000000e+00 3.09232203e-05
9.60000000e+00 3.12133837e-05
9.65000000e+00 3.15592267e-05
9.70000000e+00 3.19685943e-05
9.75000000e+00 3.24472340e-05
9.80000000e+00 3.29977727e-05
9.85000000e+00 3.36189227e-05
9.90000000e+00 3.43049797e-05
9.95000000e+00 3.50456613e-05
1.00000000e+01 3.58264423e-05
1.00500000e+01 3.66294017e-05
1.01000000e+01 3.74346357e-05
1.01500000e+01 3.82221817e-05
1.02000000e+01 3.89742293e-05
1.02500000e+01 3.96773490e-05
1.03000000e+01 4.03242860e-05
1.03500000e+01 4.09149510e-05
1.04000000e+01 4.14563350e-05
1.04500000e+01 4.19614143e-05
1.05000000e+01 4.24472417e-05
1.05500000e+01 4.29326340e-05
1.06000000e+01 4.34359257e-05
1.06500000e+01 4.39730463e-05
1.07000000e+01 4.45561983e-05
1.07500000e+01 4.51931443e-05
1.08000000e+01 4.58871213e-05
1.08500000e+01 4.66372767e-05
1.09000000e+01 4.74394713e-05
1.09500000e+01 4.82872947e-05
1.10000000e+01 4.91731207e-05
1.10500000e+01 5.00891460e-05
1.11000000e+01 5.10282703e-05
1.11500000e+01 5.19848160e-05
1.12000000e+01 5.29550730e-05
1.12500000e+01 5.39375620e-05
1.13000000e+01 5.49329053e-05
1.13500000e+01 5.59432813e-05
1.14000000e+01 5.69713773e-05
1.14500000e+01 5.80189713e-05
1.15000000e+01 5.90852173e-05
1.15500000e+01 6.01649553e-05
1.16000000e+01 6.12472110e-05
1.16500000e+01 6.23141783e-05
1.17000000e+01 6.33410443e-05
1.17500000e+01 6.42968083e-05
1.18000000e+01 6.51464650e-05
1.18500000e+01 6.58543093e-05
1.19000000e+01 6.63881087e-05
1.19500000e+01 6.67232700e-05
1.20000000e+01 6.68461260e-05
1.20500000e+01 6.67554587e-05
1.21000000e+01 6.64620560e-05
1.21500000e+01 6.59865483e-05
1.22000000e+01 6.53562133e-05
1.22500000e+01 6.46015853e-05
1.23000000e+01 6.37534927e-05
1.23500000e+01 6.28408043e-05
1.24000000e+01 6.18890273e-05
1.24500000e+01 6.09196927e-05
1.25000000e+01 5.99503483e-05
1.25500000e+01 5.89950413e-05
1.26000000e+01 5.80649610e-05
1.26500000e+01 5.71691413e-05
1.27000000e+01 5.63149087e-05
1.27500000e+01 5.55080343e-05
1.28000000e+01 5.47525427e-05
1.28500000e+01 5.40502737e-05
1.29000000e+01 5.34003470e-05
1.29500000e+01 5.27987243e-05
1.30000000e+01 5.22380583e-05
1.30500000e+01 5.17079710e-05
1.31000000e+01 5.11957880e-05
1.31500000e+01 5.06877247e-05
1.32000000e+01 5.01703893e-05
1.32500000e+01 4.96323850e-05
1.33000000e+01 4.90656897e-05
1.33500000e+01 4.84665553e-05
1.34000000e+01 4.78357563e-05
1.34500000e+01 4.71780600e-05
1.35000000e+01 4.65011590e-05
1.35500000e+01 4.58142757e-05
1.36000000e+01 4.51268183e-05
1.36500000e+01 4.44473457e-05
1.37000000e+01 4.37830193e-05
1.37500000e+01 4.31395850e-05
1.38000000e+01 4.25217240e-05
1.38500000e+01 4.19336013e-05
1.39000000e+01 4.13793810e-05
1.39500000e+01 4.08634723e-05
1.40000000e+01 4.03904407e-05
1.40500000e+01 3.99645197e-05
1.41000000e+01 3.95888633e-05
1.41500000e+01 3.92646817e-05
1.42000000e+01 3.89904600e-05
1.42500000e+01 3.87614623e-05
1.43000000e+01 3.85696870e-05
1.43500000e+01 3.84043200e-05
1.44000000e+01 3.82527480e-05
1.44500000e+01 3.81020057e-05
1.45000000e+01 3.79404900e-05
1.45500000e+01 3.77596330e-05
1.46000000e+01 3.75552587e-05
1.46500000e+01 3.73282807e-05
1.47000000e+01 3.70845677e-05
1.47500000e+01 3.68339723e-05
1.48000000e+01 3.65886437e-05
1.48500000e+01 3.63609807e-05
1.49000000e+01 3.61615310e-05
1.49500000e+01 3.59971997e-05
1.50000000e+01 3.58699820e-05
1.50500000e+01 3.57763960e-05
1.51000000e+01 3.57076470e-05
1.51500000e+01 3.56505560e-05
1.52000000e+01 3.55891357e-05
1.52500000e+01 3.55066517e-05
1.53000000e+01 3.53878603e-05
1.53500000e+01 3.52210407e-05
1.54000000e+01 3.49994530e-05
1.54500000e+01 3.47219363e-05
1.55000000e+01 3.43926037e-05
1.55500000e+01 3.40197710e-05
1.56000000e+01 3.36144447e-05
1.56500000e+01 3.31887360e-05
1.57000000e+01 3.27544970e-05
1.57500000e+01 3.23223440e-05
1.58000000e+01 3.19011010e-05
1.58500000e+01 3.14976150e-05
1.59000000e+01 3.11167750e-05
1.59500000e+01 3.07616373e-05
1.60000000e+01 3.04335243e-05
1.60500000e+01 3.01320713e-05
1.61000000e+01 2.98552113e-05
1.61500000e+01 2.95991757e-05
1.62000000e+01 2.93585640e-05
1.62500000e+01 2.91266107e-05
1.63000000e+01 2.88956457e-05
1.63500000e+01 2.86577867e-05
1.64000000e+01 2.84057870e-05
1.64500000e+01 2.81339050e-05
1.65000000e+01 2.78386650e-05
1.65500000e+01 2.75193710e-05
1.66000000e+01 2.71782810e-05
1.66500000e+01 2.68204037e-05
1.67000000e+01 2.64529633e-05
1.67500000e+01 2.60846127e-05
1.68000000e+01 2.57245127e-05
1.68500000e+01 2.53813983e-05
1.69000000e+01 2.50627563e-05
1.69500000e+01 2.47741777e-05
1.70000000e+01 2.45189593e-05
1.70500000e+01 2.42979573e-05
1.71000000e+01 2.41097080e-05
1.71500000e+01 2.39507860e-05
1.72000000e+01 2.38163733e-05
1.72500000e+01 2.37009767e-05
1.73000000e+01 2.35992010e-05
1.73500000e+01 2.35064697e-05
1.74000000e+01 2.34195720e-05
1.74500000e+01 2.33369233e-05
1.75000000e+01 2.32584967e-05
1.75500000e+01 2.31854530e-05
1.76000000e+01 2.31195470e-05
1.76500000e+01 2.30624633e-05
1.77000000e+01 2.30152120e-05
1.77500000e+01 2.29777280e-05
1.78000000e+01 2.29487397e-05
1.78500000e+01 2.29259430e-05
1.79000000e+01 2.29064413e-05
1.79500000e+01 2.28873683e-05
1.80000000e+01 2.28665683e-05
1.80500000e+01 2.28431923e-05
1.81000000e+01 2.28180947e-05
1.81500000e+01 2.27939360e-05
1.82000000e+01 2.27749813e-05
1.82500000e+01 2.27666270e-05
1.83000000e+01 2.27747373e-05
1.83500000e+01 2.28048807e-05
1.84000000e+01 2.28615663e-05
1.84500000e+01 2.29475623e-05
1.85000000e+01 2.30633340e-05
1.85500000e+01 2.32066687e-05
1.86000000e+01 2.33724997e-05
1.86500000e+01 2.35529773e-05
1.87000000e+01 2.37378177e-05
1.87500000e+01 2.39149413e-05
1.88000000e+01 2.40714057e-05
1.88500000e+01 2.41945630e-05
1.89000000e+01 2.42733393e-05
1.89500000e+01 2.42994553e-05
1.90000000e+01 2.42684040e-05
1.90500000e+01 2.41800070e-05
1.91000000e+01 2.40384443e-05
1.91500000e+01 2.38517720e-05
1.92000000e+01 2.36310253e-05
1.92500000e+01 2.33890993e-05
1.93000000e+01 2.31395933e-05
1.93500000e+01 2.28957773e-05
1.94000000e+01 2.26697813e-05
1.94500000e+01 2.24720177e-05
1.95000000e+01 2.23108130e-05
1.95500000e+01 2.21921820e-05
1.96000000e+01 2.21196670e-05
1.96500000e+01 2.20942073e-05
1.97000000e+01 2.21140210e-05
1.97500000e+01 2.21745217e-05
1.98000000e+01 2.22683693e-05
1.98500000e+01 2.23857393e-05
1.99000000e+01 2.25149243e-05
1.99500000e+01 2.26433103e-05
2.00000000e+01 2.27586743e-05
2.00500000e+01 2.28506333e-05
2.01000000e+01 2.29119647e-05
2.01500000e+01 2.29395190e-05
2.02000000e+01 2.29345183e-05
2.02500000e+01 2.29022097e-05
2.03000000e+01 2.28510077e-05
2.03500000e+01 2.27913417e-05
2.04000000e+01 2.27344293e-05
2.04500000e+01 2.26911373e-05
2.05000000e+01 2.26709987e-05
2.05500000e+01 2.26814380e-05
2.06000000e+01 2.27272087e-05
2.06500000e+01 2.28100887e-05
2.07000000e+01 2.29288530e-05
2.07500000e+01 2.30795767e-05
2.08000000e+01 2.32562590e-05
2.08500000e+01 2.34517407e-05
2.09000000e+01 2.36587763e-05
2.09500000e+01 2.38710753e-05
2.10000000e+01 2.40840867e-05
2.10500000e+01 2.42953723e-05
2.11000000e+01 2.45045263e-05
2.11500000e+01 2.47127420e-05
2.12000000e+01 2.49221997e-05
2.12500000e+01 2.51354427e-05
2.13000000e+01 2.53548607e-05
2.13500000e+01 2.55823087e-05
2.14000000e+01 2.58188907e-05
2.14500000e+01 2.60649083e-05
2.15000000e+01 2.63200270e-05
2.15500000e+01 2.65836593e-05
2.16000000e+01 2.68555710e-05
2.16500000e+01 2.71365630e-05
2.17000000e+01 2.74290660e-05
2.17500000e+01 2.77374020e-05
2.18000000e+01 2.80675720e-05
2.18500000e+01 2.84264780e-05
2.19000000e+01 2.88207110e-05
2.19500000e+01 2.92550517e-05
2.20000000e+01 2.97309610e-05
2.20500000e+01 3.02452660e-05
2.21000000e+01 3.07892843e-05
2.21500000e+01 3.13485363e-05
2.22000000e+01 3.19032273e-05
2.22500000e+01 3.24295887e-05
2.23000000e+01 3.29020847e-05
2.23500000e+01 3.32963243e-05
2.24000000e+01 3.35922760e-05
2.24500000e+01 3.37772120e-05
2.25000000e+01 3.38477133e-05
2.25500000e+01 3.38102233e-05
2.26000000e+01 3.36799990e-05
2.26500000e+01 3.34786777e-05
2.27000000e+01 3.32310733e-05
2.27500000e+01 3.29618770e-05
2.28000000e+01 3.26928540e-05
2.28500000e+01 3.24408903e-05
2.29000000e+01 3.22169763e-05
2.29500000e+01 3.20260547e-05
2.30000000e+01 3.18675417e-05
2.30500000e+01 3.17363553e-05
2.31000000e+01 3.16242267e-05
2.31500000e+01 3.15211610e-05
2.32000000e+01 3.14168357e-05
2.32500000e+01 3.13018253e-05
2.33000000e+01 3.11684697e-05
2.33500000e+01 3.10113593e-05
2.34000000e+01 3.08273850e-05
2.34500000e+01 3.06154727e-05
2.35000000e+01 3.03760827e-05
2.35500000e+01 3.01106617e-05
2.36000000e+01 2.98211663e-05
2.36500000e+01 2.95097250e-05
2.37000000e+01 2.91784997e-05
2.37500000e+01 2.88296740e-05
2.38000000e+01 2.84655137e-05
2.38500000e+01 2.80883997e-05
2.39000000e+01 2.77007510e-05
2.39500000e+01 2.73048107e-05
2.40000000e+01 2.69022980e-05
2.40500000e+01 2.64940230e-05
2.41000000e+01 2.60796010e-05
2.41500000e+01 2.56573913e-05
2.42000000e+01 2.52247913e-05
2.42500000e+01 2.47788947e-05
2.43000000e+01 2.43173873e-05
2.43500000e+01 2.38394967e-05
2.44000000e+01 2.33466900e-05
2.44500000e+01 2.28429370e-05
2.45000000e+01 2.23344423e-05
2.45500000e+01 2.18289323e-05
2.46000000e+01 2.13347217e-05
2.46500000e+01 2.08597603e-05
2.47000000e+01 2.04108650e-05
2.47500000e+01 1.99932073e-05
2.48000000e+01 1.96100960e-05
2.48500000e+01 1.92629987e-05
2.49000000e+01 1.89517457e-05
2.49500000e+01 1.86748787e-05
2.50000000e+01 1.84300553e-05
2.50500000e+01 1.82144737e-05
2.51000000e+01 1.80252417e-05
2.51500000e+01 1.78596557e-05
2.52000000e+01 1.77153503e-05
2.52500000e+01 1.75903163e-05
2.53000000e+01 1.74828090e-05
2.53500000e+01 1.73912183e-05
2.54000000e+01 1.73139263e-05
2.54500000e+01 1.72492220e-05
2.55000000e+01 1.71952930e-05
2.55500000e+01 1.71502930e-05
2.56000000e+01 1.71124840e-05
2.56500000e+01 1.70803820e-05
2.57000000e+01 1.70529043e-05
2.57500000e+01 1.70294400e-05
2.58000000e+01 1.70098397e-05
2.58500000e+01 1.69943023e-05
2.59000000e+01 1.69832013e-05
2.59500000e+01 1.69768693e-05
2.60000000e+01 1.69754010e-05
2.60500000e+01 1.69785077e-05
2.61000000e+01 1.69854633e-05
2.61500000e+01 1.69951357e-05
2.62000000e+01 1.70061033e-05
2.62500000e+01 1.70168287e-05
2.63000000e+01 1.70258693e-05
2.63500000e+01 1.70321000e-05
2.64000000e+01 1.70349103e-05
2.64500000e+01 1.70343827e-05
2.65000000e+01 1.70313990e-05
2.65500000e+01 1.70276847e-05
2.66000000e+01 1.70257617e-05
2.66500000e+01 1.70288280e-05
2.67000000e+01 1.70405593e-05
2.67500000e+01 1.70648677e-05
2.68000000e+01 1.71056590e-05
2.68500000e+01 1.71666043e-05
2.69000000e+01 1.72509600e-05
2.69500000e+01 1.73614517e-05
2.70000000e+01 1.75002300e-05
2.70500000e+01 1.76688757e-05
2.71000000e+01 1.78684503e-05
2.71500000e+01 1.80995693e-05
2.72000000e+01 1.83624743e-05
2.72500000e+01 1.86570560e-05
2.73000000e+01 1.89828363e-05
2.73500000e+01 1.93388857e-05
2.74000000e+01 1.97236990e-05
2.74500000e+01 2.01350343e-05
2.75000000e+01 2.05697733e-05
2.75500000e+01 2.10238257e-05
2.76000000e+01 2.14921320e-05
2.76500000e+01 2.19687597e-05
2.77000000e+01 2.24471473e-05
2.77500000e+01 2.29204440e-05
2.78000000e+01 2.33819393e-05
2.78500000e+01 2.38255537e-05
2.79000000e+01 2.42462917e-05
2.79500000e+01 2.46406443e-05
2.80000000e+01 2.50068670e-05
2.80500000e+01 2.53451203e-05
2.81000000e+01 2.56574487e-05
2.81500000e+01 2.59475977e-05
2.82000000e+01 2.62207053e-05
2.82500000e+01 2.64828907e-05
2.83000000e+01 2.67407813e-05
2.83500000e+01 2.70010753e-05
2.84000000e+01 2.72701313e-05
2.84500000e+01 2.75536747e-05
2.85000000e+01 2.78565830e-05
2.85500000e+01 2.81827163e-05
2.86000000e+01 2.85348233e-05
2.86500000e+01 2.89143907e-05
2.87000000e+01 2.93215083e-05
2.87500000e+01 2.97547090e-05
2.88000000e+01 3.02108027e-05
2.88500000e+01 3.06847623e-05
2.89000000e+01 3.11696650e-05
2.89500000e+01 3.16567367e-05
2.90000000e+01 3.21355790e-05
2.90500000e+01 3.25945517e-05
2.91000000e+01 3.30214603e-05
2.91500000e+01 3.34044910e-05
2.92000000e+01 3.37334220e-05
2.92500000e+01 3.40010133e-05
2.93000000e+01 3.42042650e-05
2.93500000e+01 3.43453757e-05
2.94000000e+01 3.44319650e-05
2.94500000e+01 3.44764770e-05
2.95000000e+01 3.44947770e-05
2.95500000e+01 3.45042690e-05
2.96000000e+01 3.45219023e-05
2.96500000e+01 3.45624333e-05
2.97000000e+01 3.46371920e-05
2.97500000e+01 3.47533523e-05
2.98000000e+01 3.49136573e-05
2.98500000e+01 3.51164670e-05
2.99000000e+01 3.53560593e-05
2.99500000e+01 3.56230993e-05
3.00000000e+01 3.59053050e-05
3.00500000e+01 3.61882330e-05
3.01000000e+01 3.64562297e-05
3.01500000e+01 3.66934003e-05
3.02000000e+01 3.68845350e-05
3.02500000e+01 3.70160023e-05
3.03000000e+01 3.70764933e-05
3.03500000e+01 3.70577377e-05
3.04000000e+01 3.69550793e-05
3.04500000e+01 3.67679343e-05
3.05000000e+01 3.65000030e-05
3.05500000e+01 3.61591203e-05
3.06000000e+01 3.57567273e-05
3.06500000e+01 3.53069193e-05
3.07000000e+01 3.48252207e-05
3.07500000e+01 3.43271830e-05
3.08000000e+01 3.38270333e-05
3.08500000e+01 3.33365373e-05
3.09000000e+01 3.28642200e-05
3.09500000e+01 3.24149860e-05
3.10000000e+01 3.19901490e-05
3.10500000e+01 3.15878747e-05
3.11000000e+01 3.12039010e-05
3.11500000e+01 3.08324963e-05
3.12000000e+01 3.04675390e-05
3.12500000e+01 3.01035547e-05
3.13000000e+01 2.97365580e-05
3.13500000e+01 2.93645690e-05
3.14000000e+01 2.89877287e-05
3.14500000e+01 2.86080433e-05
3.15000000e+01 2.82288333e-05
3.15500000e+01 2.78541440e-05
3.16000000e+01 2.74881280e-05
3.16500000e+01 2.71347013e-05
3.17000000e+01 2.67973497e-05
3.17500000e+01 2.64792803e-05
3.18000000e+01 2.61836980e-05
3.18500000e+01 2.59141937e-05
3.19000000e+01 2.56750737e-05
3.19500000e+01 2.54714707e-05
3.20000000e+01 2.53092277e-05
3.20500000e+01 2.51944200e-05
3.21000000e+01 2.51327453e-05
3.21500000e+01 2.51286813e-05
3.22000000e+01 2.51847057e-05
3.22500000e+01 2.53005160e-05
3.23000000e+01 2.54724587e-05
3.23500000e+01 2.56931757e-05
3.24000000e+01 2.59515973e-05
3.24500000e+01 2.62334013e-05
3.25000000e+01 2.65219317e-05
3.25500000e+01 2.67996540e-05
3.26000000e+01 2.70499047e-05
3.26500000e+01 2.72587110e-05
3.27000000e+01 2.74163223e-05
3.27500000e+01 2.75181120e-05
3.28000000e+01 2.75647040e-05
3.28500000e+01 2.75612960e-05
3.29000000e+01 2.75164073e-05
3.29500000e+01 2.74403257e-05
3.30000000e+01 2.73435630e-05
3.30500000e+01 2.72355607e-05
3.31000000e+01 2.71237810e-05
3.31500000e+01 2.70132800e-05
3.32000000e+01 2.69067107e-05
3.32500000e+01 2.68047450e-05
3.33000000e+01 2.67067630e-05
3.33500000e+01 2.66117383e-05
3.34000000e+01 2.65189903e-05
3.34500000e+01 2.64287380e-05
3.35000000e+01 2.63422040e-05
3.35500000e+01 2.62612837e-05
3.36000000e+01 2.61879367e-05
3.36500000e+01 2.61233417e-05
3.37000000e+01 2.60672443e-05
3.37500000e+01 2.60174923e-05
3.38000000e+01 2.59699870e-05
3.38500000e+01 2.59190620e-05
3.39000000e+01 2.58581630e-05
3.39500000e+01 2.57808040e-05
3.40000000e+01 2.56813910e-05
3.40500000e+01 2.55558743e-05
3.41000000e+01 2.54019603e-05
3.41500000e+01 2.52189947e-05
3.42000000e+01 2.50076207e-05
3.42500000e+01 2.47694610e-05
3.43000000e+01 2.45069953e-05
3.43500000e+01 2.42236183e-05
3.44000000e+01 2.39238390e-05
3.44500000e+01 2.36134247e-05
3.45000000e+01 2.32992963e-05
3.45500000e+01 2.29891207e-05
3.46000000e+01 2.26905770e-05
3.46500000e+01 2.24105160e-05
3.47000000e+01 2.21540627e-05
3.47500000e+01 2.19240123e-05
3.48000000e+01 2.17205627e-05
3.48500000e+01 2.15414613e-05
3.49000000e+01 2.13825927e-05
3.49500000e+01 2.12388510e-05
3.50000000e+01 2.11051280e-05
3.50500000e+01 2.09771210e-05
3.51000000e+01 2.08518440e-05
3.51500000e+01 2.07276563e-05
3.52000000e+01 2.06038847e-05
3.52500000e+01 2.04802327e-05
3.53000000e+01 2.03561537e-05
3.53500000e+01 2.02304307e-05
3.54000000e+01 2.01009927e-05
3.54500000e+01 1.99651010e-05
3.55000000e+01 1.98197137e-05
3.55500000e+01 1.96618843e-05
3.56000000e+01 1.94891513e-05
3.56500000e+01 1.92996243e-05
3.57000000e+01 1.90919570e-05
3.57500000e+01 1.88651317e-05
3.58000000e+01 1.86182903e-05
3.58500000e+01 1.83507260e-05
3.59000000e+01 1.80619903e-05
3.59500000e+01 1.77523213e-05
3.60000000e+01 1.74230127e-05
3.60500000e+01 1.70768273e-05
3.61000000e+01 1.67180557e-05
3.61500000e+01 1.63522777e-05
3.62000000e+01 1.59857723e-05
3.62500000e+01 1.56247017e-05
3.63000000e+01 1.52744143e-05
3.63500000e+01 1.49388633e-05
3.64000000e+01 1.46204610e-05
3.64500000e+01 1.43201683e-05
3.65000000e+01 1.40379567e-05
3.65500000e+01 1.37733540e-05
3.66000000e+01 1.35260070e-05
3.66500000e+01 1.32960943e-05
3.67000000e+01 1.30844353e-05
3.67500000e+01 1.28923123e-05
3.68000000e+01 1.27209900e-05
3.68500000e+01 1.25711430e-05
3.69000000e+01 1.24422447e-05
3.69500000e+01 1.23321747e-05
3.70000000e+01 1.22370763e-05
3.70500000e+01 1.21516387e-05
3.71000000e+01 1.20697470e-05
3.71500000e+01 1.19854377e-05
3.72000000e+01 1.18939873e-05
3.72500000e+01 1.17927487e-05
3.73000000e+01 1.16815900e-05
3.73500000e+01 1.15626691e-05
3.74000000e+01 1.14397237e-05
3.74500000e+01 1.13171169e-05
3.75000000e+01 1.11989140e-05
3.75500000e+01 1.10882943e-05
3.76000000e+01 1.09872805e-05
3.76500000e+01 1.08968232e-05
3.77000000e+01 1.08170198e-05
3.77500000e+01 1.07474281e-05
3.78000000e+01 1.06873693e-05
3.78500000e+01 1.06361763e-05
3.79000000e+01 1.05934026e-05
3.79500000e+01 1.05589270e-05
3.80000000e+01 1.05329945e-05
3.80500000e+01 1.05160947e-05
3.81000000e+01 1.05087528e-05
3.81500000e+01 1.05112763e-05
3.82000000e+01 1.05235369e-05
3.82500000e+01 1.05449410e-05
3.83000000e+01 1.05746004e-05
3.83500000e+01 1.06117220e-05
3.84000000e+01 1.06560433e-05
3.84500000e+01 1.07081833e-05
3.85000000e+01 1.07697568e-05
3.85500000e+01 1.08431764e-05
3.86000000e+01 1.09312642e-05
3.86500000e+01 1.10367098e-05
3.87000000e+01 1.11615993e-05
3.87500000e+01 1.13070247e-05
3.88000000e+01 1.14728763e-05
3.88500000e+01 1.16577147e-05
3.89000000e+01 1.18587167e-05
3.89500000e+01 1.20717303e-05
3.90000000e+01 1.22914117e-05
3.90500000e+01 1.25115510e-05
3.91000000e+01 1.27255090e-05
3.91500000e+01 1.29267243e-05
3.92000000e+01 1.31090580e-05
3.92500000e+01 1.32669530e-05
3.93000000e+01 1.33954847e-05
3.93500000e+01 1.34904163e-05
3.94000000e+01 1.35485520e-05
3.94500000e+01 1.35682570e-05
3.95000000e+01 1.35500383e-05
3.95500000e+01 1.34967843e-05
3.96000000e+01 1.34134450e-05
3.96500000e+01 1.33062173e-05
3.97000000e+01 1.31814150e-05
3.97500000e+01 1.30444973e-05
3.98000000e+01 1.28994443e-05
3.98500000e+01 1.27487087e-05
3.99000000e+01 1.25935410e-05
3.99500000e+01 1.24345593e-05
4.00000000e+01 1.22722443e-05
4.00500000e+01 1.21071943e-05
4.01000000e+01 1.19401917e-05
4.01500000e+01 1.17720520e-05
4.02000000e+01 1.16035250e-05
4.02500000e+01 1.14351157e-05
4.03000000e+01 1.12669727e-05
4.03500000e+01 1.10987377e-05
4.04000000e+01 1.09294397e-05
4.04500000e+01 1.07575620e-05
4.05000000e+01 1.05811833e-05
4.05500000e+01 1.03983193e-05
4.06000000e+01 1.02071500e-05
4.06500000e+01 1.00062937e-05
4.07000000e+01 9.79490573e-06
4.07500000e+01 9.57283133e-06
4.08000000e+01 9.34075293e-06
4.08500000e+01 9.10027013e-06
4.09000000e+01 8.85389410e-06
4.09500000e+01 8.60473787e-06
4.10000000e+01 8.35604223e-06
4.10500000e+01 8.11049780e-06
4.11000000e+01 7.86969400e-06
4.11500000e+01 7.63386197e-06
4.12000000e+01 7.40194580e-06
4.12500000e+01 7.17205690e-06
4.13000000e+01 6.94198000e-06
4.13500000e+01 6.70968730e-06
4.14000000e+01 6.47363167e-06
4.14500000e+01 6.23288440e-06
4.15000000e+01 5.98716230e-06
4.15500000e+01 5.73674783e-06
4.16000000e+01 5.48246900e-06
4.16500000e+01 5.22562327e-06
4.17000000e+01 4.96798047e-06
4.17500000e+01 4.71170307e-06
4.18000000e+01 4.45925723e-06
4.18500000e+01 4.21323630e-06
4.19000000e+01 3.97613790e-06
4.19500000e+01 3.75016080e-06
4.20000000e+01 3.53700793e-06
4.20500000e+01 3.33780810e-06
4.21000000e+01 3.15308080e-06
4.21500000e+01 2.98280787e-06
4.22000000e+01 2.82653630e-06
4.22500000e+01 2.68350413e-06
4.23000000e+01 2.55276853e-06
4.23500000e+01 2.43329487e-06
4.24000000e+01 2.32404250e-06
4.24500000e+01 2.22400343e-06
4.25000000e+01 2.13223690e-06
4.25500000e+01 2.04788300e-06
4.26000000e+01 1.97016333e-06
4.26500000e+01 1.89838690e-06
4.27000000e+01 1.83193580e-06
4.27500000e+01 1.77026713e-06
4.28000000e+01 1.71289907e-06
4.28500000e+01 1.65940823e-06
4.29000000e+01 1.60942103e-06
4.29500000e+01 1.56260627e-06
4.30000000e+01 1.51867250e-06
4.30500000e+01 1.47736007e-06
4.31000000e+01 1.43844010e-06
4.31500000e+01 1.40170733e-06
4.32000000e+01 1.36697937e-06
4.32500000e+01 1.33409367e-06
4.33000000e+01 1.30290330e-06
4.33500000e+01 1.27327793e-06
4.34000000e+01 1.24509850e-06
4.34500000e+01 1.21825903e-06
4.35000000e+01 1.19266267e-06
4.35500000e+01 1.16822217e-06
4.36000000e+01 1.14485813e-06
4.36500000e+01 1.12249813e-06
4.37000000e+01 1.10107643e-06
4.37500000e+01 1.08053253e-06
4.38000000e+01 1.06081173e-06
4.38500000e+01 1.04186285e-06
4.39000000e+01 1.02363978e-06
4.39500000e+01 1.00609946e-06
4.40000000e+01 9.89202490e-07
4.40500000e+01 9.72912720e-07
4.41000000e+01 9.57196033e-07
4.41500000e+01 9.42021523e-07
4.42000000e+01 9.27359957e-07
4.42500000e+01 9.13184690e-07
4.43000000e+01 8.99470573e-07
4.43500000e+01 8.86194153e-07
4.44000000e+01 8.73334043e-07
4.44500000e+01 8.60869490e-07
4.45000000e+01 8.48782060e-07
4.45500000e+01 8.37053530e-07
4.46000000e+01 8.25667543e-07
4.46500000e+01 8.14608337e-07
4.47000000e+01 8.03861277e-07
4.47500000e+01 7.93412810e-07
4.48000000e+01 7.83249713e-07
4.48500000e+01 7.73359940e-07
4.49000000e+01 7.63731887e-07
4.49500000e+01 7.54354907e-07
4.50000000e+01 7.45218503e-07
4.50500000e+01 7.36313097e-07
4.51000000e+01 7.27629637e-07
4.51500000e+01 7.19159240e-07
4.52000000e+01 7.10893990e-07
4.52500000e+01 7.02825850e-07
4.53000000e+01 6.94947577e-07
4.53500000e+01 6.87252087e-07
4.54000000e+01 6.79732787e-07
4.54500000e+01 6.72383277e-07
4.55000000e+01 6.65197583e-07
4.55500000e+01 6.58169953e-07
4.56000000e+01 6.51294913e-07
4.56500000e+01 6.44567373e-07
4.57000000e+01 6.37982167e-07
4.57500000e+01 6.31534683e-07
4.58000000e+01 6.25220350e-07
4.58500000e+01 6.19034823e-07
4.59000000e+01 6.12974113e-07
4.59500000e+01 6.07034097e-07
4.60000000e+01 6.01211090e-07
4.60500000e+01 5.95501410e-07
4.61000000e+01 5.89901647e-07
4.61500000e+01 5.84408483e-07
4.62000000e+01 5.79018603e-07
4.62500000e+01 5.73729137e-07
4.63000000e+01 5.68536953e-07
4.63500000e+01 5.63439443e-07
4.64000000e+01 5.58433727e-07
4.64500000e+01 5.53517293e-07
4.65000000e+01 5.48687603e-07
4.65500000e+01 5.43942223e-07
4.66000000e+01 5.39278970e-07
4.66500000e+01 5.34695477e-07
4.67000000e+01 5.30189657e-07
4.67500000e+01 5.25759427e-07
4.68000000e+01 5.21402857e-07
4.68500000e+01 5.17117927e-07
4.69000000e+01 5.12902803e-07
4.69500000e+01 5.08755783e-07
4.70000000e+01 5.04675017e-07
4.70500000e+01 5.00658997e-07
4.71000000e+01 4.96705980e-07
4.71500000e+01 4.92814480e-07
4.72000000e+01 4.88982973e-07
4.72500000e+01 4.85210020e-07
4.73000000e+01 4.81494213e-07
4.73500000e+01 4.77834200e-07
4.74000000e+01 4.74228700e-07
4.74500000e+01 4.70676333e-07
4.75000000e+01 4.67176027e-07
4.75500000e+01 4.63726473e-07
4.76000000e+01 4.60326550e-07
4.76500000e+01 4.56975150e-07
4.77000000e+01 4.53671140e-07
4.77500000e+01 4.50413597e-07
4.78000000e+01 4.47201393e-07
4.78500000e+01 4.44033540e-07
4.79000000e+01 4.40909150e-07
4.79500000e+01 4.37827193e-07
4.80000000e+01 4.34786923e-07
4.80500000e+01 4.31787273e-07
4.81000000e+01 4.28827513e-07
4.81500000e+01 4.25906790e-07
4.82000000e+01 4.23024293e-07
4.82500000e+01 4.20179290e-07
4.83000000e+01 4.17370907e-07
4.83500000e+01 4.14598550e-07
4.84000000e+01 4.11861360e-07
4.84500000e+01 4.09158753e-07
4.85000000e+01 4.06490020e-07
4.85500000e+01 4.03854440e-07
4.86000000e+01 4.01251477e-07
4.86500000e+01 3.98680413e-07
4.87000000e+01 3.96140697e-07
4.87500000e+01 3.93631663e-07
4.88000000e+01 3.91152803e-07
4.88500000e+01 3.88703540e-07
4.89000000e+01 3.86283310e-07
4.89500000e+01 3.83891613e-07
4.90000000e+01 3.81527847e-07
4.90500000e+01 3.79191613e-07
4.91000000e+01 3.76882303e-07
4.91500000e+01 3.74599557e-07
4.92000000e+01 3.72342790e-07
4.92500000e+01 3.70111597e-07
4.93000000e+01 3.67905523e-07
4.93500000e+01 3.65724127e-07
4.94000000e+01 3.63567007e-07
4.94500000e+01 3.61433677e-07
4.95000000e+01 3.59323810e-07
4.95500000e+01 3.57236947e-07
4.96000000e+01 3.55172747e-07
4.96500000e+01 3.53130810e-07
4.97000000e+01 3.51110723e-07
4.97500000e+01 3.49112220e-07
4.98000000e+01 3.47134837e-07
4.98500000e+01 3.45178350e-07
4.99000000e+01 3.43242290e-07
4.99500000e+01 3.41326400e-07
5.00000000e+01 3.39430353e-07
5.00500000e+01 3.37553820e-07
5.01000000e+01 3.35696513e-07
5.01500000e+01 3.33858070e-07
5.02000000e+01 3.32038280e-07
5.02500000e+01 3.30236760e-07
5.03000000e+01 3.28453310e-07
5.03500000e+01 3.26687627e-07
5.04000000e+01 3.24939383e-07
5.04500000e+01 3.23208407e-07
5.05000000e+01 3.21494370e-07
5.05500000e+01 3.19797050e-07
5.06000000e+01 3.18116150e-07
5.06500000e+01 3.16451473e-07
5.07000000e+01 3.14802770e-07
5.07500000e+01 3.13169800e-07
5.08000000e+01 3.11552343e-07
5.08500000e+01 3.09950130e-07
5.09000000e+01 3.08363017e-07
5.09500000e+01 3.06790700e-07
5.10000000e+01 3.05233057e-07
5.10500000e+01 3.03689793e-07
5.11000000e+01 3.02160757e-07
5.11500000e+01 3.00645733e-07
5.12000000e+01 2.99144527e-07
5.12500000e+01 2.97656960e-07
5.13000000e+01 2.96182797e-07
5.13500000e+01 2.94721920e-07
5.14000000e+01 2.93274073e-07
5.14500000e+01 2.91839140e-07
5.15000000e+01 2.90416930e-07
5.15500000e+01 2.89007230e-07
5.16000000e+01 2.87609943e-07
5.16500000e+01 2.86224847e-07
5.17000000e+01 2.84851807e-07
5.17500000e+01 2.83490623e-07
5.18000000e+01 2.82141187e-07
5.18500000e+01 2.80803327e-07
5.19000000e+01 2.79476887e-07
5.19500000e+01 2.78161737e-07
5.20000000e+01 3.08172920e-07
5.20500000e+01 3.06725560e-07
5.21000000e+01 3.05290327e-07
5.21500000e+01 3.34326153e-07
5.22000000e+01 3.32766380e-07
5.22500000e+01 3.31219507e-07
5.23000000e+01 3.59318263e-07
5.23500000e+01 3.57653990e-07
5.24000000e+01 3.56003387e-07
5.24500000e+01 4.13488330e-07
5.25000000e+01 4.11582893e-07
5.25500000e+01 4.09692853e-07
5.26000000e+01 4.35865363e-07
5.26500000e+01 4.33873560e-07
5.27000000e+01 4.31897627e-07
5.27500000e+01 4.57240893e-07
5.28000000e+01 4.55169000e-07
5.28500000e+01 4.53113577e-07
5.29000000e+01 4.77659083e-07
5.29500000e+01 4.75513197e-07
5.30000000e+01 4.73384073e-07
5.30500000e+01 4.97162103e-07
5.31000000e+01 4.94947787e-07
5.31500000e+01 4.92750450e-07
5.32000000e+01 5.44280980e-07
5.32500000e+01 5.41875027e-07
5.33000000e+01 5.39487393e-07
5.33500000e+01 5.61669340e-07
5.34000000e+01 5.59208127e-07
5.34500000e+01 5.56765440e-07
5.35000000e+01 5.78265667e-07
5.35500000e+01 5.75753763e-07
5.36000000e+01 5.73260440e-07
5.36500000e+01 5.94103943e-07
5.37000000e+01 5.91545457e-07
5.37500000e+01 5.89005787e-07
5.38000000e+01 5.86484683e-07
5.38500000e+01 6.06615463e-07
5.39000000e+01 6.04033287e-07
5.39500000e+01 6.01469690e-07
5.40000000e+01 6.47765553e-07
5.40500000e+01 6.45030280e-07
5.41000000e+01 6.42314503e-07
5.41500000e+01 6.61121737e-07
5.42000000e+01 6.58353597e-07
5.42500000e+01 6.55605047e-07
5.43000000e+01 6.73851183e-07
5.43500000e+01 6.71053380e-07
5.44000000e+01 6.68275063e-07
5.44500000e+01 6.85980080e-07
5.45000000e+01 6.83155507e-07
5.45500000e+01 6.80350413e-07
5.46000000e+01 6.77564777e-07
5.46500000e+01 6.94684560e-07
5.47000000e+01 6.91855547e-07
5.47500000e+01 6.89045780e-07
5.48000000e+01 7.05664260e-07
5.48500000e+01 7.27953613e-07
5.49000000e+01 7.25020613e-07
5.49500000e+01 7.41034853e-07
5.50000000e+01 7.38064970e-07
5.50500000e+01 7.35115070e-07
5.51000000e+01 7.50664183e-07
5.51500000e+01 7.47679717e-07
5.52000000e+01 7.44715063e-07
5.52500000e+01 7.41769883e-07
5.53000000e+01 7.56818000e-07
5.53500000e+01 7.53840560e-07
5.54000000e+01 7.50882557e-07
5.54500000e+01 7.65498720e-07
5.55000000e+01 7.62510527e-07
5.55500000e+01 7.59541610e-07
5.56000000e+01 7.73740420e-07
5.56500000e+01 7.70743223e-07
5.57000000e+01 7.91458037e-07
5.57500000e+01 7.88407890e-07
5.58000000e+01 8.02049127e-07
5.58500000e+01 7.98973773e-07
5.59000000e+01 7.95917813e-07
5.59500000e+01 8.09173003e-07
5.60000000e+01 8.06093510e-07
5.60500000e+01 8.03033443e-07
5.61000000e+01 7.99992457e-07
5.61500000e+01 8.12833007e-07
5.62000000e+01 8.09770103e-07
5.62500000e+01 8.06726110e-07
5.63000000e+01 8.19207113e-07
5.63500000e+01 8.16142770e-07
5.64000000e+01 8.13097180e-07
5.64500000e+01 8.25230053e-07
5.65000000e+01 8.22165493e-07
5.65500000e+01 8.19119617e-07
5.66000000e+01 8.38412470e-07
5.66500000e+01 8.50074087e-07
5.67000000e+01 8.46947757e-07
5.67500000e+01 8.43840160e-07
5.68000000e+01 8.55179013e-07
5.68500000e+01 8.52056103e-07
5.69000000e+01 8.48951860e-07
5.69500000e+01 8.45865983e-07
5.70000000e+01 8.56859620e-07
5.70500000e+01 8.53759637e-07
5.71000000e+01 8.50677833e-07
5.71500000e+01 8.61370013e-07
5.72000000e+01 8.58275223e-07
5.72500000e+01 8.55198440e-07
5.73000000e+01 8.52139510e-07
5.73500000e+01 8.62509697e-07
5.74000000e+01 8.59438777e-07
5.74500000e+01 8.56385617e-07
5.75000000e+01 8.87556573e-07
5.75500000e+01 8.84418467e-07
5.76000000e+01 8.81298380e-07
5.76500000e+01 8.78196013e-07
5.77000000e+01 8.87896633e-07
5.77500000e+01 8.84785060e-07
5.78000000e+01 8.81691123e-07
5.78500000e+01 8.91129560e-07
5.79000000e+01 8.88027293e-07
5.79500000e+01 8.84942450e-07
5.80000000e+01 8.81874807e-07
5.80500000e+01 8.91034233e-07
5.81000000e+01 8.87958980e-07
5.81500000e+01 8.84900927e-07
5.82000000e+01 8.81859750e-07
5.82500000e+01 8.90749807e-07
5.83000000e+01 8.87701850e-07
5.83500000e+01 8.84670613e-07
5.84000000e+01 8.93323430e-07
5.84500000e+01 9.10207687e-07
5.85000000e+01 9.07120143e-07
5.85500000e+01 9.04049283e-07
5.86000000e+01 9.12371077e-07
5.86500000e+01 9.09295613e-07
5.87000000e+01 9.06236670e-07
5.87500000e+01 9.03194257e-07
5.88000000e+01 9.11274333e-07
5.88500000e+01 9.08227787e-07
5.89000000e+01 9.05197520e-07
5.89500000e+01 9.13063743e-07
5.90000000e+01 9.10030007e-07
5.90500000e+01 9.07012323e-07
5.91000000e+01 9.04010677e-07
5.91500000e+01 9.11650357e-07
5.92000000e+01 9.08645700e-07
5.92500000e+01 9.05656767e-07
5.93000000e+01 9.02683517e-07
5.93500000e+01 9.10104307e-07
5.94000000e+01 9.07128513e-07
5.94500000e+01 9.22989487e-07
5.95000000e+01 9.30143893e-07
5.95500000e+01 9.27121613e-07
5.96000000e+01 9.24114927e-07
5.96500000e+01 9.21123690e-07
5.97000000e+01 9.28074197e-07
5.97500000e+01 9.25082123e-07
5.98000000e+01 9.22105350e-07
5.98500000e+01 9.19143680e-07
5.99000000e+01 9.25897053e-07
5.99500000e+01 9.22934893e-07
6.00000000e+01 9.19987773e-07
6.00500000e+01 9.26565333e-07
6.01000000e+01 9.23618063e-07
6.01500000e+01 9.20685730e-07
6.02000000e+01 9.17768087e-07
6.02500000e+01 9.24160333e-07
6.03000000e+01 9.21242900e-07
6.03500000e+01 9.18340047e-07
6.04000000e+01 9.15451593e-07
6.04500000e+01 9.21664500e-07
6.05000000e+01 9.36546713e-07
6.05500000e+01 9.33618463e-07
6.06000000e+01 9.30704690e-07
6.06500000e+01 9.36679773e-07
6.07000000e+01 9.33767473e-07
6.07500000e+01 9.30869330e-07
6.08000000e+01 9.27985417e-07
6.08500000e+01 9.33793783e-07
6.09000000e+01 9.30911543e-07
6.09500000e+01 9.28043280e-07
6.10000000e+01 9.33702023e-07
6.10500000e+01 9.30835773e-07
6.11000000e+01 9.27983340e-07
6.11500000e+01 9.25144643e-07
6.12000000e+01 9.30646497e-07
6.12500000e+01 9.27809973e-07
6.13000000e+01 9.24987110e-07
6.13500000e+01 9.22177687e-07
6.14000000e+01 9.27527473e-07
6.14500000e+01 9.24720453e-07
6.15000000e+01 9.21926817e-07
6.15500000e+01 9.35984357e-07
6.16000000e+01 9.41128027e-07
6.16500000e+01 9.38300673e-07
6.17000000e+01 9.35486640e-07
6.17500000e+01 9.32685947e-07
6.18000000e+01 9.37687877e-07
6.18500000e+01 9.34890400e-07
6.19000000e+01 9.32106047e-07
6.19500000e+01 9.29334563e-07
6.20000000e+01 9.34199280e-07
6.20500000e+01 9.31431313e-07
6.21000000e+01 9.28676133e-07
6.21500000e+01 9.25933693e-07
6.22000000e+01 9.30665223e-07
6.22500000e+01 9.27926393e-07
6.23000000e+01 9.25200133e-07
6.23500000e+01 9.22486440e-07
6.24000000e+01 9.27088840e-07
6.24500000e+01 9.24378863e-07
6.25000000e+01 9.21681133e-07
6.25500000e+01 9.18995830e-07
6.26000000e+01 9.23473017e-07
6.26500000e+01 9.36736077e-07
6.27000000e+01 9.34021397e-07
6.27500000e+01 9.31318950e-07
6.28000000e+01 9.35621993e-07
6.28500000e+01 9.32923943e-07
6.29000000e+01 9.30238013e-07
6.29500000e+01 9.27564097e-07
6.30000000e+01 9.31750310e-07
6.30500000e+01 9.29080870e-07
6.31000000e+01 9.26423417e-07
6.31500000e+01 9.23777683e-07
6.32000000e+01 9.27850420e-07
6.32500000e+01 9.25209513e-07
6.33000000e+01 9.22580033e-07
6.33500000e+01 9.19962247e-07
6.34000000e+01 9.23924957e-07
6.34500000e+01 9.21311823e-07
6.35000000e+01 9.18710213e-07
6.35500000e+01 9.16119990e-07
6.36000000e+01 9.19975793e-07
6.36500000e+01 9.17390287e-07
6.37000000e+01 9.14816127e-07
6.37500000e+01 9.12253117e-07
6.38000000e+01 9.31104013e-07
6.38500000e+01 9.28504570e-07
6.39000000e+01 9.25916290e-07
6.39500000e+01 9.23339123e-07
6.40000000e+01 9.26943040e-07
6.40500000e+01 9.24371243e-07
6.41000000e+01 9.21810397e-07
6.41500000e+01 9.19260593e-07
6.42000000e+01 9.22767617e-07
6.42500000e+01 9.20223077e-07
6.43000000e+01 9.17689370e-07
6.43500000e+01 9.15166517e-07
6.44000000e+01 9.18579363e-07
6.44500000e+01 9.16061853e-07
6.45000000e+01 9.13554973e-07
6.45500000e+01 9.11058593e-07
6.46000000e+01 9.14380007e-07
6.46500000e+01 9.11889117e-07
6.47000000e+01 9.09408677e-07
6.47500000e+01 9.06938733e-07
6.48000000e+01 9.10171097e-07
6.48500000e+01 9.07706603e-07
6.49000000e+01 9.05252343e-07
6.49500000e+01 9.02808207e-07
6.50000000e+01 9.20253197e-07
6.50500000e+01 9.17776980e-07
6.51000000e+01 9.15310873e-07
6.51500000e+01 9.12855040e-07
6.52000000e+01 9.10409237e-07
6.52500000e+01 9.13424123e-07
6.53000000e+01 9.10984247e-07
6.53500000e+01 9.08554257e-07
6.54000000e+01 9.06134297e-07
6.54500000e+01 9.09068530e-07
6.55000000e+01 9.06654323e-07
6.55500000e+01 9.04250037e-07
6.56000000e+01 9.01855493e-07
6.56500000e+01 9.04711373e-07
6.57000000e+01 9.02322540e-07
6.57500000e+01 8.99943533e-07
6.58000000e+01 8.97574020e-07
6.58500000e+01 9.00353640e-07
6.59000000e+01 8.97990037e-07
6.59500000e+01 8.95635853e-07
6.60000000e+01 8.93291200e-07
6.60500000e+01 8.95996797e-07
6.61000000e+01 8.93657917e-07
6.61500000e+01 8.91328393e-07
6.62000000e+01 9.02590813e-07
6.62500000e+01 9.00245263e-07
6.63000000e+01 9.02835840e-07
6.63500000e+01 9.00496363e-07
6.64000000e+01 8.98166083e-07
6.64500000e+01 8.95845000e-07
6.65000000e+01 8.98366410e-07
6.65500000e+01 8.96051393e-07
6.66000000e+01 8.93745570e-07
6.66500000e+01 8.91448710e-07
6.67000000e+01 8.93902783e-07
6.67500000e+01 8.91612053e-07
6.68000000e+01 8.89330190e-07
6.68500000e+01 8.87057327e-07
6.69000000e+01 8.89445813e-07
6.69500000e+01 8.87178997e-07
6.70000000e+01 8.84920903e-07
6.70500000e+01 8.82671650e-07
6.71000000e+01 8.80431037e-07
6.71500000e+01 8.82753160e-07
6.72000000e+01 8.80518557e-07
6.72500000e+01 8.78292567e-07
6.73000000e+01 8.76075240e-07
6.73500000e+01 8.78335287e-07
6.74000000e+01 8.76123940e-07
6.74500000e+01 8.73920947e-07
6.75000000e+01 8.84591523e-07
6.75500000e+01 8.86755477e-07
6.76000000e+01 8.84535433e-07
6.76500000e+01 8.82323877e-07
6.77000000e+01 8.80120643e-07
6.77500000e+01 8.77925770e-07
6.78000000e+01 8.80029520e-07
6.78500000e+01 8.77840807e-07
6.79000000e+01 8.75660410e-07
6.79500000e+01 8.73488153e-07
6.80000000e+01 8.75535603e-07
6.80500000e+01 8.73369480e-07
6.81000000e+01 8.71211530e-07
6.81500000e+01 8.69061627e-07
6.82000000e+01 8.71054127e-07
6.82500000e+01 8.68910333e-07
6.83000000e+01 8.66774607e-07
6.83500000e+01 8.64646727e-07
6.84000000e+01 8.62526840e-07
6.84500000e+01 8.64464090e-07
6.85000000e+01 8.62350140e-07
6.85500000e+01 8.60244100e-07
6.86000000e+01 8.58145890e-07
6.86500000e+01 8.60031147e-07
6.87000000e+01 8.57938917e-07
6.87500000e+01 8.55854347e-07
6.88000000e+01 8.65994477e-07
6.88500000e+01 8.63896137e-07
6.89000000e+01 8.65696630e-07
6.89500000e+01 8.63604413e-07
6.90000000e+01 8.61519903e-07
6.90500000e+01 8.59443043e-07
6.91000000e+01 8.61194830e-07
6.91500000e+01 8.59124120e-07
6.92000000e+01 8.57060777e-07
6.92500000e+01 8.55005107e-07
6.93000000e+01 8.52956777e-07
6.93500000e+01 8.54659857e-07
6.94000000e+01 8.52617587e-07
6.94500000e+01 8.50582640e-07
6.95000000e+01 8.48555073e-07
6.95500000e+01 8.50212087e-07
6.96000000e+01 8.48190533e-07
6.96500000e+01 8.46176187e-07
6.97000000e+01 8.44169163e-07
6.97500000e+01 8.42169223e-07
6.98000000e+01 8.43780277e-07
6.98500000e+01 8.41786263e-07
6.99000000e+01 8.39799317e-07
6.99500000e+01 8.37819480e-07
7.00000000e+01 8.39386797e-07
7.00500000e+01 8.37412907e-07
7.01000000e+01 8.35445987e-07
7.01500000e+01 8.33485987e-07
7.02000000e+01 8.43108803e-07
7.02500000e+01 8.44602843e-07
7.03000000e+01 8.42629127e-07
7.03500000e+01 8.40662380e-07
7.04000000e+01 8.38702507e-07
7.04500000e+01 8.40155610e-07
7.05000000e+01 8.38201750e-07
7.05500000e+01 8.36254770e-07
7.06000000e+01 8.34314550e-07
7.06500000e+01 8.32381137e-07
7.07000000e+01 8.33793547e-07
7.07500000e+01 8.31866053e-07
7.08000000e+01 8.29945167e-07
7.08500000e+01 8.28030973e-07
7.09000000e+01 8.29404667e-07
7.09500000e+01 8.27496353e-07
7.10000000e+01 8.25594670e-07
7.10500000e+01 8.23699450e-07
7.11000000e+01 8.21810867e-07
7.11500000e+01 8.23146067e-07
7.12000000e+01 8.21263270e-07
7.12500000e+01 8.19386850e-07
7.13000000e+01 8.17516890e-07
7.13500000e+01 8.15653380e-07
7.14000000e+01 8.16951133e-07
7.14500000e+01 8.15093327e-07
7.15000000e+01 8.13241823e-07
7.15500000e+01 8.11396730e-07
7.16000000e+01 8.12658713e-07
7.16500000e+01 8.21787597e-07
7.17000000e+01 8.19929957e-07
7.17500000e+01 8.18078640e-07
7.18000000e+01 8.16233617e-07
7.18500000e+01 8.17433387e-07
7.19000000e+01 8.15594043e-07
7.19500000e+01 8.13761007e-07
7.20000000e+01 8.11934097e-07
7.20500000e+01 8.10113430e-07
7.21000000e+01 8.11279230e-07
7.21500000e+01 8.09464163e-07
7.22000000e+01 8.07655140e-07
7.22500000e+01 8.05852203e-07
7.23000000e+01 8.06985283e-07
7.23500000e+01 8.05187957e-07
7.24000000e+01 8.03396720e-07
7.24500000e+01 8.01611343e-07
7.25000000e+01 7.99832003e-07
7.25500000e+01 8.00932923e-07
7.26000000e+01 7.99159107e-07
7.26500000e+01 7.97391143e-07
7.27000000e+01 7.95628983e-07
7.27500000e+01 7.93872687e-07
7.28000000e+01 7.94942270e-07
7.28500000e+01 7.93191547e-07
7.29000000e+01 7.91446493e-07
7.29500000e+01 7.89707203e-07
7.30000000e+01 7.90746587e-07
7.30500000e+01 7.89012827e-07
7.31000000e+01 7.97705840e-07
7.31500000e+01 7.95960930e-07
7.32000000e+01 7.94221687e-07
7.32500000e+01 7.95206870e-07
7.33000000e+01 7.93473230e-07
7.33500000e+01 7.91745187e-07
7.34000000e+01 7.90022860e-07
7.34500000e+01 7.88306023e-07
7.35000000e+01 7.89262727e-07
7.35500000e+01 7.87551350e-07
7.36000000e+01 7.85845530e-07
7.36500000e+01 7.84145197e-07
7.37000000e+01 7.82450377e-07
7.37500000e+01 7.83379387e-07
7.38000000e+01 7.81690007e-07
7.38500000e+01 7.80005953e-07
7.39000000e+01 7.78327403e-07
7.39500000e+01 7.76654267e-07
7.40000000e+01 7.77556313e-07
7.40500000e+01 7.75888347e-07
7.41000000e+01 7.74225803e-07
7.41500000e+01 7.72568540e-07
7.42000000e+01 7.73444367e-07
7.42500000e+01 7.71792410e-07
7.43000000e+01 7.70145673e-07
7.43500000e+01 7.68504200e-07
7.44000000e+01 7.66867903e-07
7.44500000e+01 7.67718237e-07
7.45000000e+01 7.66087110e-07
7.45500000e+01 7.64461173e-07
7.46000000e+01 7.62840347e-07
7.46500000e+01 7.71107160e-07
7.47000000e+01 7.71910123e-07
7.47500000e+01 7.70279067e-07
7.48000000e+01 7.68653173e-07
7.48500000e+01 7.67032403e-07
7.49000000e+01 7.65416737e-07
7.49500000e+01 7.66195763e-07
7.50000000e+01 7.64585193e-07
7.50500000e+01 7.62979693e-07
7.51000000e+01 7.61379223e-07
7.51500000e+01 7.59783780e-07
7.52000000e+01 7.60539600e-07
7.52500000e+01 7.58949280e-07
7.53000000e+01 7.57363820e-07
7.53500000e+01 7.55783353e-07
7.54000000e+01 7.54207763e-07
7.54500000e+01 7.54940993e-07
7.55000000e+01 7.53370467e-07
7.55500000e+01 7.51804703e-07
7.56000000e+01 7.50243850e-07
7.56500000e+01 7.48687840e-07
7.57000000e+01 7.49399130e-07
7.57500000e+01 7.47848053e-07
7.58000000e+01 7.46301813e-07
7.58500000e+01 7.44760243e-07
7.59000000e+01 7.43223360e-07
7.59500000e+01 7.43913237e-07
7.60000000e+01 7.42381280e-07
7.60500000e+01 7.40854020e-07
7.61000000e+01 7.39331513e-07
7.61500000e+01 7.37813550e-07
7.62000000e+01 7.38482640e-07
7.62500000e+01 7.46342707e-07
7.63000000e+01 7.44815357e-07
7.63500000e+01 7.43292670e-07
7.64000000e+01 7.41774560e-07
7.64500000e+01 7.42402853e-07
7.65000000e+01 7.40889637e-07
7.65500000e+01 7.39381077e-07
7.66000000e+01 7.37876973e-07
7.66500000e+01 7.36377493e-07
7.67000000e+01 7.36986403e-07
7.67500000e+01 7.35491680e-07
7.68000000e+01 7.34001473e-07
7.68500000e+01 7.32515710e-07
7.69000000e+01 7.31034430e-07
7.69500000e+01 7.31624367e-07
7.70000000e+01 7.30147887e-07
7.70500000e+01 7.28675793e-07
7.71000000e+01 7.27208113e-07
7.71500000e+01 7.25744783e-07
7.72000000e+01 7.26316310e-07
7.72500000e+01 7.24857717e-07
7.73000000e+01 7.23403380e-07
7.73500000e+01 7.21953433e-07
7.74000000e+01 7.20507760e-07
7.74500000e+01 7.21061330e-07
7.75000000e+01 7.19620277e-07
7.75500000e+01 7.18183553e-07
7.76000000e+01 7.16751053e-07
7.76500000e+01 7.15322793e-07
7.77000000e+01 7.15858840e-07
7.77500000e+01 7.14435137e-07
7.78000000e+01 7.13015590e-07
7.78500000e+01 7.11600243e-07
7.79000000e+01 7.10189017e-07
7.79500000e+01 7.19584390e-07
7.80000000e+01 7.18160460e-07
7.80500000e+01 7.16740670e-07
7.81000000e+01 7.15325043e-07
7.81500000e+01 7.13913570e-07
7.82000000e+01 7.14397450e-07
7.82500000e+01 7.12990457e-07
7.83000000e+01 7.11587623e-07
7.83500000e+01 7.10188843e-07
7.84000000e+01 7.08794147e-07
7.84500000e+01 7.09262130e-07
7.85000000e+01 7.07872000e-07
7.85500000e+01 7.06485750e-07
7.86000000e+01 7.05103640e-07
7.86500000e+01 7.03725440e-07
7.87000000e+01 7.04177970e-07
7.87500000e+01 7.02804220e-07
7.88000000e+01 7.01434397e-07
7.88500000e+01 7.00068593e-07
7.89000000e+01 6.98706680e-07
7.89500000e+01 6.99144133e-07
7.90000000e+01 6.97786607e-07
7.90500000e+01 6.96432993e-07
7.91000000e+01 6.95083220e-07
7.91500000e+01 6.93737287e-07
7.92000000e+01 6.92395217e-07
7.92500000e+01 6.92818477e-07
7.93000000e+01 6.91480760e-07
7.93500000e+01 6.90146780e-07
7.94000000e+01 6.88816660e-07
7.94500000e+01 6.87490300e-07
7.95000000e+01 6.87899273e-07
7.95500000e+01 6.86577110e-07
7.96000000e+01 6.85258757e-07
7.96500000e+01 6.83944113e-07
7.97000000e+01 6.91044800e-07
7.97500000e+01 6.91422677e-07
7.98000000e+01 6.90100170e-07
7.98500000e+01 6.88781357e-07
7.99000000e+01 6.87466280e-07
7.99500000e+01 6.86154927e-07
8.00000000e+01 6.86519473e-07
