 &plot nbnd=  60, nks=   106 /
            0.000000  0.500000  0.000000
 -100.165 -100.165 -100.164 -100.164  -57.681  -57.681  -57.673  -57.673  -57.564  -57.564
  -57.562  -57.562  -57.559  -57.559  -57.557  -57.557   -8.623   -8.623    4.077    4.077
    4.269    4.269    4.572    4.572    6.635    6.635    6.761    6.761    7.187    7.187
    7.204    7.204    7.415    7.415    7.519    7.519    7.728    7.728    7.728    7.728
    8.882    8.882   10.019   10.019   13.314   13.314   15.601   15.601   18.820   18.820
   19.079   19.079   20.700   20.700   25.098   25.098   26.433   26.433   26.490   26.490
            0.033333  0.500000  0.000000
 -100.165 -100.165 -100.164 -100.164  -57.681  -57.681  -57.673  -57.673  -57.564  -57.564
  -57.562  -57.562  -57.559  -57.559  -57.557  -57.557   -8.623   -8.623    4.059    4.059
    4.281    4.281    4.579    4.579    6.637    6.637    6.761    6.761    7.178    7.178
    7.203    7.203    7.418    7.418    7.520    7.520    7.679    7.679    7.784    7.784
    8.880    8.880   10.015   10.015   13.318   13.318   15.591   15.591   18.811   18.811
   19.055   19.055   20.765   20.765   25.054   25.054   26.290   26.290   26.541   26.541
            0.066667  0.500000  0.000000
 -100.165 -100.165 -100.164 -100.164  -57.681  -57.681  -57.673  -57.673  -57.564  -57.564
  -57.562  -57.562  -57.559  -57.559  -57.557  -57.557   -8.623   -8.623    4.014    4.014
    4.308    4.308    4.599    4.599    6.644    6.644    6.763    6.763    7.159    7.159
    7.194    7.194    7.426    7.426    7.522    7.522    7.637    7.637    7.846    7.846
    8.875    8.875   10.004   10.004   13.329   13.329   15.560   15.560   18.787   18.787
   18.996   18.996   20.945   20.945   24.940   24.940   26.042   26.042   26.639   26.639
            0.100000  0.500000  0.000000
 -100.165 -100.165 -100.164 -100.164  -57.681  -57.681  -57.673  -57.673  -57.564  -57.564
  -57.562  -57.562  -57.559  -57.559  -57.557  -57.557   -8.622   -8.622    3.959    3.959
    4.336    4.336    4.632    4.632    6.656    6.656    6.765    6.765    7.135    7.135
    7.178    7.178    7.432    7.432    7.529    7.529    7.603    7.603    7.911    7.911
    8.867    8.867    9.986    9.986   13.344   13.344   15.511   15.511   18.755   18.755
   18.923   18.923   21.210   21.210   24.791   24.791   25.755   25.755   26.757   26.757
            0.133333  0.500000  0.000000
 -100.165 -100.165 -100.164 -100.164  -57.681  -57.681  -57.673  -57.673  -57.564  -57.564
  -57.562  -57.562  -57.559  -57.559  -57.557  -57.557   -8.621   -8.621    3.901    3.901
    4.359    4.359    4.673    4.673    6.672    6.672    6.769    6.769    7.109    7.109
    7.156    7.156    7.429    7.429    7.540    7.540    7.579    7.579    7.979    7.979
    8.857    8.857    9.963    9.963   13.361   13.361   15.448   15.448   18.727   18.727
   18.851   18.851   21.532   21.532   24.633   24.633   25.442   25.442   26.880   26.880
            0.166667  0.500000  0.000000
 -100.165 -100.165 -100.164 -100.164  -57.681  -57.681  -57.673  -57.673  -57.564  -57.564
  -57.562  -57.562  -57.558  -57.558  -57.557  -57.557   -8.620   -8.620    3.844    3.844
    4.379    4.379    4.720    4.720    6.691    6.691    6.774    6.774    7.084    7.084
    7.132    7.132    7.417    7.417    7.549    7.549    7.568    7.568    8.047    8.047
    8.845    8.845    9.936    9.936   13.374   13.374   15.376   15.376   18.705   18.705
   18.792   18.792   21.892   21.892   24.480   24.480   25.111   25.111   27.005   27.005
            0.200000  0.500000  0.000000
 -100.165 -100.165 -100.164 -100.164  -57.681  -57.681  -57.673  -57.673  -57.564  -57.564
  -57.563  -57.563  -57.558  -57.558  -57.557  -57.557   -8.618   -8.618    3.788    3.788
    4.394    4.394    4.768    4.768    6.712    6.712    6.780    6.780    7.061    7.061
    7.110    7.110    7.398    7.398    7.540    7.540    7.580    7.580    8.113    8.113
    8.833    8.833    9.907    9.907   13.379   13.379   15.303   15.303   18.659   18.659
   18.786   18.786   22.276   22.276   24.339   24.339   24.768   24.768   27.134   27.134
            0.233333  0.500000  0.000000
 -100.165 -100.165 -100.164 -100.164  -57.681  -57.681  -57.673  -57.673  -57.564  -57.564
  -57.563  -57.563  -57.558  -57.558  -57.557  -57.557   -8.617   -8.617    3.736    3.736
    4.408    4.408    4.815    4.815    6.731    6.731    6.789    6.789    7.041    7.041
    7.092    7.092    7.374    7.374    7.529    7.529    7.596    7.596    8.176    8.176
    8.823    8.823    9.878    9.878   13.373   13.373   15.233   15.233   18.589   18.589
   18.835   18.835   22.670   22.670   24.213   24.213   24.425   24.425   27.269   27.269
            0.266667  0.500000  0.000000
 -100.165 -100.165 -100.165 -100.165  -57.681  -57.681  -57.673  -57.673  -57.564  -57.564
  -57.563  -57.563  -57.558  -57.558  -57.557  -57.557   -8.615   -8.615    3.689    3.689
    4.420    4.420    4.858    4.858    6.746    6.746    6.802    6.802    7.027    7.027
    7.079    7.079    7.347    7.347    7.517    7.517    7.610    7.610    8.233    8.233
    8.815    8.815    9.850    9.850   13.354   13.354   15.173   15.173   18.516   18.516
   18.922   18.922   23.050   23.050   24.085   24.085   24.118   24.118   27.414   27.414
            0.300000  0.500000  0.000000
 -100.165 -100.165 -100.165 -100.165  -57.681  -57.681  -57.673  -57.673  -57.564  -57.564
  -57.563  -57.563  -57.559  -57.559  -57.557  -57.557   -8.614   -8.614    3.647    3.647
    4.430    4.430    4.897    4.897    6.756    6.756    6.816    6.816    7.020    7.020
    7.072    7.072    7.319    7.319    7.506    7.506    7.621    7.621    8.283    8.283
    8.812    8.812    9.824    9.824   13.323   13.323   15.125   15.125   18.444   18.444
   19.038   19.038   23.326   23.326   23.870   23.870   24.022   24.022   27.571   27.571
            0.333333  0.500000  0.000000
 -100.165 -100.165 -100.165 -100.165  -57.681  -57.681  -57.673  -57.673  -57.564  -57.564
  -57.562  -57.562  -57.559  -57.559  -57.557  -57.557   -8.612   -8.612    3.610    3.610
    4.439    4.439    4.931    4.931    6.763    6.763    6.827    6.827    7.023    7.023
    7.071    7.071    7.290    7.290    7.494    7.494    7.627    7.627    8.324    8.324
    8.813    8.813    9.800    9.800   13.284   13.284   15.089   15.089   18.379   18.379
   19.176   19.176   23.237   23.237   23.903   23.903   24.056   24.056   27.740   27.740
            0.366667  0.500000  0.000000
 -100.165 -100.165 -100.165 -100.165  -57.681  -57.681  -57.673  -57.673  -57.564  -57.564
  -57.562  -57.562  -57.559  -57.559  -57.557  -57.557   -8.611   -8.611    3.580    3.580
    4.447    4.447    4.959    4.959    6.769    6.769    6.832    6.832    7.034    7.034
    7.074    7.074    7.262    7.262    7.482    7.482    7.631    7.631    8.355    8.355
    8.819    8.819    9.780    9.780   13.240   13.240   15.065   15.065   18.323   18.323
   19.327   19.327   22.973   22.973   23.860   23.860   24.348   24.348   27.917   27.917
            0.400000  0.500000  0.000000
 -100.165 -100.165 -100.165 -100.165  -57.681  -57.681  -57.673  -57.673  -57.564  -57.564
  -57.562  -57.562  -57.559  -57.559  -57.556  -57.556   -8.610   -8.610    3.557    3.557
    4.453    4.453    4.980    4.980    6.774    6.774    6.831    6.831    7.051    7.051
    7.083    7.083    7.235    7.235    7.471    7.471    7.632    7.632    8.377    8.377
    8.827    8.827    9.765    9.765   13.199   13.199   15.050   15.050   18.276   18.276
   19.478   19.478   22.713   22.713   23.816   23.816   24.641   24.641   28.092   28.092
            0.433333  0.500000  0.000000
 -100.165 -100.165 -100.165 -100.165  -57.681  -57.681  -57.673  -57.673  -57.565  -57.565
  -57.562  -57.562  -57.559  -57.559  -57.556  -57.556   -8.609   -8.609    3.540    3.540
    4.457    4.457    4.996    4.996    6.778    6.778    6.828    6.828    7.065    7.065
    7.097    7.097    7.210    7.210    7.461    7.461    7.631    7.631    8.392    8.392
    8.835    8.835    9.753    9.753   13.165   13.165   15.040   15.040   18.242   18.242
   19.612   19.612   22.496   22.496   23.783   23.783   24.879   24.879   28.239   28.239
            0.466667  0.500000  0.000000
 -100.165 -100.165 -100.165 -100.165  -57.681  -57.681  -57.673  -57.673  -57.565  -57.565
  -57.562  -57.562  -57.559  -57.559  -57.556  -57.556   -8.609   -8.609    3.529    3.529
    4.460    4.460    5.005    5.005    6.782    6.782    6.824    6.824    7.073    7.073
    7.114    7.114    7.190    7.190    7.455    7.455    7.631    7.631    8.400    8.400
    8.841    8.841    9.746    9.746   13.143   13.143   15.036   15.036   18.221   18.221
   19.707   19.707   22.351   22.351   23.764   23.764   25.033   25.033   28.329   28.329
            0.500000  0.500000  0.000000
 -100.165 -100.165 -100.165 -100.165  -57.681  -57.681  -57.673  -57.673  -57.565  -57.565
  -57.562  -57.562  -57.559  -57.559  -57.556  -57.556   -8.608   -8.608    3.526    3.526
    4.461    4.461    5.008    5.008    6.784    6.784    6.822    6.822    7.076    7.076
    7.123    7.123    7.180    7.180    7.452    7.452    7.630    7.630    8.402    8.402
    8.843    8.843    9.744    9.744   13.135   13.135   15.034   15.034   18.214   18.214
   19.742   19.742   22.300   22.300   23.757   23.757   25.087   25.087   28.356   28.356
            0.466667  0.466667  0.000000
 -100.165 -100.165 -100.165 -100.165  -57.681  -57.681  -57.673  -57.673  -57.565  -57.565
  -57.562  -57.562  -57.559  -57.559  -57.556  -57.556   -8.614   -8.604    3.523    3.542
    4.447    4.471    4.988    5.015    6.773    6.788    6.818    6.832    7.069    7.072
    7.094    7.124    7.183    7.207    7.456    7.458    7.628    7.633    8.384    8.411
    8.833    8.845    9.740    9.757   13.138   13.162   15.024   15.051   18.228   18.229
   19.604   19.748   22.337   22.462   23.757   23.784   24.876   25.095   28.111   28.565
            0.433333  0.433333  0.000000
 -100.165 -100.165 -100.165 -100.165  -57.682  -57.681  -57.673  -57.673  -57.565  -57.564
  -57.562  -57.562  -57.559  -57.559  -57.557  -57.556   -8.629   -8.590    3.515    3.590
    4.408    4.502    4.931    5.038    6.746    6.801    6.803    6.862    7.046    7.050
    7.065    7.128    7.193    7.251    7.467    7.474    7.621    7.641    8.336    8.438
    8.802    8.846    9.731    9.792   13.138   13.240   14.994   15.107   18.268   18.273
   19.268   19.764   22.447   22.871   23.756   23.863   24.369   25.120   27.693   28.219
            0.400000  0.400000  0.000000
 -100.165 -100.165 -100.165 -100.165  -57.682  -57.680  -57.673  -57.673  -57.565  -57.564
  -57.563  -57.562  -57.559  -57.558  -57.557  -57.556   -8.654   -8.568    3.502    3.666
    4.350    4.547    4.843    5.076    6.709    6.769    6.818    6.909    6.997    7.022
    7.064    7.134    7.207    7.296    7.483    7.499    7.603    7.650    8.274    8.482
    8.750    8.841    9.720    9.844   13.114   13.360   14.942   15.225   18.332   18.347
   18.857   19.793   22.622   23.407   23.741   23.755   23.996   25.157   27.278   27.602
            0.366667  0.366667  0.000000
 -100.165 -100.165 -100.165 -100.165  -57.682  -57.680  -57.673  -57.673  -57.565  -57.564
  -57.564  -57.561  -57.559  -57.558  -57.557  -57.556   -8.688   -8.537    3.484    3.757
    4.290    4.577    4.761    5.129    6.664    6.715    6.834    6.930    6.988    6.989
    7.079    7.143    7.224    7.341    7.502    7.529    7.569    7.658    8.212    8.547
    8.680    8.822    9.713    9.905   13.044   13.504   14.864   15.424   18.418   18.446
   18.449   19.833   22.848   23.086   23.756   24.000   24.182   25.199   26.897   26.993
            0.333333  0.333333  0.000000
 -100.165 -100.165 -100.165 -100.164  -57.683  -57.679  -57.673  -57.673  -57.565  -57.564
  -57.563  -57.561  -57.559  -57.558  -57.558  -57.556   -8.728   -8.501    3.463    3.832
    4.263    4.494    4.789    5.195    6.614    6.643    6.846    6.884    6.951    7.064
    7.117    7.150    7.245    7.388    7.523    7.523    7.562    7.664    8.159    8.594
    8.632    8.780    9.718    9.972   12.920   13.647   14.758   15.713   18.082   18.521
   18.580   19.886   22.448   23.112   23.760   24.421   24.611   25.235   26.403   26.561
            0.300000  0.300000  0.000000
 -100.165 -100.165 -100.165 -100.164  -57.684  -57.678  -57.673  -57.673  -57.565  -57.565
  -57.563  -57.560  -57.559  -57.558  -57.557  -57.556   -8.772   -8.458    3.439    3.836
    4.327    4.339    4.893    5.275    6.542    6.576    6.834    6.855    6.910    7.151
    7.154    7.175    7.267    7.434    7.470    7.544    7.597    7.667    8.114    8.492
    8.709    8.742    9.740   10.041   12.749   13.759   14.620   16.086   17.805   18.635
   18.739   19.952   21.852   23.392   23.768   24.713   25.199   25.252   25.853   26.280
            0.266667  0.266667  0.000000
 -100.165 -100.165 -100.165 -100.164  -57.684  -57.678  -57.673  -57.673  -57.566  -57.565
  -57.562  -57.560  -57.559  -57.558  -57.557  -57.556   -8.819   -8.412    3.413    3.773
    4.166    4.482    5.026    5.368    6.442    6.525    6.785    6.862    6.869    7.140
    7.247    7.249    7.291    7.424    7.481    7.565    7.632    7.669    8.070    8.379
    8.608    8.877    9.783   10.111   12.544   13.802   14.447   16.533   17.649   18.754
   18.924   20.030   21.314   23.665   23.779   25.054   25.222   25.234   25.864   26.062
            0.233333  0.233333  0.000000
 -100.165 -100.165 -100.165 -100.164  -57.685  -57.677  -57.673  -57.673  -57.566  -57.566
  -57.562  -57.559  -57.559  -57.559  -57.557  -57.556   -8.867   -8.364    3.387    3.683
    3.990    4.686    5.180    5.471    6.337    6.478    6.740    6.825    6.868    7.113
    7.314    7.333    7.337    7.392    7.528    7.587    7.666    7.671    8.021    8.258
    8.481    9.041    9.845   10.179   12.321   13.755   14.235   17.041   17.638   18.872
   19.132   20.120   20.844   23.786   23.903   24.724   25.166   25.439   25.919   26.378
            0.200000  0.200000  0.000000
 -100.165 -100.165 -100.165 -100.164  -57.686  -57.676  -57.673  -57.673  -57.566  -57.566
  -57.561  -57.559  -57.559  -57.558  -57.557  -57.556   -8.912   -8.317    3.362    3.589
    3.822    4.916    5.350    5.585    6.235    6.436    6.700    6.780    6.871    7.070
    7.335    7.376    7.414    7.419    7.572    7.614    7.675    7.697    7.962    8.135
    8.333    9.234    9.924   10.242   12.095   13.616   13.987   17.599   17.765   18.984
   19.353   20.219   20.452   23.753   24.076   24.276   25.043   25.805   25.903   26.698
            0.166667  0.166667  0.000000
 -100.165 -100.165 -100.165 -100.164  -57.687  -57.675  -57.673  -57.673  -57.567  -57.567
  -57.561  -57.559  -57.559  -57.558  -57.556  -57.556   -8.955   -8.272    3.338    3.501
    3.667    5.158    5.535    5.706    6.144    6.398    6.664    6.732    6.868    7.015
    7.353    7.370    7.473    7.498    7.601    7.658    7.684    7.724    7.891    8.015
    8.172    9.455   10.019   10.300   11.880   13.410   13.708   18.003   18.194   19.088
   19.562   20.164   20.324   23.518   24.056   24.173   24.875   25.796   26.053   26.322
            0.133333  0.133333  0.000000
 -100.165 -100.165 -100.165 -100.165  -57.687  -57.675  -57.673  -57.673  -57.567  -57.567
  -57.560  -57.560  -57.559  -57.557  -57.556  -57.556   -8.992   -8.231    3.317    3.423
    3.533    5.398    5.729    5.833    6.075    6.366    6.634    6.679    6.854    6.951
    7.366    7.369    7.514    7.560    7.619    7.705    7.710    7.741    7.809    7.909
    8.008    9.698   10.125   10.349   11.686   13.171   13.406   18.313   18.804   19.186
   19.637   20.089   20.428   23.104   24.043   24.207   24.682   25.463   25.682   26.765
            0.100000  0.100000  0.000000
 -100.165 -100.165 -100.165 -100.165  -57.688  -57.674  -57.673  -57.673  -57.567  -57.567
  -57.560  -57.560  -57.559  -57.557  -57.556  -57.556   -9.022   -8.197    3.299    3.360
    3.423    5.608    5.928    5.961    6.049    6.342    6.610    6.619    6.820    6.876
    7.368    7.372    7.542    7.593    7.633    7.723    7.736    7.741    7.758    7.839
    7.856    9.950   10.236   10.389   11.525   12.932   13.101   18.653   19.206   19.477
   19.532   20.255   20.525   22.680   24.076   24.204   24.495   24.947   25.348   27.107
            0.066667  0.066667  0.000000
 -100.165 -100.165 -100.165 -100.165  -57.688  -57.674  -57.673  -57.673  -57.568  -57.568
  -57.560  -57.560  -57.560  -57.556  -57.556  -57.556   -9.045   -8.171    3.286    3.314
    3.342    5.732    6.087    6.110    6.127    6.330    6.551    6.593    6.759    6.783
    7.367    7.370    7.559    7.601    7.643    7.645    7.697    7.727    7.788    7.794
    7.822   10.188   10.338   10.418   11.404   12.725   12.821   18.978   19.277   19.419
   20.040   20.462   20.606   22.303   24.115   24.189   24.339   24.531   24.840   27.170
            0.033333  0.033333  0.000000
 -100.165 -100.165 -100.165 -100.165  -57.688  -57.673  -57.673  -57.673  -57.568  -57.568
  -57.560  -57.560  -57.560  -57.556  -57.556  -57.556   -9.059   -8.155    3.278    3.285
    3.292    5.765    6.199    6.226    6.312    6.354    6.476    6.582    6.664    6.669
    7.363    7.364    7.569    7.587    7.591    7.650    7.664    7.665    7.815    7.817
    7.824   10.371   10.414   10.436   11.329   12.582   12.611   19.226   19.312   19.347
   20.495   20.619   20.660   22.028   24.144   24.174   24.235   24.253   24.378   27.191
            0.000000  0.000000  0.000000
 -100.165 -100.165 -100.165 -100.165  -57.688  -57.673  -57.673  -57.673  -57.568  -57.568
  -57.560  -57.560  -57.560  -57.556  -57.556  -57.556   -9.064   -8.150    3.276    3.276
    3.276    5.769    6.260    6.260    6.429    6.429    6.429    6.578    6.578    6.578
    7.361    7.361    7.572    7.572    7.572    7.652    7.652    7.652    7.825    7.825
    7.825   10.442   10.442   10.442   11.304   12.531   12.531   19.323   19.323   19.323
   20.678   20.678   20.678   21.923   24.154   24.154   24.154   24.199   24.199   27.204
            0.000000  0.033333  0.000000
 -100.165 -100.165 -100.165 -100.165  -57.688  -57.673  -57.673  -57.673  -57.568  -57.568
  -57.560  -57.560  -57.560  -57.556  -57.556  -57.556   -9.061   -8.152    3.280    3.280
    3.281    5.768    6.218    6.262    6.360    6.360    6.467    6.580    6.632    6.632
    7.362    7.363    7.570    7.580    7.580    7.650    7.659    7.659    7.817    7.824
    7.824   10.394   10.439   10.439   11.317   12.549   12.579   19.291   19.317   19.317
   20.604   20.648   20.648   21.977   24.160   24.193   24.193   24.193   24.288   27.179
            0.000000  0.066667  0.000000
 -100.165 -100.165 -100.165 -100.165  -57.688  -57.673  -57.673  -57.673  -57.568  -57.568
  -57.560  -57.560  -57.560  -57.556  -57.556  -57.556   -9.054   -8.161    3.295    3.295
    3.295    5.760    6.143    6.237    6.237    6.268    6.537    6.583    6.711    6.711
    7.365    7.369    7.564    7.596    7.596    7.643    7.686    7.686    7.793    7.823
    7.823   10.264   10.430   10.430   11.355   12.604   12.711   19.205   19.301   19.301
   20.399   20.563   20.563   22.129   24.174   24.177   24.303   24.303   24.534   27.108
            0.000000  0.100000  0.000000
 -100.165 -100.165 -100.165 -100.165  -57.688  -57.674  -57.673  -57.673  -57.568  -57.568
  -57.560  -57.560  -57.560  -57.556  -57.556  -57.556   -9.043   -8.174    3.319    3.319
    3.320    5.732    6.079    6.099    6.099    6.279    6.588    6.605    6.781    6.781
    7.369    7.378    7.554    7.603    7.603    7.630    7.741    7.741    7.758    7.827
    7.827   10.078   10.415   10.415   11.417   12.694   12.896   19.087   19.275   19.275
   20.104   20.435   20.435   22.357   24.138   24.207   24.468   24.468   24.899   26.998
            0.000000  0.133333  0.000000
 -100.165 -100.165 -100.165 -100.165  -57.688  -57.674  -57.673  -57.673  -57.568  -57.567
  -57.560  -57.560  -57.560  -57.556  -57.556  -57.556   -9.026   -8.193    3.352    3.352
    3.354    5.670    5.954    5.954    6.051    6.293    6.596    6.668    6.839    6.839
    7.375    7.390    7.541    7.603    7.603    7.605    7.720    7.781    7.781    7.872
    7.872    9.861   10.394   10.394   11.502   12.817   13.106   18.963   19.239   19.239
   19.755   20.280   20.280   22.638   24.077   24.251   24.670   24.670   25.345   26.861
            0.000000  0.166667  0.000000
 -100.165 -100.165 -100.165 -100.165  -57.687  -57.674  -57.673  -57.673  -57.567  -57.567
  -57.560  -57.559  -57.559  -57.557  -57.556  -57.556   -9.006   -8.216    3.394    3.394
    3.397    5.573    5.804    5.804    6.060    6.312    6.604    6.722    6.888    6.888
    7.382    7.405    7.525    7.559    7.598    7.598    7.688    7.782    7.782    7.971
    7.971    9.628   10.368   10.368   11.608   12.969   13.318   18.854   19.197   19.197
   19.377   20.112   20.112   22.953   23.981   24.313   24.889   24.889   25.849   26.712
            0.000000  0.200000  0.000000
 -100.165 -100.165 -100.165 -100.165  -57.687  -57.675  -57.673  -57.673  -57.567  -57.567
  -57.560  -57.559  -57.559  -57.557  -57.556  -57.556   -8.981   -8.244    3.445    3.445
    3.450    5.455    5.653    5.653    6.095    6.336    6.614    6.770    6.931    6.931
    7.391    7.421    7.494    7.506    7.589    7.589    7.665    7.774    7.774    8.088
    8.088    9.391   10.336   10.336   11.734   13.148   13.512   18.779   18.985   19.148
   19.148   19.941   19.941   23.282   23.841   24.397   25.110   25.110   26.394   26.567
            0.000000  0.233333  0.000000
 -100.165 -100.165 -100.164 -100.164  -57.687  -57.675  -57.673  -57.673  -57.567  -57.566
  -57.561  -57.559  -57.559  -57.557  -57.556  -57.556   -8.953   -8.276    3.505    3.505
    3.511    5.325    5.502    5.502    6.147    6.364    6.625    6.812    6.970    6.970
    7.401    7.417    7.438    7.484    7.576    7.576    7.648    7.765    7.765    8.211
    8.211    9.155   10.300   10.300   11.878   13.351   13.674   18.587   18.753   19.097
   19.097   19.776   19.776   23.605   23.647   24.517   25.325   25.325   26.434   26.973
            0.000000  0.266667  0.000000
 -100.165 -100.165 -100.164 -100.164  -57.686  -57.676  -57.673  -57.673  -57.567  -57.566
  -57.561  -57.559  -57.559  -57.558  -57.556  -57.556   -8.921   -8.312    3.572    3.572
    3.581    5.190    5.352    5.352    6.211    6.396    6.636    6.850    7.008    7.008
    7.333    7.413    7.455    7.460    7.560    7.560    7.632    7.756    7.756    8.335
    8.335    8.925   10.259   10.259   12.036   13.576   13.791   18.189   18.788   19.045
   19.045   19.622   19.622   23.396   23.895   24.689   25.526   25.526   26.311   26.808
            0.000000  0.300000  0.000000
 -100.165 -100.165 -100.164 -100.164  -57.685  -57.676  -57.673  -57.673  -57.566  -57.565
  -57.562  -57.559  -57.559  -57.558  -57.557  -57.557   -8.885   -8.350    3.647    3.647
    3.658    5.053    5.206    5.206    6.282    6.434    6.647    6.886    7.044    7.044
    7.246    7.426    7.433    7.474    7.540    7.540    7.617    7.748    7.748    8.455
    8.455    8.704   10.216   10.216   12.206   13.820   13.856   17.796   18.891   18.993
   18.993   19.483   19.483   23.091   24.132   24.926   25.713   25.713   26.177   26.671
            0.000000  0.333333  0.000000
 -100.165 -100.165 -100.164 -100.164  -57.685  -57.677  -57.673  -57.673  -57.566  -57.565
  -57.562  -57.559  -57.559  -57.559  -57.557  -57.557   -8.846   -8.392    3.728    3.728
    3.743    4.916    5.063    5.063    6.357    6.476    6.656    6.922    7.080    7.080
    7.158    7.404    7.439    7.495    7.516    7.516    7.601    7.741    7.741    8.494
    8.568    8.568   10.170   10.170   12.385   13.867   14.081   17.408   18.945   18.945
   19.063   19.362   19.362   22.741   24.318   25.216   25.886   25.886   26.016   26.597
            0.000000  0.366667  0.000000
 -100.165 -100.165 -100.164 -100.164  -57.684  -57.678  -57.673  -57.673  -57.566  -57.564
  -57.562  -57.560  -57.559  -57.559  -57.557  -57.557   -8.805   -8.436    3.813    3.813
    3.836    4.780    4.927    4.927    6.431    6.523    6.663    6.963    7.072    7.115
    7.115    7.372    7.454    7.491    7.491    7.519    7.586    7.736    7.736    8.299
    8.670    8.670   10.126   10.126   12.571   13.827   14.358   17.028   18.903   18.903
   19.262   19.262   19.300   22.358   24.477   25.524   25.833   26.046   26.046   26.571
            0.000000  0.400000  0.000000
 -100.165 -100.165 -100.164 -100.164  -57.683  -57.679  -57.673  -57.673  -57.565  -57.564
  -57.563  -57.560  -57.559  -57.559  -57.557  -57.557   -8.762   -8.481    3.900    3.900
    3.935    4.647    4.800    4.800    6.500    6.575    6.666    6.989    7.010    7.147
    7.147    7.336    7.465    7.465    7.470    7.551    7.569    7.732    7.732    8.122
    8.757    8.757   10.084   10.084   12.761   13.743   14.649   16.656   18.868   18.868
   19.182   19.182   19.592   21.952   24.627   25.643   25.821   26.194   26.194   26.565
            0.000000  0.433333  0.000000
 -100.165 -100.165 -100.164 -100.164  -57.683  -57.679  -57.673  -57.673  -57.565  -57.563
  -57.563  -57.561  -57.559  -57.559  -57.557  -57.557   -8.717   -8.528    3.983    3.983
    4.040    4.517    4.689    4.689    6.559    6.632    6.663    6.908    7.064    7.176
    7.176    7.294    7.440    7.440    7.486    7.553    7.592    7.730    7.730    7.965
    8.824    8.824   10.050   10.050   12.950   13.624   14.954   16.294   18.842   18.842
   19.125   19.125   19.930   21.534   24.777   25.454   26.081   26.329   26.329   26.555
            0.000000  0.466667  0.000000
 -100.165 -100.165 -100.164 -100.164  -57.682  -57.680  -57.673  -57.673  -57.565  -57.564
  -57.563  -57.561  -57.559  -57.559  -57.557  -57.557   -8.670   -8.576    4.050    4.050
    4.152    4.390    4.605    4.605    6.604    6.654    6.694    6.832    7.125    7.196
    7.196    7.244    7.422    7.422    7.502    7.536    7.649    7.728    7.728    7.833
    8.867    8.867   10.027   10.027   13.136   13.479   15.272   15.942   18.826   18.826
   19.091   19.091   20.303   21.114   24.933   25.271   26.288   26.440   26.440   26.517
            0.000000  0.500000  0.000000
 -100.165 -100.165 -100.164 -100.164  -57.681  -57.681  -57.673  -57.673  -57.564  -57.564
  -57.562  -57.562  -57.559  -57.559  -57.557  -57.557   -8.623   -8.623    4.077    4.077
    4.269    4.269    4.572    4.572    6.635    6.635    6.761    6.761    7.187    7.187
    7.204    7.204    7.415    7.415    7.519    7.519    7.728    7.728    7.728    7.728
    8.882    8.882   10.019   10.019   13.314   13.314   15.601   15.601   18.820   18.820
   19.079   19.079   20.700   20.700   25.098   25.098   26.433   26.433   26.490   26.490
            0.033333  0.500000  0.033333
 -100.165 -100.165 -100.164 -100.164  -57.681  -57.681  -57.673  -57.673  -57.564  -57.564
  -57.562  -57.562  -57.559  -57.559  -57.557  -57.557   -8.627   -8.619    4.022    4.070
    4.249    4.329    4.578    4.592    6.633    6.647    6.759    6.765    7.162    7.174
    7.202    7.206    7.413    7.428    7.520    7.521    7.631    7.724    7.744    7.840
    8.871    8.887   10.011   10.012   13.318   13.326   15.559   15.603   18.728   18.880
   18.917   19.157   20.788   20.858   24.994   25.015   26.164   26.345   26.482   26.648
            0.066667  0.500000  0.066667
 -100.165 -100.165 -100.164 -100.164  -57.681  -57.681  -57.673  -57.673  -57.564  -57.564
  -57.562  -57.562  -57.559  -57.559  -57.557  -57.557   -8.637   -8.607    3.928    4.048
    4.200    4.438    4.597    4.642    6.626    6.682    6.753    6.776    7.104    7.139
    7.196    7.216    7.405    7.432    7.523    7.526    7.574    7.712    7.786    7.963
    8.836    8.900    9.987    9.990   13.329   13.363   15.441   15.609   18.495   18.544
   19.057   19.378   21.008   21.214   24.672   24.778   25.936   26.322   26.457   26.871
            0.100000  0.500000  0.100000
 -100.165 -100.165 -100.164 -100.164  -57.682  -57.680  -57.673  -57.673  -57.565  -57.563
  -57.563  -57.562  -57.559  -57.558  -57.557  -57.557   -8.653   -8.588    3.837    4.014
    4.139    4.553    4.628    4.705    6.613    6.741    6.742    6.795    7.033    7.095
    7.186    7.233    7.378    7.392    7.526    7.535    7.586    7.695    7.840    8.095
    8.779    8.919    9.953    9.955   13.346   13.426   15.272   15.622   18.094   18.191
   19.342   19.717   21.295   21.629   24.202   24.430   25.850   26.368   26.417   26.928
            0.133333  0.500000  0.133333
 -100.165 -100.165 -100.164 -100.164  -57.682  -57.680  -57.673  -57.673  -57.565  -57.563
  -57.563  -57.562  -57.558  -57.558  -57.557  -57.557   -8.675   -8.562    3.756    3.968
    4.071    4.664    4.671    4.775    6.595    6.726    6.819    6.820    6.958    7.056
    7.173    7.256    7.302    7.374    7.529    7.548    7.623    7.676    7.894    8.238
    8.702    8.945    9.906    9.912   13.369   13.516   15.078   15.646   17.622   17.865
   19.723   20.150   21.597   22.021   23.706   24.027   25.836   26.362   26.449   27.006
            0.166667  0.500000  0.166667
 -100.165 -100.165 -100.165 -100.164  -57.683  -57.679  -57.673  -57.673  -57.565  -57.564
  -57.563  -57.562  -57.558  -57.558  -57.557  -57.557   -8.701   -8.530    3.687    3.914
    4.000    4.726    4.769    4.846    6.573    6.702    6.848    6.879    6.918    7.028
    7.156    7.228    7.284    7.348    7.532    7.564    7.659    7.661    7.941    8.389
    8.607    8.978    9.845    9.870   13.395   13.635   14.876   15.681   17.153   17.545
   20.187   20.655   21.857   22.250   23.352   23.645   25.856   26.294   26.542   27.101
            0.200000  0.500000  0.200000
 -100.165 -100.165 -100.165 -100.165  -57.684  -57.678  -57.673  -57.673  -57.565  -57.564
  -57.563  -57.562  -57.558  -57.558  -57.557  -57.557   -8.730   -8.493    3.631    3.853
    3.928    4.794    4.867    4.919    6.548    6.672    6.808    6.880    7.012    7.020
    7.137    7.161    7.314    7.316    7.533    7.584    7.646    7.692    7.971    8.495
    8.549    9.020    9.774    9.831   13.423   13.780   14.679   15.727   16.699   17.249
   20.723   21.219   21.954   22.058   23.409   23.423   25.895   26.214   26.641   27.206
            0.233333  0.500000  0.233333
 -100.165 -100.165 -100.165 -100.165  -57.685  -57.678  -57.673  -57.673  -57.566  -57.565
  -57.564  -57.561  -57.557  -57.557  -57.557  -57.557   -8.762   -8.454    3.586    3.790
    3.855    4.873    4.960    4.995    6.523    6.636    6.737    6.910    7.007    7.087
    7.115    7.144    7.274    7.352    7.534    7.606    7.640    7.715    7.980    8.373
    8.717    9.076    9.695    9.799   13.454   13.946   14.493   15.783   16.275   16.986
   21.320   21.596   21.758   21.833   23.508   23.729   25.952   26.127   26.745   27.311
            0.266667  0.500000  0.266667
 -100.166 -100.166 -100.165 -100.165  -57.686  -57.677  -57.673  -57.673  -57.566  -57.565
  -57.564  -57.560  -57.557  -57.557  -57.557  -57.557   -8.794   -8.413    3.552    3.727
    3.782    4.963    5.049    5.073    6.500    6.594    6.668    6.937    7.009    7.041
    7.094    7.229    7.244    7.389    7.535    7.631    7.639    7.730    7.964    8.243
    8.890    9.150    9.612    9.773   13.487   14.117   14.324   15.846   15.899   16.763
   21.076   21.363   21.967   22.487   23.820   24.100   26.031   26.035   26.855   27.395
            0.300000  0.500000  0.300000
 -100.166 -100.166 -100.166 -100.165  -57.686  -57.676  -57.673  -57.673  -57.566  -57.566
  -57.565  -57.559  -57.557  -57.557  -57.557  -57.557   -8.826   -8.372    3.526    3.666
    3.711    5.061    5.138    5.154    6.478    6.550    6.604    6.954    6.995    7.017
    7.074    7.185    7.341    7.426    7.536    7.641    7.656    7.738    7.925    8.111
    9.060    9.241    9.530    9.755   13.523   14.173   14.256   15.611   15.912   16.581
   20.553   20.905   22.651   23.175   24.233   24.458   25.945   26.143   26.973   27.429
            0.333333  0.500000  0.333333
 -100.166 -100.166 -100.166 -100.166  -57.687  -57.675  -57.673  -57.673  -57.566  -57.566
  -57.565  -57.558  -57.557  -57.557  -57.557  -57.556   -8.855   -8.333    3.506    3.610
    3.645    5.165    5.227    5.238    6.458    6.505    6.545    6.953    6.957    7.025
    7.059    7.144    7.421    7.461    7.536    7.646    7.681    7.740    7.869    7.987
    9.216    9.345    9.461    9.742   13.565   14.044   14.298   15.476   15.978   16.439
   20.048   20.449   23.359   23.887   24.691   24.771   25.865   26.309   27.100   27.402
            0.366667  0.500000  0.366667
 -100.166 -100.166 -100.166 -100.166  -57.688  -57.674  -57.673  -57.673  -57.567  -57.566
  -57.566  -57.558  -57.557  -57.557  -57.556  -57.556   -8.881   -8.299    3.492    3.561
    3.586    5.271    5.315    5.323    6.437    6.464    6.492    6.916    6.940    7.033
    7.052    7.108    7.481    7.493    7.537    7.651    7.703    7.741    7.805    7.877
    9.303    9.454    9.455    9.735   13.611   13.936   14.205   15.533   16.039   16.331
   19.573   20.029   24.064   24.611   25.014   25.164   25.807   26.547   27.235   27.339
            0.400000  0.500000  0.400000
 -100.167 -100.167 -100.167 -100.166  -57.688  -57.674  -57.673  -57.673  -57.567  -57.567
  -57.566  -57.557  -57.557  -57.556  -57.556  -57.556   -8.902   -8.270    3.481    3.522
    3.536    5.371    5.398    5.403    6.417    6.428    6.447    6.882    6.909    7.038
    7.048    7.079    7.518    7.518    7.538    7.655    7.717    7.744    7.746    7.794
    9.278    9.551    9.559    9.730   13.658   13.852   14.043   15.711   16.091   16.255
   19.141   19.669   24.713   25.179   25.315   25.625   25.808   26.855   27.290   27.370
            0.433333  0.500000  0.433333
 -100.167 -100.167 -100.167 -100.166  -57.689  -57.674  -57.673  -57.673  -57.567  -57.567
  -57.567  -57.557  -57.556  -57.556  -57.556  -57.556   -8.918   -8.248    3.474    3.492
    3.499    5.457    5.470    5.473    6.398    6.401    6.411    6.854    6.872    7.040
    7.044    7.057    7.534    7.534    7.539    7.659    7.697    7.702    7.754    7.761
    9.241    9.645    9.647    9.728   13.700   13.791   13.887   15.923   16.131   16.204
   18.776   19.392   25.161   25.278   25.932   25.966   26.035   27.197   27.317   27.494
            0.466667  0.500000  0.466667
 -100.167 -100.167 -100.167 -100.166  -57.689  -57.673  -57.673  -57.673  -57.567  -57.567
  -57.567  -57.556  -57.556  -57.556  -57.556  -57.556   -8.928   -8.234    3.469    3.474
    3.476    5.517    5.520    5.521    6.383    6.383    6.386    6.835    6.841    7.040
    7.041    7.044    7.538    7.539    7.539    7.662    7.670    7.673    7.762    7.763
    9.216    9.706    9.706    9.727   13.731   13.754   13.780   16.096   16.157   16.175
   18.518   19.216   25.317   25.329   26.283   26.328   26.333   27.481   27.493   27.585
            0.500000  0.500000  0.500000
 -100.167 -100.167 -100.167 -100.166  -57.689  -57.673  -57.673  -57.673  -57.567  -57.567
  -57.567  -57.556  -57.556  -57.556  -57.556  -57.556   -8.931   -8.230    3.468    3.468
    3.468    5.538    5.538    5.538    6.378    6.378    6.378    6.829    6.829    7.040
    7.040    7.040    7.539    7.539    7.539    7.663    7.663    7.663    7.765    7.765
    9.207    9.727    9.727    9.727   13.742   13.742   13.742   16.165   16.165   16.165
   18.421   19.156   25.345   25.345   26.445   26.445   26.445   27.620   27.620   27.620
            0.466667  0.466667  0.466667
 -100.167 -100.167 -100.167 -100.166  -57.689  -57.673  -57.673  -57.673  -57.567  -57.567
  -57.567  -57.556  -57.556  -57.556  -57.556  -57.556   -8.926   -8.236    3.474    3.474
    3.477    5.508    5.508    5.513    6.387    6.388    6.388    6.843    6.843    7.041
    7.041    7.047    7.538    7.538    7.539    7.663    7.675    7.675    7.761    7.761
    9.220    9.685    9.717    9.717   13.738   13.773   13.773   16.073   16.162   16.162
   18.564   19.246   25.308   25.308   26.257   26.257   26.263   27.415   27.415   27.587
            0.433333  0.433333  0.433333
 -100.167 -100.167 -100.167 -100.166  -57.688  -57.674  -57.673  -57.673  -57.567  -57.567
  -57.566  -57.557  -57.557  -57.556  -57.556  -57.556   -8.912   -8.257    3.494    3.494
    3.507    5.431    5.431    5.443    6.409    6.416    6.416    6.877    6.877    7.042
    7.042    7.068    7.531    7.531    7.538    7.665    7.706    7.706    7.762    7.762
    9.255    9.571    9.687    9.687   13.725   13.862   13.862   15.857   16.153   16.153
   18.932   19.507   25.073   25.073   25.814   25.916   25.916   27.035   27.035   27.486
            0.400000  0.400000  0.400000
 -100.166 -100.166 -100.166 -100.166  -57.688  -57.674  -57.673  -57.673  -57.567  -57.567
  -57.566  -57.557  -57.557  -57.557  -57.556  -57.556   -8.889   -8.288    3.521    3.521
    3.561    5.331    5.331    5.337    6.431    6.460    6.460    6.917    6.917    7.044
    7.044    7.101    7.511    7.511    7.527    7.667    7.707    7.707    7.821    7.821
    9.271    9.446    9.642    9.642   13.695   13.998   13.998   15.626   16.150   16.150
   19.429   19.918   24.456   24.456   25.244   25.799   25.799   26.644   26.644   27.312
            0.366667  0.366667  0.366667
 -100.166 -100.166 -100.166 -100.166  -57.687  -57.675  -57.673  -57.673  -57.566  -57.566
  -57.565  -57.558  -57.558  -57.557  -57.556  -57.556   -8.861   -8.327    3.551    3.551
    3.641    5.200    5.235    5.235    6.446    6.511    6.511    6.956    6.956    7.046
    7.046    7.147    7.475    7.475    7.497    7.670    7.691    7.691    7.919    7.919
    9.126    9.478    9.585    9.585   13.629   14.157   14.157   15.464   16.168   16.168
   19.990   20.456   23.668   23.668   24.639   25.813   25.813   26.281   26.281   27.060
            0.333333  0.333333  0.333333
 -100.166 -100.166 -100.166 -100.165  -57.686  -57.676  -57.673  -57.673  -57.566  -57.566
  -57.564  -57.558  -57.558  -57.557  -57.556  -57.556   -8.831   -8.367    3.575    3.575
    3.753    5.034    5.163    5.163    6.452    6.560    6.560    6.992    6.992    7.055
    7.055    7.203    7.427    7.427    7.436    7.675    7.677    7.677    8.025    8.025
    8.922    9.525    9.525    9.588   13.496   14.307   14.307   15.431   16.236   16.236
   20.573   21.099   22.869   22.869   24.038   25.762   25.762   26.052   26.052   26.730
            0.300000  0.300000  0.300000
 -100.166 -100.165 -100.165 -100.165  -57.686  -57.677  -57.673  -57.673  -57.566  -57.566
  -57.563  -57.559  -57.559  -57.557  -57.556  -57.556   -8.809   -8.400    3.583    3.583
    3.900    4.840    5.133    5.133    6.450    6.593    6.593    7.036    7.036    7.071
    7.071    7.267    7.339    7.376    7.376    7.667    7.667    7.680    8.120    8.120
    8.732    9.470    9.470    9.718   13.289   14.404   14.404   15.552   16.388   16.388
   21.156   21.822   22.117   22.117   23.462   25.504   25.504   26.073   26.073   26.328
            0.266667  0.266667  0.266667
 -100.165 -100.165 -100.165 -100.165  -57.685  -57.677  -57.673  -57.673  -57.566  -57.566
  -57.562  -57.560  -57.560  -57.558  -57.556  -57.556   -8.805   -8.413    3.571    3.571
    4.082    4.624    5.153    5.153    6.434    6.599    6.599    7.064    7.064    7.119
    7.119    7.219    7.333    7.333    7.337    7.662    7.662    7.686    8.187    8.187
    8.567    9.434    9.434    9.852   13.026   14.412   14.412   15.814   16.653   16.653
   21.440   21.440   21.725   22.593   22.922   25.225   25.225   25.870   26.146   26.146
            0.233333  0.233333  0.233333
 -100.165 -100.165 -100.165 -100.165  -57.685  -57.677  -57.673  -57.673  -57.566  -57.566
  -57.561  -57.560  -57.560  -57.558  -57.556  -57.556   -8.825   -8.399    3.538    3.538
    4.282    4.411    5.224    5.224    6.395    6.581    6.581    7.049    7.049    7.103
    7.211    7.211    7.313    7.313    7.409    7.660    7.660    7.695    8.209    8.209
    8.423    9.435    9.435    9.982   12.732   14.319   14.319   16.188   17.032   17.032
   20.858   20.858   22.267   22.428   23.378   24.974   24.974   25.386   26.209   26.209
            0.200000  0.200000  0.200000
 -100.165 -100.165 -100.165 -100.165  -57.685  -57.677  -57.673  -57.673  -57.566  -57.566
  -57.560  -57.560  -57.560  -57.558  -57.556  -57.556   -8.864   -8.363    3.491    3.491
    4.137    4.572    5.340    5.340    6.325    6.549    6.549    7.007    7.007    7.015
    7.296    7.296    7.340    7.340    7.480    7.661    7.661    7.705    8.176    8.176
    8.289    9.490    9.490   10.100   12.428   14.132   14.132   16.645   17.509   17.509
   20.381   20.381   21.985   22.762   24.055   24.758   24.758   24.993   26.237   26.237
            0.166667  0.166667  0.166667
 -100.165 -100.165 -100.165 -100.165  -57.686  -57.676  -57.673  -57.673  -57.566  -57.566
  -57.560  -57.560  -57.559  -57.559  -57.556  -57.556   -8.912   -8.315    3.438    3.438
    3.909    4.853    5.490    5.490    6.231    6.512    6.512    6.949    6.949    6.962
    7.324    7.324    7.433    7.433    7.542    7.670    7.670    7.720    8.093    8.093
    8.152    9.604    9.604   10.203   12.133   13.868   13.868   17.160   18.063   18.063
   20.011   20.011   21.599   23.179   24.040   24.577   24.577   25.286   26.193   26.193
            0.133333  0.133333  0.133333
 -100.165 -100.165 -100.165 -100.165  -57.687  -57.675  -57.673  -57.673  -57.567  -57.567
  -57.560  -57.560  -57.559  -57.558  -57.556  -57.556   -8.961   -8.265    3.386    3.386
    3.700    5.154    5.663    5.663    6.133    6.476    6.476    6.884    6.884    6.929
    7.344    7.344    7.514    7.514    7.591    7.691    7.691    7.742    7.977    7.977
    8.008    9.770    9.770   10.288   11.862   13.550   13.550   17.708   18.669   18.669
   19.744   19.744   21.275   23.350   23.733   24.431   24.431   26.002   26.002   26.002
            0.100000  0.100000  0.100000
 -100.165 -100.165 -100.165 -100.165  -57.687  -57.674  -57.673  -57.673  -57.567  -57.567
  -57.560  -57.560  -57.559  -57.557  -57.556  -57.556   -9.003   -8.218    3.340    3.340
    3.523    5.453    5.848    5.848    6.062    6.445    6.445    6.812    6.812    6.894
    7.360    7.360    7.561    7.561    7.623    7.729    7.729    7.770    7.852    7.852
    7.857    9.975    9.975   10.355   11.630   13.206   13.206   18.258   19.269   19.269
   19.595   19.595   21.017   22.935   23.880   24.319   24.319   25.571   25.571   26.698
            0.066667  0.066667  0.066667
 -100.165 -100.165 -100.165 -100.165  -57.688  -57.674  -57.673  -57.673  -57.568  -57.568
  -57.560  -57.560  -57.559  -57.556  -57.556  -57.556   -9.036   -8.181    3.305    3.305
    3.388    5.685    6.032    6.032    6.078    6.423    6.423    6.730    6.730    6.830
    7.367    7.367    7.578    7.578    7.641    7.714    7.729    7.729    7.788    7.788
    7.798   10.190   10.190   10.403   11.453   12.879   12.879   18.767   19.394   19.394
   19.974   19.974   20.830   22.457   24.037   24.240   24.240   24.963   24.963   27.141
            0.033333  0.033333  0.033333
 -100.165 -100.165 -100.165 -100.165  -57.688  -57.673  -57.673  -57.673  -57.568  -57.568
  -57.560  -57.560  -57.560  -57.556  -57.556  -57.556   -9.057   -8.158    3.283    3.283
    3.304    5.762    6.190    6.190    6.254    6.417    6.417    6.638    6.638    6.711
    7.364    7.364    7.576    7.576    7.610    7.649    7.669    7.669    7.814    7.814
    7.818   10.369   10.369   10.432   11.342   12.629   12.629   19.164   19.342   19.342
   20.469   20.469   20.717   22.077   24.126   24.191   24.191   24.412   24.412   27.200
            0.000000  0.000000  0.000000
 -100.165 -100.165 -100.165 -100.165  -57.688  -57.673  -57.673  -57.673  -57.568  -57.568
  -57.560  -57.560  -57.560  -57.556  -57.556  -57.556   -9.064   -8.150    3.276    3.276
    3.276    5.769    6.260    6.260    6.429    6.429    6.429    6.578    6.578    6.578
    7.361    7.361    7.572    7.572    7.572    7.652    7.652    7.652    7.825    7.825
    7.825   10.442   10.442   10.442   11.304   12.531   12.531   19.323   19.323   19.323
   20.678   20.678   20.678   21.923   24.154   24.154   24.154   24.199   24.199   27.204
            0.033333  0.033333  0.000000
 -100.165 -100.165 -100.165 -100.165  -57.688  -57.673  -57.673  -57.673  -57.568  -57.568
  -57.560  -57.560  -57.560  -57.556  -57.556  -57.556   -9.059   -8.155    3.278    3.285
    3.292    5.765    6.199    6.226    6.312    6.354    6.476    6.582    6.664    6.669
    7.363    7.364    7.569    7.587    7.591    7.650    7.664    7.665    7.815    7.817
    7.824   10.371   10.414   10.436   11.329   12.582   12.611   19.226   19.312   19.347
   20.495   20.619   20.660   22.028   24.144   24.174   24.235   24.253   24.378   27.191
            0.066667  0.066667  0.000000
 -100.165 -100.165 -100.165 -100.165  -57.688  -57.674  -57.673  -57.673  -57.568  -57.568
  -57.560  -57.560  -57.560  -57.556  -57.556  -57.556   -9.045   -8.171    3.286    3.314
    3.342    5.732    6.087    6.110    6.127    6.330    6.551    6.593    6.759    6.783
    7.367    7.370    7.559    7.601    7.643    7.645    7.697    7.727    7.788    7.794
    7.822   10.188   10.338   10.418   11.404   12.725   12.821   18.978   19.277   19.419
   20.040   20.462   20.606   22.303   24.115   24.189   24.339   24.531   24.840   27.170
            0.100000  0.100000  0.000000
 -100.165 -100.165 -100.165 -100.165  -57.688  -57.674  -57.673  -57.673  -57.567  -57.567
  -57.560  -57.560  -57.559  -57.557  -57.556  -57.556   -9.022   -8.197    3.299    3.360
    3.423    5.608    5.928    5.961    6.049    6.342    6.610    6.619    6.820    6.876
    7.368    7.372    7.542    7.593    7.633    7.723    7.736    7.741    7.758    7.839
    7.856    9.950   10.236   10.389   11.525   12.932   13.101   18.653   19.206   19.477
   19.532   20.255   20.525   22.680   24.076   24.204   24.495   24.947   25.348   27.107
            0.133333  0.133333  0.000000
 -100.165 -100.165 -100.165 -100.165  -57.687  -57.675  -57.673  -57.673  -57.567  -57.567
  -57.560  -57.560  -57.559  -57.557  -57.556  -57.556   -8.992   -8.231    3.317    3.423
    3.533    5.398    5.729    5.833    6.075    6.366    6.634    6.679    6.854    6.951
    7.366    7.369    7.514    7.560    7.619    7.705    7.710    7.741    7.809    7.909
    8.008    9.698   10.125   10.349   11.686   13.171   13.406   18.313   18.804   19.186
   19.637   20.089   20.428   23.104   24.043   24.207   24.682   25.463   25.682   26.765
            0.166667  0.166667  0.000000
 -100.165 -100.165 -100.165 -100.164  -57.687  -57.675  -57.673  -57.673  -57.567  -57.567
  -57.561  -57.559  -57.559  -57.558  -57.556  -57.556   -8.955   -8.272    3.338    3.501
    3.667    5.158    5.535    5.706    6.144    6.398    6.664    6.732    6.868    7.015
    7.353    7.370    7.473    7.498    7.601    7.658    7.684    7.724    7.891    8.015
    8.172    9.455   10.019   10.300   11.880   13.410   13.708   18.003   18.194   19.088
   19.562   20.164   20.324   23.518   24.056   24.173   24.875   25.796   26.053   26.322
            0.200000  0.200000  0.000000
 -100.165 -100.165 -100.165 -100.164  -57.686  -57.676  -57.673  -57.673  -57.566  -57.566
  -57.561  -57.559  -57.559  -57.558  -57.557  -57.556   -8.912   -8.317    3.362    3.589
    3.822    4.916    5.350    5.585    6.235    6.436    6.700    6.780    6.871    7.070
    7.335    7.376    7.414    7.419    7.572    7.614    7.675    7.697    7.962    8.135
    8.333    9.234    9.924   10.242   12.095   13.616   13.987   17.599   17.765   18.984
   19.353   20.219   20.452   23.753   24.076   24.276   25.043   25.805   25.903   26.698
            0.233333  0.233333  0.000000
 -100.165 -100.165 -100.165 -100.164  -57.685  -57.677  -57.673  -57.673  -57.566  -57.566
  -57.562  -57.559  -57.559  -57.559  -57.557  -57.556   -8.867   -8.364    3.387    3.683
    3.990    4.686    5.180    5.471    6.337    6.478    6.740    6.825    6.868    7.113
    7.314    7.333    7.337    7.392    7.528    7.587    7.666    7.671    8.021    8.258
    8.481    9.041    9.845   10.179   12.321   13.755   14.235   17.041   17.638   18.872
   19.132   20.120   20.844   23.786   23.903   24.724   25.166   25.439   25.919   26.378
            0.266667  0.266667  0.000000
 -100.165 -100.165 -100.165 -100.164  -57.684  -57.678  -57.673  -57.673  -57.566  -57.565
  -57.562  -57.560  -57.559  -57.558  -57.557  -57.556   -8.819   -8.412    3.413    3.773
    4.166    4.482    5.026    5.368    6.442    6.525    6.785    6.862    6.869    7.140
    7.247    7.249    7.291    7.424    7.481    7.565    7.632    7.669    8.070    8.379
    8.608    8.877    9.783   10.111   12.544   13.802   14.447   16.533   17.649   18.754
   18.924   20.030   21.314   23.665   23.779   25.054   25.222   25.234   25.864   26.062
            0.300000  0.300000  0.000000
 -100.165 -100.165 -100.165 -100.164  -57.684  -57.678  -57.673  -57.673  -57.565  -57.565
  -57.563  -57.560  -57.559  -57.558  -57.557  -57.556   -8.772   -8.458    3.439    3.836
    4.327    4.339    4.893    5.275    6.542    6.576    6.834    6.855    6.910    7.151
    7.154    7.175    7.267    7.434    7.470    7.544    7.597    7.667    8.114    8.492
    8.709    8.742    9.740   10.041   12.749   13.759   14.620   16.086   17.805   18.635
   18.739   19.952   21.852   23.392   23.768   24.713   25.199   25.252   25.853   26.280
            0.333333  0.333333  0.000000
 -100.165 -100.165 -100.165 -100.164  -57.683  -57.679  -57.673  -57.673  -57.565  -57.564
  -57.563  -57.561  -57.559  -57.558  -57.558  -57.556   -8.728   -8.501    3.463    3.832
    4.263    4.494    4.789    5.195    6.614    6.643    6.846    6.884    6.951    7.064
    7.117    7.150    7.245    7.388    7.523    7.523    7.562    7.664    8.159    8.594
    8.632    8.780    9.718    9.972   12.920   13.647   14.758   15.713   18.082   18.521
   18.580   19.886   22.448   23.112   23.760   24.421   24.611   25.235   26.403   26.561
            0.366667  0.366667  0.000000
 -100.165 -100.165 -100.165 -100.165  -57.682  -57.680  -57.673  -57.673  -57.565  -57.564
  -57.564  -57.561  -57.559  -57.558  -57.557  -57.556   -8.688   -8.537    3.484    3.757
    4.290    4.577    4.761    5.129    6.664    6.715    6.834    6.930    6.988    6.989
    7.079    7.143    7.224    7.341    7.502    7.529    7.569    7.658    8.212    8.547
    8.680    8.822    9.713    9.905   13.044   13.504   14.864   15.424   18.418   18.446
   18.449   19.833   22.848   23.086   23.756   24.000   24.182   25.199   26.897   26.993
            0.400000  0.400000  0.000000
 -100.165 -100.165 -100.165 -100.165  -57.682  -57.680  -57.673  -57.673  -57.565  -57.564
  -57.563  -57.562  -57.559  -57.558  -57.557  -57.556   -8.654   -8.568    3.502    3.666
    4.350    4.547    4.843    5.076    6.709    6.769    6.818    6.909    6.997    7.022
    7.064    7.134    7.207    7.296    7.483    7.499    7.603    7.650    8.274    8.482
    8.750    8.841    9.720    9.844   13.114   13.360   14.942   15.225   18.332   18.347
   18.857   19.793   22.622   23.407   23.741   23.755   23.996   25.157   27.278   27.602
            0.433333  0.433333  0.000000
 -100.165 -100.165 -100.165 -100.165  -57.682  -57.681  -57.673  -57.673  -57.565  -57.564
  -57.562  -57.562  -57.559  -57.559  -57.557  -57.556   -8.629   -8.590    3.515    3.590
    4.408    4.502    4.931    5.038    6.746    6.801    6.803    6.862    7.046    7.050
    7.065    7.128    7.193    7.251    7.467    7.474    7.621    7.641    8.336    8.438
    8.802    8.846    9.731    9.792   13.138   13.240   14.994   15.107   18.268   18.273
   19.268   19.764   22.447   22.871   23.756   23.863   24.369   25.120   27.693   28.219
            0.466667  0.466667  0.000000
 -100.165 -100.165 -100.165 -100.165  -57.681  -57.681  -57.673  -57.673  -57.565  -57.565
  -57.562  -57.562  -57.559  -57.559  -57.556  -57.556   -8.614   -8.604    3.523    3.542
    4.447    4.471    4.988    5.015    6.773    6.788    6.818    6.832    7.069    7.072
    7.094    7.124    7.183    7.207    7.456    7.458    7.628    7.633    8.384    8.411
    8.833    8.845    9.740    9.757   13.138   13.162   15.024   15.051   18.228   18.229
   19.604   19.748   22.337   22.462   23.757   23.784   24.876   25.095   28.111   28.565
            0.500000  0.500000  0.000000
 -100.165 -100.165 -100.165 -100.165  -57.681  -57.681  -57.673  -57.673  -57.565  -57.565
  -57.562  -57.562  -57.559  -57.559  -57.556  -57.556   -8.608   -8.608    3.526    3.526
    4.461    4.461    5.008    5.008    6.784    6.784    6.822    6.822    7.076    7.076
    7.123    7.123    7.180    7.180    7.452    7.452    7.630    7.630    8.402    8.402
    8.843    8.843    9.744    9.744   13.135   13.135   15.034   15.034   18.214   18.214
   19.742   19.742   22.300   22.300   23.757   23.757   25.087   25.087   28.356   28.356
            0.500000  0.500000  0.033333
 -100.165 -100.165 -100.165 -100.165  -57.682  -57.680  -57.673  -57.673  -57.565  -57.565
  -57.563  -57.561  -57.559  -57.559  -57.556  -57.556   -8.644   -8.572    3.525    3.525
    4.370    4.551    5.012    5.012    6.731    6.814    6.814    6.835    7.061    7.061
    7.146    7.146    7.150    7.203    7.435    7.476    7.618    7.643    8.390    8.390
    8.857    8.857    9.729    9.752   13.016   13.285   15.027   15.027   18.107   18.107
   19.877   19.877   22.197   22.244   23.736   23.924   25.057   25.128   28.336   28.336
            0.500000  0.500000  0.066667
 -100.165 -100.165 -100.165 -100.165  -57.683  -57.680  -57.673  -57.673  -57.565  -57.565
  -57.563  -57.561  -57.559  -57.559  -57.556  -57.556   -8.679   -8.536    3.524    3.524
    4.278    4.639    5.024    5.024    6.680    6.792    6.792    6.884    7.043    7.043
    7.117    7.187    7.187    7.215    7.430    7.505    7.606    7.655    8.354    8.354
    8.894    8.894    9.705    9.755   12.931   13.461   15.004   15.004   17.862   17.862
   20.208   20.208   21.964   22.070   23.830   24.194   25.040   25.183   28.279   28.279
            0.500000  0.500000  0.100000
 -100.165 -100.165 -100.165 -100.165  -57.684  -57.679  -57.673  -57.673  -57.565  -57.565
  -57.564  -57.560  -57.559  -57.559  -57.556  -57.556   -8.713   -8.499    3.521    3.521
    4.185    4.726    5.044    5.044    6.632    6.759    6.759    6.928    7.032    7.032
    7.082    7.213    7.232    7.232    7.437    7.535    7.595    7.668    8.303    8.303
    8.948    8.948    9.672    9.754   12.881   13.660   14.963   14.963   17.574   17.574
   20.640   20.640   21.662   21.830   23.980   24.517   25.034   25.250   28.193   28.193
            0.500000  0.500000  0.133333
 -100.165 -100.165 -100.165 -100.165  -57.684  -57.678  -57.673  -57.673  -57.565  -57.565
  -57.564  -57.560  -57.558  -57.558  -57.556  -57.556   -8.745   -8.463    3.518    3.518
    4.093    4.813    5.072    5.072    6.587    6.719    6.719    6.964    7.028    7.028
    7.047    7.201    7.278    7.278    7.456    7.565    7.585    7.680    8.243    8.243
    9.014    9.014    9.630    9.751   12.868   13.877   14.903   14.903   17.292   17.292
   21.126   21.126   21.329   21.554   24.150   24.862   25.039   25.329   28.089   28.089
            0.500000  0.500000  0.166667
 -100.166 -100.166 -100.166 -100.165  -57.685  -57.677  -57.673  -57.673  -57.565  -57.565
  -57.565  -57.559  -57.558  -57.558  -57.556  -57.556   -8.775   -8.429    3.513    3.513
    4.003    4.898    5.108    5.108    6.547    6.675    6.675    6.991    7.014    7.028
    7.028    7.183    7.323    7.323    7.481    7.575    7.595    7.692    8.175    8.175
    9.087    9.087    9.581    9.747   12.890   14.109   14.822   14.822   17.036   17.036
   20.985   21.261   21.648   21.648   24.322   25.054   25.214   25.421   27.976   27.976
            0.500000  0.500000  0.200000
 -100.166 -100.166 -100.166 -100.165  -57.686  -57.677  -57.673  -57.673  -57.566  -57.566
  -57.565  -57.559  -57.558  -57.558  -57.556  -57.556   -8.803   -8.395    3.508    3.508
    3.915    4.983    5.150    5.150    6.511    6.631    6.631    6.982    7.008    7.031
    7.031    7.161    7.365    7.365    7.509    7.567    7.624    7.703    8.104    8.104
    9.167    9.167    9.526    9.743   12.945   14.352   14.718   14.718   16.816   16.816
   20.639   20.959   22.196   22.196   24.488   25.077   25.524   25.563   27.860   27.860
            0.500000  0.500000  0.233333
 -100.166 -100.166 -100.166 -100.166  -57.686  -57.676  -57.673  -57.673  -57.566  -57.566
  -57.565  -57.558  -57.558  -57.558  -57.556  -57.556   -8.829   -8.364    3.502    3.502
    3.831    5.068    5.198    5.198    6.480    6.587    6.587    6.952    7.012    7.034
    7.034    7.139    7.404    7.404    7.537    7.560    7.651    7.714    8.030    8.030
    9.250    9.250    9.469    9.739   13.026   14.594   14.594   14.603   16.636   16.636
   20.298   20.659   22.765   22.765   24.645   25.108   25.637   25.903   27.748   27.748
            0.500000  0.500000  0.266667
 -100.166 -100.166 -100.166 -100.166  -57.687  -57.675  -57.673  -57.673  -57.566  -57.566
  -57.566  -57.558  -57.557  -57.557  -57.556  -57.556   -8.852   -8.335    3.496    3.496
    3.753    5.151    5.251    5.251    6.454    6.546    6.546    6.924    7.004    7.038
    7.038    7.118    7.439    7.439    7.554    7.563    7.676    7.724    7.957    7.957
    9.335    9.335    9.414    9.735   13.128   14.453   14.453   14.858   16.494   16.494
   19.965   20.366   23.348   23.348   24.791   25.144   25.758   26.230   27.644   27.644
            0.500000  0.500000  0.300000
 -100.166 -100.166 -100.166 -100.166  -57.688  -57.675  -57.673  -57.673  -57.566  -57.566
  -57.566  -57.558  -57.557  -57.557  -57.556  -57.556   -8.873   -8.308    3.490    3.490
    3.682    5.232    5.306    5.306    6.433    6.507    6.507    6.900    6.985    7.042
    7.042    7.099    7.469    7.469    7.550    7.588    7.699    7.734    7.886    7.886
    9.362    9.419    9.419    9.733   13.243   14.305   14.305   15.113   16.387   16.387
   19.644   20.088   23.940   23.940   24.925   25.183   25.886   26.538   27.553   27.553
            0.500000  0.500000  0.333333
 -100.166 -100.166 -100.166 -100.166  -57.688  -57.674  -57.673  -57.673  -57.566  -57.566
  -57.566  -57.557  -57.557  -57.557  -57.556  -57.556   -8.890   -8.285    3.484    3.484
    3.619    5.310    5.363    5.363    6.415    6.472    6.472    6.878    6.957    7.044
    7.044    7.081    7.495    7.495    7.546    7.610    7.718    7.743    7.821    7.821
    9.315    9.500    9.500    9.730   13.364   14.158   14.158   15.363   16.307   16.307
   19.340   19.832   24.531   24.531   25.044   25.223   26.016   26.823   27.480   27.480
            0.500000  0.500000  0.366667
 -100.167 -100.167 -100.167 -100.166  -57.688  -57.674  -57.673  -57.673  -57.567  -57.567
  -57.567  -57.557  -57.557  -57.557  -57.556  -57.556   -8.905   -8.266    3.479    3.479
    3.566    5.382    5.417    5.417    6.401    6.441    6.441    6.861    6.923    7.044
    7.044    7.067    7.515    7.515    7.543    7.628    7.735    7.750    7.764    7.764
    9.277    9.574    9.574    9.729   13.482   14.022   14.022   15.601   16.250   16.250
   19.059   19.605   25.107   25.107   25.147   25.262   26.143   27.079   27.433   27.433
            0.500000  0.500000  0.400000
 -100.167 -100.167 -100.167 -100.166  -57.689  -57.674  -57.673  -57.673  -57.567  -57.567
  -57.567  -57.557  -57.556  -57.556  -57.556  -57.556   -8.916   -8.250    3.474    3.474
    3.524    5.445    5.465    5.465    6.391    6.415    6.415    6.847    6.888    7.044
    7.044    7.055    7.529    7.529    7.541    7.643    7.718    7.718    7.748    7.756
    9.246    9.637    9.637    9.728   13.586   13.906   13.906   15.818   16.211   16.211
   18.810   19.417   25.230   25.296   25.639   25.639   26.260   27.298   27.423   27.423
            0.500000  0.500000  0.433333
 -100.167 -100.167 -100.167 -100.166  -57.689  -57.673  -57.673  -57.673  -57.567  -57.567
  -57.567  -57.557  -57.556  -57.556  -57.556  -57.556   -8.924   -8.239    3.471    3.471
    3.493    5.495    5.504    5.504    6.383    6.395    6.395    6.837    6.858    7.042
    7.042    7.047    7.536    7.536    7.540    7.654    7.686    7.686    7.757    7.761
    9.224    9.686    9.686    9.727   13.670   13.817   13.817   15.998   16.185   16.185
   18.607   19.275   25.293   25.322   26.076   26.076   26.357   27.467   27.467   27.470
            0.500000  0.500000  0.466667
 -100.167 -100.167 -100.167 -100.166  -57.689  -57.673  -57.673  -57.673  -57.567  -57.567
  -57.567  -57.556  -57.556  -57.556  -57.556  -57.556   -8.929   -8.232    3.468    3.468
    3.474    5.527    5.529    5.529    6.379    6.382    6.382    6.831    6.836    7.041
    7.041    7.042    7.539    7.539    7.539    7.660    7.668    7.668    7.763    7.764
    9.211    9.716    9.716    9.727   13.723   13.761   13.761   16.121   16.170   16.170
   18.470   19.186   25.332   25.339   26.354   26.354   26.422   27.562   27.562   27.581
            0.500000  0.500000  0.500000
 -100.167 -100.167 -100.167 -100.166  -57.689  -57.673  -57.673  -57.673  -57.567  -57.567
  -57.567  -57.556  -57.556  -57.556  -57.556  -57.556   -8.931   -8.230    3.468    3.468
    3.468    5.538    5.538    5.538    6.378    6.378    6.378    6.829    6.829    7.040
    7.040    7.040    7.539    7.539    7.539    7.663    7.663    7.663    7.765    7.765
    9.207    9.727    9.727    9.727   13.742   13.742   13.742   16.165   16.165   16.165
   18.421   19.156   25.345   25.345   26.445   26.445   26.445   27.620   27.620   27.620
