920	-1.56771E-5
920.05	5.94684E-4
920.1	0.00182
920.15	0.00182
920.2	-1.56771E-5
920.25	0.00121
920.3	-1.56771E-5
920.35	0.00121
920.4	0.00121
920.45	0.00121
920.5	0.00182
920.55	0.00121
920.6	0.00182
920.65	0.00243
920.7	0.00182
920.75	0.00243
920.8	0.00182
920.85	0.00304
920.9	0.00182
920.95	0.00365
921	0.00243
921.05	0.00304
921.1	0.00243
921.15	0.00304
921.2	0.00304
921.25	0.00426
921.3	0.00304
921.35	0.00426
921.4	0.00426
921.45	0.00487
921.5	0.00487
921.55	0.00548
921.6	0.00487
921.65	0.00426
921.7	0.00426
921.75	0.00487
921.8	0.00609
921.85	0.00426
921.9	0.00609
921.95	0.00426
922	0.0067
922.05	0.0067
922.1	0.00731
922.15	0.00731
922.2	0.00731
922.25	0.00731
922.3	0.00731
922.35	0.0067
922.4	0.00731
922.45	0.00792
922.5	0.00853
922.55	0.00792
922.6	0.00792
922.65	0.00914
922.7	0.00853
922.75	0.00914
922.8	0.00914
922.85	0.01097
922.9	0.01097
922.95	0.01158
923	0.01097
923.05	0.01158
923.1	0.01097
923.15	0.0128
923.2	0.01219
923.25	0.0128
923.3	0.0128
923.35	0.0128
923.4	0.0128
923.45	0.01402
923.5	0.01402
923.55	0.01463
923.6	0.01463
923.65	0.01402
923.7	0.01524
923.75	0.01585
923.8	0.01646
923.85	0.01585
923.9	0.01768
923.95	0.01768
924	0.0183
924.05	0.01891
924.1	0.01952
924.15	0.02013
924.2	0.02074
924.25	0.02074
924.3	0.02196
924.35	0.02135
924.4	0.02196
924.45	0.02318
924.5	0.02318
924.55	0.02318
924.6	0.02379
924.65	0.0244
924.7	0.0244
924.75	0.02562
924.8	0.02684
924.85	0.02745
924.9	0.02806
924.95	0.02989
925	0.02928
925.05	0.0305
925.1	0.03111
925.15	0.03172
925.2	0.03294
925.25	0.03355
925.3	0.03477
925.35	0.03477
925.4	0.036
925.45	0.03844
925.5	0.03905
925.55	0.03905
925.6	0.04027
925.65	0.04027
925.7	0.04149
925.75	0.04271
925.8	0.04332
925.85	0.04515
925.9	0.04759
925.95	0.0482
926	0.04942
926.05	0.05064
926.1	0.05186
926.15	0.0537
926.2	0.05431
926.25	0.05675
926.3	0.05858
926.35	0.0598
926.4	0.06102
926.45	0.06285
926.5	0.06407
926.55	0.06407
926.6	0.06651
926.65	0.06834
926.7	0.07079
926.75	0.07323
926.8	0.07445
926.85	0.07567
926.9	0.07933
926.95	0.08177
927	0.0836
927.05	0.08727
927.1	0.09093
927.15	0.09337
927.2	0.09581
927.25	0.09947
927.3	0.10252
927.35	0.10741
927.4	0.11046
927.45	0.11412
927.5	0.11778
927.55	0.12206
927.6	0.12633
927.65	0.12999
927.7	0.13487
927.75	0.1422
927.8	0.15135
927.85	0.15624
927.9	0.16234
927.95	0.16905
928	0.1776
928.05	0.18248
928.1	0.19042
928.15	0.19957
928.2	0.20812
928.25	0.2191
928.3	0.22765
928.35	0.23619
928.4	0.24657
928.45	0.25634
928.5	0.26976
928.55	0.28136
928.6	0.29906
928.65	0.31188
928.7	0.33385
928.75	0.34179
928.8	0.35827
928.85	0.37658
928.9	0.39428
928.95	0.41259
929	0.44189
929.05	0.46325
929.1	0.48644
929.15	0.5078
929.2	0.53649
929.25	0.56091
929.3	0.59692
929.35	0.63842
929.4	0.66406
929.45	0.68908
929.5	0.71228
929.55	0.74829
929.6	0.78003
929.65	0.80688
929.7	0.83557
929.75	0.86242
929.8	0.88928
929.85	0.91125
929.9	0.92834
929.95	0.94299
930	0.95337
930.05	0.96069
930.1	0.96252
930.15	0.9613
930.2	0.95581
930.25	0.93994
930.3	0.92712
930.35	0.91064
930.4	0.89233
930.45	0.86548
930.5	0.83984
930.55	0.81176
930.6	0.78186
930.65	0.74523
930.7	0.70678
930.75	0.67077
930.8	0.63537
930.85	0.60241
930.9	0.57189
930.95	0.53283
931	0.49865
931.05	0.4663
931.1	0.44189
931.15	0.41747
931.2	0.38695
931.25	0.36254
931.3	0.34179
931.35	0.32225
931.4	0.30211
931.45	0.28197
931.5	0.26488
931.55	0.24901
931.6	0.23558
931.65	0.22216
931.7	0.20751
931.75	0.19774
931.8	0.1892
931.85	0.18004
931.9	0.17089
931.95	0.16539
932	0.16112
932.05	0.15502
932.1	0.15135
932.15	0.14769
932.2	0.14464
932.25	0.14281
932.3	0.14159
932.35	0.14037
932.4	0.14159
932.45	0.1422
932.5	0.14159
932.55	0.14159
932.6	0.14098
932.65	0.14403
932.7	0.14281
932.75	0.14403
932.8	0.14525
932.85	0.14647
932.9	0.14769
932.95	0.14769
933	0.15074
933.05	0.15318
933.1	0.15441
933.15	0.15624
933.2	0.15929
933.25	0.16051
933.3	0.16234
933.35	0.16173
933.4	0.16417
933.45	0.16539
933.5	0.16722
933.55	0.16905
933.6	0.1715
933.65	0.1715
933.7	0.17211
933.75	0.17394
933.8	0.17455
933.85	0.17577
933.9	0.17638
933.95	0.17882
934	0.17943
934.05	0.18065
934.1	0.18126
934.15	0.18126
934.2	0.18248
934.25	0.1837
934.3	0.18492
934.35	0.18614
934.4	0.18614
934.45	0.18614
934.5	0.18737
934.55	0.18798
934.6	0.1892
934.65	0.19103
934.7	0.19225
934.75	0.19408
934.8	0.19591
934.85	0.19774
934.9	0.19896
934.95	0.20079
935	0.20323
935.05	0.20446
935.1	0.20507
935.15	0.20751
935.2	0.20934
935.25	0.21239
935.3	0.21483
935.35	0.21605
935.4	0.21849
935.45	0.22093
935.5	0.22216
935.55	0.22399
935.6	0.22704
935.65	0.22887
935.7	0.23131
935.75	0.23314
935.8	0.2368
935.85	0.23986
935.9	0.24108
935.95	0.24291
936	0.2484
936.05	0.24962
936.1	0.25389
936.15	0.25756
936.2	0.25878
936.25	0.26061
936.3	0.26244
936.35	0.26488
936.4	0.26732
936.45	0.26854
936.5	0.27159
936.55	0.27587
936.6	0.27831
936.65	0.28014
936.7	0.28258
936.75	0.2838
936.8	0.28685
936.85	0.28807
936.9	0.28869
936.95	0.2893
937	0.29235
937.05	0.29296
937.1	0.2954
937.15	0.29662
937.2	0.29784
937.25	0.29845
937.3	0.29967
937.35	0.30089
937.4	0.30089
937.45	0.30272
937.5	0.30333
937.55	0.30333
937.6	0.30394
937.65	0.30516
937.7	0.30394
937.75	0.30333
937.8	0.30455
937.85	0.30333
937.9	0.30272
937.95	0.30333
938	0.30333
938.05	0.3015
938.1	0.30089
938.15	0.29967
938.2	0.29906
938.25	0.29784
938.3	0.29723
938.35	0.29601
938.4	0.29601
938.45	0.29418
938.5	0.29296
938.55	0.29052
938.6	0.28746
938.65	0.28502
938.7	0.2838
938.75	0.28197
938.8	0.28014
938.85	0.27831
938.9	0.27709
938.95	0.27465
939	0.27343
939.05	0.26976
939.1	0.26915
939.15	0.26732
939.2	0.26549
939.25	0.26366
939.3	0.26183
939.35	0.26061
939.4	0.25878
939.45	0.25817
939.5	0.25756
939.55	0.25573
939.6	0.25512
939.65	0.2545
939.7	0.25267
939.75	0.25206
939.8	0.25145
939.85	0.25023
939.9	0.25206
939.95	0.25206
940	0.25145
940.05	0.25328
940.1	0.25267
940.15	0.25328
940.2	0.25328
940.25	0.25389
940.3	0.2545
940.35	0.25512
940.4	0.25634
940.45	0.25878
940.5	0.26
940.55	0.26366
940.6	0.26305
940.65	0.26549
940.7	0.26488
940.75	0.26671
940.8	0.26915
940.85	0.27037
940.9	0.27098
940.95	0.27159
941	0.27221
941.05	0.27587
941.1	0.27587
941.15	0.2777
941.2	0.28014
941.25	0.28014
941.3	0.28319
941.35	0.2838
941.4	0.28502
941.45	0.28502
941.5	0.28869
941.55	0.2893
941.6	0.2893
941.65	0.28991
941.7	0.29174
941.75	0.29418
941.8	0.29418
941.85	0.29479
941.9	0.29601
941.95	0.29662
942	0.29723
942.05	0.29845
942.1	0.29784
942.15	0.29784
942.2	0.29845
942.25	0.29845
942.3	0.29967
942.35	0.30028
942.4	0.30211
942.45	0.30272
942.5	0.30333
942.55	0.30455
942.6	0.30516
942.65	0.307
942.7	0.307
942.75	0.30883
942.8	0.30761
942.85	0.30822
942.9	0.30822
942.95	0.31066
943	0.31127
943.05	0.31127
943.1	0.31127
943.15	0.3131
943.2	0.31432
943.25	0.31493
943.3	0.31615
943.35	0.31676
943.4	0.31737
943.45	0.31798
943.5	0.3192
943.55	0.32042
943.6	0.32103
943.65	0.32103
943.7	0.32225
943.75	0.32348
943.8	0.32409
943.85	0.3247
943.9	0.32409
943.95	0.32348
944	0.32592
944.05	0.32653
944.1	0.32836
944.15	0.32836
944.2	0.32958
944.25	0.33019
944.3	0.33019
944.35	0.3308
944.4	0.33202
944.45	0.33324
944.5	0.33385
944.55	0.33385
944.6	0.33629
944.65	0.33751
944.7	0.33751
944.75	0.33873
944.8	0.33996
944.85	0.34118
944.9	0.3424
944.95	0.34301
945	0.34423
945.05	0.34484
945.1	0.34362
945.15	0.34545
945.2	0.34545
945.25	0.34606
945.3	0.34667
945.35	0.3485
945.4	0.3485
945.45	0.34972
945.5	0.35094
945.55	0.35155
945.6	0.35216
945.65	0.35338
945.7	0.3546
945.75	0.35521
945.8	0.35521
945.85	0.35644
945.9	0.35705
945.95	0.35766
946	0.35827
946.05	0.35827
946.1	0.35888
946.15	0.3601
946.2	0.36132
946.25	0.36193
946.3	0.36376
946.35	0.36376
946.4	0.36498
946.45	0.36498
946.5	0.36559
946.55	0.36681
946.6	0.36803
946.65	0.36742
946.7	0.36803
946.75	0.36864
946.8	0.36864
946.85	0.37047
946.9	0.3723
946.95	0.37414
947	0.37414
947.05	0.37475
947.1	0.37658
947.15	0.3778
947.2	0.37841
947.25	0.37963
947.3	0.37841
947.35	0.38024
947.4	0.38329
947.45	0.3839
947.5	0.38512
947.55	0.38634
947.6	0.38756
947.65	0.38878
947.7	0.39
947.75	0.39062
947.8	0.39245
947.85	0.39489
947.9	0.39672
947.95	0.39916
948	0.40099
948.05	0.40404
948.1	0.40771
948.15	0.41015
948.2	0.41259
948.25	0.41503
948.3	0.41747
948.35	0.42113
948.4	0.42419
948.45	0.42907
948.5	0.43395
948.55	0.43944
948.6	0.4425
948.65	0.44799
948.7	0.4547
948.75	0.46325
948.8	0.46874
948.85	0.47607
948.9	0.48461
948.95	0.49682
949	0.50536
949.05	0.51513
949.1	0.52612
949.15	0.53649
949.2	0.55297
949.25	0.56396
949.3	0.57616
949.35	0.58898
949.4	0.60241
949.45	0.6134
949.5	0.62499
949.55	0.63659
949.6	0.64697
949.65	0.66101
949.7	0.66711
949.75	0.6781
949.8	0.68725
949.85	0.69396
949.9	0.70068
949.95	0.70495
950	0.708
950.05	0.708
950.1	0.70678
950.15	0.70434
950.2	0.69946
950.25	0.69457
950.3	0.68603
950.35	0.67504
950.4	0.66284
950.45	0.65185
950.5	0.6372
950.55	0.62316
950.6	0.61584
950.65	0.60424
950.7	0.59264
950.75	0.57739
950.8	0.56274
950.85	0.55114
950.9	0.54198
950.95	0.53161
951	0.52367
951.05	0.51574
951.1	0.50719
951.15	0.49804
951.2	0.49255
951.25	0.48583
951.3	0.48095
951.35	0.47668
951.4	0.4724
951.45	0.46996
951.5	0.46569
951.55	0.46142
951.6	0.45898
951.65	0.45714
951.7	0.45531
951.75	0.4547
951.8	0.45348
951.85	0.45226
951.9	0.45165
951.95	0.45165
952	0.4486
952.05	0.4486
952.1	0.44738
952.15	0.44677
952.2	0.44616
952.25	0.44494
952.3	0.44555
952.35	0.44555
952.4	0.44677
952.45	0.44616
952.5	0.44677
952.55	0.44616
952.6	0.44555
952.65	0.44616
952.7	0.44616
952.75	0.44616
952.8	0.44738
952.85	0.44799
952.9	0.44799
952.95	0.4486
953	0.44982
953.05	0.44982
953.1	0.44982
953.15	0.44921
953.2	0.45104
953.25	0.45043
953.3	0.45165
953.35	0.45226
953.4	0.45226
953.45	0.45287
953.5	0.45287
953.55	0.45226
953.6	0.45409
953.65	0.45348
953.7	0.4547
953.75	0.4547
953.8	0.45653
953.85	0.45653
953.9	0.45653
953.95	0.45837
954	0.45898
954.05	0.45837
954.1	0.45898
954.15	0.4602
954.2	0.46142
954.25	0.46081
954.3	0.46142
954.35	0.46264
954.4	0.46325
954.45	0.46447
954.5	0.46386
954.55	0.46447
954.6	0.46386
954.65	0.46569
954.7	0.4663
954.75	0.46752
954.8	0.46935
954.85	0.46813
954.9	0.47057
954.95	0.47118
955	0.47118
955.05	0.47179
955.1	0.4724
955.15	0.47179
955.2	0.47362
955.25	0.47362
955.3	0.47546
955.35	0.47546
955.4	0.47546
955.45	0.47607
955.5	0.47546
955.55	0.47485
955.6	0.4779
955.65	0.47851
955.7	0.47912
955.75	0.48034
955.8	0.48156
955.85	0.48156
955.9	0.48156
955.95	0.48278
956	0.48217
956.05	0.48339
956.1	0.484
956.15	0.48461
956.2	0.48522
956.25	0.48705
956.3	0.48888
956.35	0.4901
956.4	0.48949
956.45	0.48949
956.5	0.48888
956.55	0.48888
956.6	0.48949
956.65	0.4901
956.7	0.49071
956.75	0.49316
956.8	0.49377
956.85	0.49438
956.9	0.4956
956.95	0.4956
957	0.4956
957.05	0.4956
957.1	0.4956
957.15	0.4956
957.2	0.4956
957.25	0.49621
957.3	0.4956
957.35	0.49499
957.4	0.4956
957.45	0.4956
957.5	0.49621
957.55	0.49804
957.6	0.49804
957.65	0.49804
957.7	0.49865
957.75	0.49865
957.8	0.49804
957.85	0.49804
957.9	0.49804
957.95	0.49743
958	0.49743
958.05	0.49621
958.1	0.49621
958.15	0.49621
958.2	0.4956
958.25	0.49743
958.3	0.49743
958.35	0.49621
958.4	0.49621
958.45	0.49621
958.5	0.4956
958.55	0.49621
958.6	0.49377
958.65	0.49438
958.7	0.49377
958.75	0.49377
958.8	0.49438
958.85	0.49377
958.9	0.49377
958.95	0.49377
959	0.49316
959.05	0.49255
959.1	0.49194
959.15	0.49132
959.2	0.49071
959.25	0.49071
959.3	0.48949
959.35	0.49071
959.4	0.4901
959.45	0.4901
959.5	0.48888
959.55	0.48949
959.6	0.48949
959.65	0.48949
959.7	0.49071
959.75	0.48949
959.8	0.49132
959.85	0.49132
959.9	0.49071
959.95	0.49071
960	0.4901
960.05	0.48888
960.1	0.48949
960.15	0.48827
960.2	0.4901
960.25	0.49071
960.3	0.49071
960.35	0.49132
960.4	0.49194
960.45	0.49377
960.5	0.49438
960.55	0.49377
960.6	0.49377
960.65	0.49255
960.7	0.49377
960.75	0.49316
960.8	0.49499
960.85	0.4956
960.9	0.4956
960.95	0.49621
961	0.49682
961.05	0.49682
961.1	0.49743
961.15	0.49743
961.2	0.49865
961.25	0.49804
961.3	0.49926
961.35	0.50048
961.4	0.50048
961.45	0.50048
961.5	0.50109
961.55	0.49987
961.6	0.49926
961.65	0.49987
961.7	0.49987
961.75	0.50048
961.8	0.5017
961.85	0.50353
961.9	0.50353
961.95	0.50414
962	0.50536
962.05	0.50475
962.1	0.50536
962.15	0.50475
962.2	0.50658
962.25	0.50658
962.3	0.50841
962.35	0.50903
962.4	0.50964
962.45	0.50964
962.5	0.50964
962.55	0.50964
962.6	0.50903
962.65	0.51025
962.7	0.51086
962.75	0.51147
962.8	0.51269
962.85	0.51269
962.9	0.51391
962.95	0.51269
963	0.51086
963.05	0.51086
963.1	0.51208
963.15	0.5133
963.2	0.5133
963.25	0.51513
963.3	0.51574
963.35	0.51452
963.4	0.51513
963.45	0.51635
963.5	0.51696
963.55	0.51696
963.6	0.51757
963.65	0.51879
963.7	0.51879
963.75	0.51879
963.8	0.51818
963.85	0.51818
963.9	0.51879
963.95	0.51879
964	0.51818
964.05	0.51879
964.1	0.52001
964.15	0.52123
964.2	0.52062
964.25	0.52062
964.3	0.52062
964.35	0.52245
964.4	0.52123
964.45	0.52062
964.5	0.52245
964.55	0.52306
964.6	0.52367
964.65	0.52367
964.7	0.52306
964.75	0.52245
964.8	0.52245
964.85	0.52367
964.9	0.52245
964.95	0.52367
965	0.52367
965.05	0.52367
965.1	0.52367
965.15	0.52551
965.2	0.52489
965.25	0.52489
965.3	0.52367
965.35	0.52428
965.4	0.52428
965.45	0.52367
965.5	0.52551
965.55	0.52612
965.6	0.52673
965.65	0.52795
965.7	0.52856
965.75	0.52978
965.8	0.53039
965.85	0.53161
965.9	0.53161
965.95	0.53161
966	0.531
966.05	0.53222
966.1	0.53283
966.15	0.53283
966.2	0.53466
966.25	0.53466
966.3	0.53405
966.35	0.53222
966.4	0.53344
966.45	0.53344
966.5	0.53344
966.55	0.53283
966.6	0.53405
966.65	0.53344
966.7	0.53405
966.75	0.53466
966.8	0.53405
966.85	0.53405
966.9	0.53466
966.95	0.53405
967	0.53405
967.05	0.53466
967.1	0.53527
967.15	0.53649
967.2	0.5371
967.25	0.53649
967.3	0.53771
967.35	0.53588
967.4	0.53771
967.45	0.53832
967.5	0.53832
967.55	0.54015
967.6	0.54076
967.65	0.54137
967.7	0.53954
967.75	0.53954
967.8	0.53832
967.85	0.53832
967.9	0.53832
967.95	0.53954
968	0.53954
968.05	0.54015
968.1	0.54076
968.15	0.54076
968.2	0.5426
968.25	0.5426
968.3	0.5426
968.35	0.54198
968.4	0.5426
968.45	0.5426
968.5	0.54443
968.55	0.54382
968.6	0.54504
968.65	0.54504
968.7	0.54504
968.75	0.54565
968.8	0.54565
968.85	0.54687
968.9	0.54687
968.95	0.54565
969	0.54565
969.05	0.54748
969.1	0.54748
969.15	0.54748
969.2	0.5487
969.25	0.5487
969.3	0.55053
969.35	0.55053
969.4	0.55053
969.45	0.55053
969.5	0.55053
969.55	0.55175
969.6	0.55114
969.65	0.55175
969.7	0.55297
969.75	0.55297
969.8	0.55419
969.85	0.5548
969.9	0.5548
969.95	0.55541
970	0.55724
