920.000	1.140E-05
920.050	-5.990E-04
920.100	1.140E-05
920.150	-5.990E-04
920.200	-1.210E-03
920.250	-1.820E-03
920.300	-5.990E-04
920.350	-5.990E-04
920.400	-1.210E-03
920.450	-5.990E-04
920.500	-5.990E-04
920.550	6.218E-04
920.600	-1.820E-03
920.650	-5.990E-04
920.700	-1.210E-03
920.750	-1.210E-03
920.800	1.140E-05
920.850	1.230E-03
920.900	1.140E-05
920.950	1.230E-03
921.000	1.140E-05
921.050	-5.990E-04
921.100	6.218E-04
921.150	6.218E-04
921.200	1.140E-05
921.250	-5.990E-04
921.300	1.230E-03
921.350	1.230E-03
921.400	1.140E-05
921.450	1.840E-03
921.500	1.230E-03
921.550	1.230E-03
921.600	1.230E-03
921.650	1.230E-03
921.700	1.840E-03
921.750	1.840E-03
921.800	1.840E-03
921.850	2.450E-03
921.900	1.230E-03
921.950	2.450E-03
922.000	3.670E-03
922.050	1.840E-03
922.100	2.450E-03
922.150	3.060E-03
922.200	1.840E-03
922.250	1.840E-03
922.300	1.230E-03
922.350	1.840E-03
922.400	2.450E-03
922.450	4.280E-03
922.500	4.890E-03
922.550	4.280E-03
922.600	4.890E-03
922.650	4.890E-03
922.700	4.890E-03
922.750	3.670E-03
922.800	3.670E-03
922.850	3.670E-03
922.900	4.890E-03
922.950	4.280E-03
923.000	4.280E-03
923.050	4.890E-03
923.100	6.120E-03
923.150	6.730E-03
923.200	6.730E-03
923.250	7.340E-03
923.300	7.340E-03
923.350	6.730E-03
923.400	6.730E-03
923.450	7.340E-03
923.500	7.340E-03
923.550	7.950E-03
923.600	9.780E-03
923.650	9.170E-03
923.700	1.039E-02
923.750	1.100E-02
923.800	1.039E-02
923.850	1.100E-02
923.900	1.222E-02
923.950	1.222E-02
924.000	1.222E-02
924.050	1.222E-02
924.100	1.222E-02
924.150	1.405E-02
924.200	1.466E-02
924.250	1.588E-02
924.300	1.649E-02
924.350	1.649E-02
924.400	1.710E-02
924.450	1.710E-02
924.500	1.649E-02
924.550	1.771E-02
924.600	1.771E-02
924.650	1.771E-02
924.700	1.954E-02
924.750	2.015E-02
924.800	2.076E-02
924.850	2.076E-02
924.900	2.137E-02
924.950	2.198E-02
925.000	2.259E-02
925.050	2.321E-02
925.100	2.443E-02
925.150	2.504E-02
925.200	2.687E-02
925.250	2.931E-02
925.300	2.992E-02
925.350	3.053E-02
925.400	3.236E-02
925.450	3.419E-02
925.500	3.358E-02
925.550	3.541E-02
925.600	3.602E-02
925.650	3.724E-02
925.700	3.968E-02
925.750	4.091E-02
925.800	4.213E-02
925.850	4.274E-02
925.900	4.518E-02
925.950	4.640E-02
926.000	4.823E-02
926.050	4.884E-02
926.100	5.128E-02
926.150	5.494E-02
926.200	5.555E-02
926.250	5.677E-02
926.300	5.739E-02
926.350	5.922E-02
926.400	6.105E-02
926.450	6.227E-02
926.500	6.349E-02
926.550	6.715E-02
926.600	6.959E-02
926.650	7.325E-02
926.700	7.570E-02
926.750	7.814E-02
926.800	8.119E-02
926.850	8.363E-02
926.900	8.668E-02
926.950	9.034E-02
927.000	9.523E-02
927.050	9.950E-02
927.100	1.056E-01
927.150	1.093E-01
927.200	1.129E-01
927.250	1.178E-01
927.300	1.239E-01
927.350	1.319E-01
927.400	1.373E-01
927.450	1.459E-01
927.500	1.544E-01
927.550	1.624E-01
927.600	1.715E-01
927.650	1.819E-01
927.700	1.959E-01
927.750	2.051E-01
927.800	2.173E-01
927.850	2.301E-01
927.900	2.436E-01
927.950	2.655E-01
928.000	2.857E-01
928.050	3.046E-01
928.100	3.241E-01
928.150	3.510E-01
928.200	3.937E-01
928.250	4.169E-01
928.300	4.444E-01
928.350	4.737E-01
928.400	5.084E-01
928.450	5.512E-01
928.500	5.963E-01
928.550	6.385E-01
928.600	6.873E-01
928.650	7.257E-01
928.700	7.648E-01
928.750	8.185E-01
928.800	8.698E-01
928.850	9.058E-01
928.900	9.436E-01
928.950	9.803E-01
929.000	1.014E+00
929.050	1.045E+00
929.100	1.074E+00
929.150	1.099E+00
929.200	1.123E+00
929.250	1.138E+00
929.300	1.143E+00
929.350	1.143E+00
929.400	1.134E+00
929.450	1.115E+00
929.500	1.094E+00
929.550	1.058E+00
929.600	1.014E+00
929.650	9.705E-01
929.700	9.235E-01
929.750	8.759E-01
929.800	8.277E-01
929.850	7.776E-01
929.900	7.331E-01
929.950	6.885E-01
930.000	6.397E-01
930.050	5.884E-01
930.100	5.207E-01
930.150	4.621E-01
930.200	4.230E-01
930.250	3.821E-01
930.300	3.388E-01
930.350	3.034E-01
930.400	2.722E-01
930.450	2.448E-01
930.500	2.204E-01
930.550	2.008E-01
930.600	1.843E-01
930.650	1.679E-01
930.700	1.544E-01
930.750	1.428E-01
930.800	1.306E-01
930.850	1.221E-01
930.900	1.148E-01
930.950	1.044E-01
931.000	1.007E-01
931.050	9.645E-02
931.100	9.340E-02
931.150	8.851E-02
931.200	8.668E-02
931.250	8.485E-02
931.300	8.424E-02
931.350	8.241E-02
931.400	7.997E-02
931.450	7.875E-02
931.500	7.692E-02
931.550	7.631E-02
931.600	7.570E-02
931.650	7.325E-02
931.700	7.264E-02
931.750	7.142E-02
931.800	7.020E-02
931.850	6.715E-02
931.900	6.715E-02
931.950	6.532E-02
932.000	6.410E-02
932.050	6.349E-02
932.100	6.227E-02
932.150	6.166E-02
932.200	5.861E-02
932.250	5.739E-02
932.300	5.616E-02
932.350	5.433E-02
932.400	5.372E-02
932.450	5.311E-02
932.500	5.189E-02
932.550	4.945E-02
932.600	4.945E-02
932.650	4.823E-02
932.700	4.701E-02
932.750	4.518E-02
932.800	4.335E-02
932.850	4.213E-02
932.900	4.152E-02
932.950	4.091E-02
933.000	3.907E-02
933.050	3.907E-02
933.100	3.846E-02
933.150	3.602E-02
933.200	3.480E-02
933.250	3.419E-02
933.300	3.358E-02
933.350	3.236E-02
933.400	3.053E-02
933.450	3.114E-02
933.500	2.992E-02
933.550	2.870E-02
933.600	2.687E-02
933.650	2.626E-02
933.700	2.443E-02
933.750	2.382E-02
933.800	2.321E-02
933.850	2.259E-02
933.900	2.198E-02
933.950	2.137E-02
934.000	2.076E-02
934.050	2.015E-02
934.100	1.954E-02
934.150	1.832E-02
934.200	1.771E-02
934.250	1.710E-02
934.300	1.771E-02
934.350	1.710E-02
934.400	1.588E-02
934.450	1.588E-02
934.500	1.527E-02
934.550	1.466E-02
934.600	1.405E-02
934.650	1.161E-02
934.700	1.161E-02
934.750	1.161E-02
934.800	1.161E-02
934.850	1.222E-02
934.900	1.222E-02
934.950	1.100E-02
935.000	1.039E-02
935.050	1.100E-02
935.100	9.780E-03
935.150	9.170E-03
935.200	9.780E-03
935.250	9.170E-03
935.300	8.560E-03
935.350	7.950E-03
935.400	7.950E-03
935.450	7.950E-03
935.500	8.560E-03
935.550	7.950E-03
935.600	8.560E-03
935.650	8.560E-03
935.700	8.560E-03
935.750	9.170E-03
935.800	8.560E-03
935.850	8.560E-03
935.900	7.950E-03
935.950	7.950E-03
936.000	7.950E-03
936.050	8.560E-03
936.100	9.170E-03
936.150	9.780E-03
936.200	1.039E-02
936.250	1.039E-02
936.300	1.100E-02
936.350	1.161E-02
936.400	1.222E-02
936.450	1.344E-02
936.500	1.405E-02
936.550	1.466E-02
936.600	1.588E-02
936.650	1.832E-02
936.700	1.832E-02
936.750	2.076E-02
936.800	2.198E-02
936.850	2.382E-02
936.900	2.382E-02
936.950	2.626E-02
937.000	2.748E-02
937.050	2.992E-02
937.100	3.114E-02
937.150	3.297E-02
937.200	3.541E-02
937.250	3.541E-02
937.300	3.724E-02
937.350	3.907E-02
937.400	3.968E-02
937.450	4.091E-02
937.500	4.274E-02
937.550	4.396E-02
937.600	4.518E-02
937.650	4.701E-02
937.700	4.823E-02
937.750	5.067E-02
937.800	5.128E-02
937.850	5.372E-02
937.900	5.494E-02
937.950	5.739E-02
938.000	5.983E-02
938.050	6.044E-02
938.100	6.166E-02
938.150	6.349E-02
938.200	6.471E-02
938.250	6.654E-02
938.300	6.959E-02
938.350	7.081E-02
938.400	7.142E-02
938.450	7.387E-02
938.500	7.570E-02
938.550	7.753E-02
938.600	7.936E-02
938.650	7.936E-02
938.700	8.180E-02
938.750	8.302E-02
938.800	8.302E-02
938.850	8.546E-02
938.900	8.729E-02
938.950	8.851E-02
939.000	8.912E-02
939.050	8.973E-02
939.100	9.034E-02
939.150	9.279E-02
939.200	9.279E-02
939.250	9.401E-02
939.300	9.340E-02
939.350	9.462E-02
939.400	9.584E-02
939.450	9.645E-02
939.500	9.706E-02
939.550	9.828E-02
939.600	9.889E-02
939.650	9.889E-02
939.700	9.950E-02
939.750	1.007E-01
939.800	1.013E-01
939.850	1.026E-01
939.900	1.038E-01
939.950	1.044E-01
940.000	1.050E-01
940.050	1.050E-01
940.100	1.056E-01
940.150	1.062E-01
940.200	1.074E-01
940.250	1.081E-01
940.300	1.081E-01
940.350	1.087E-01
940.400	1.081E-01
940.450	1.087E-01
940.500	1.099E-01
940.550	1.093E-01
940.600	1.099E-01
940.650	1.099E-01
940.700	1.105E-01
940.750	1.111E-01
940.800	1.111E-01
940.850	1.117E-01
940.900	1.123E-01
940.950	1.129E-01
941.000	1.135E-01
941.050	1.142E-01
941.100	1.135E-01
941.150	1.148E-01
941.200	1.148E-01
941.250	1.154E-01
941.300	1.166E-01
941.350	1.154E-01
941.400	1.172E-01
941.450	1.178E-01
941.500	1.184E-01
941.550	1.184E-01
941.600	1.209E-01
941.650	1.209E-01
941.700	1.227E-01
941.750	1.227E-01
941.800	1.227E-01
941.850	1.233E-01
941.900	1.251E-01
941.950	1.245E-01
942.000	1.251E-01
942.050	1.251E-01
942.100	1.270E-01
942.150	1.276E-01
942.200	1.282E-01
942.250	1.276E-01
942.300	1.282E-01
942.350	1.294E-01
942.400	1.294E-01
942.450	1.300E-01
942.500	1.319E-01
942.550	1.337E-01
942.600	1.349E-01
942.650	1.343E-01
942.700	1.355E-01
942.750	1.355E-01
942.800	1.367E-01
942.850	1.367E-01
942.900	1.392E-01
942.950	1.380E-01
943.000	1.410E-01
943.050	1.416E-01
943.100	1.404E-01
943.150	1.428E-01
943.200	1.422E-01
943.250	1.435E-01
943.300	1.428E-01
943.350	1.447E-01
943.400	1.453E-01
943.450	1.465E-01
943.500	1.477E-01
943.550	1.496E-01
943.600	1.496E-01
943.650	1.514E-01
943.700	1.526E-01
943.750	1.538E-01
943.800	1.550E-01
943.850	1.557E-01
943.900	1.563E-01
943.950	1.575E-01
944.000	1.581E-01
944.050	1.587E-01
944.100	1.599E-01
944.150	1.612E-01
944.200	1.624E-01
944.250	1.624E-01
944.300	1.630E-01
944.350	1.654E-01
944.400	1.660E-01
944.450	1.673E-01
944.500	1.673E-01
944.550	1.691E-01
944.600	1.703E-01
944.650	1.703E-01
944.700	1.709E-01
944.750	1.721E-01
944.800	1.746E-01
944.850	1.746E-01
944.900	1.764E-01
944.950	1.776E-01
945.000	1.789E-01
945.050	1.813E-01
945.100	1.837E-01
945.150	1.850E-01
945.200	1.868E-01
945.250	1.892E-01
945.300	1.904E-01
945.350	1.917E-01
945.400	1.947E-01
945.450	1.953E-01
945.500	1.990E-01
945.550	1.990E-01
945.600	2.020E-01
945.650	2.051E-01
945.700	2.088E-01
945.750	2.088E-01
945.800	2.100E-01
945.850	2.118E-01
945.900	2.143E-01
945.950	2.161E-01
946.000	2.173E-01
946.050	2.167E-01
946.100	2.179E-01
946.150	2.204E-01
946.200	2.210E-01
946.250	2.216E-01
946.300	2.228E-01
946.350	2.246E-01
946.400	2.258E-01
946.450	2.265E-01
946.500	2.283E-01
946.550	2.295E-01
946.600	2.313E-01
946.650	2.332E-01
946.700	2.338E-01
946.750	2.362E-01
946.800	2.374E-01
946.850	2.387E-01
946.900	2.417E-01
946.950	2.442E-01
947.000	2.454E-01
947.050	2.478E-01
947.100	2.515E-01
947.150	2.539E-01
947.200	2.582E-01
947.250	2.619E-01
947.300	2.637E-01
947.350	2.680E-01
947.400	2.716E-01
947.450	2.777E-01
947.500	2.857E-01
947.550	2.936E-01
947.600	2.985E-01
947.650	3.058E-01
947.700	3.144E-01
947.750	3.229E-01
947.800	3.351E-01
947.850	3.467E-01
947.900	3.626E-01
947.950	3.754E-01
948.000	3.882E-01
948.050	4.004E-01
948.100	4.218E-01
948.150	4.383E-01
948.200	4.547E-01
948.250	4.810E-01
948.300	5.066E-01
948.350	5.280E-01
948.400	5.554E-01
948.450	5.915E-01
948.500	6.208E-01
948.550	6.458E-01
948.600	6.696E-01
948.650	6.916E-01
948.700	7.178E-01
948.750	7.349E-01
948.800	7.508E-01
948.850	7.617E-01
948.900	7.721E-01
948.950	7.825E-01
949.000	7.886E-01
949.050	7.923E-01
949.100	7.935E-01
949.150	7.868E-01
949.200	7.843E-01
949.250	7.776E-01
949.300	7.666E-01
949.350	7.563E-01
949.400	7.404E-01
949.450	7.257E-01
949.500	7.038E-01
949.550	6.861E-01
949.600	6.696E-01
949.650	6.433E-01
949.700	6.244E-01
949.750	6.031E-01
949.800	5.823E-01
949.850	5.615E-01
949.900	5.402E-01
949.950	5.200E-01
950.000	5.042E-01
950.050	4.846E-01
950.100	4.657E-01
950.150	4.541E-01
950.200	4.376E-01
950.250	4.254E-01
950.300	4.151E-01
950.350	4.041E-01
950.400	3.937E-01
950.450	3.845E-01
950.500	3.766E-01
950.550	3.656E-01
950.600	3.607E-01
950.650	3.559E-01
950.700	3.510E-01
950.750	3.473E-01
950.800	3.430E-01
950.850	3.406E-01
950.900	3.375E-01
950.950	3.339E-01
951.000	3.321E-01
951.050	3.290E-01
951.100	3.272E-01
951.150	3.235E-01
951.200	3.205E-01
951.250	3.186E-01
951.300	3.168E-01
951.350	3.150E-01
951.400	3.131E-01
951.450	3.125E-01
951.500	3.101E-01
951.550	3.101E-01
951.600	3.107E-01
951.650	3.076E-01
951.700	3.070E-01
951.750	3.052E-01
951.800	3.052E-01
951.850	3.040E-01
951.900	3.009E-01
951.950	2.997E-01
952.000	2.991E-01
952.050	2.997E-01
952.100	2.997E-01
952.150	2.985E-01
952.200	2.997E-01
952.250	2.997E-01
952.300	2.973E-01
952.350	2.960E-01
952.400	2.942E-01
952.450	2.936E-01
952.500	2.930E-01
952.550	2.930E-01
952.600	2.924E-01
952.650	2.918E-01
952.700	2.930E-01
952.750	2.924E-01
952.800	2.918E-01
952.850	2.918E-01
952.900	2.924E-01
952.950	2.912E-01
953.000	2.930E-01
953.050	2.930E-01
953.100	2.942E-01
953.150	2.942E-01
953.200	2.942E-01
953.250	2.942E-01
953.300	2.936E-01
953.350	2.942E-01
953.400	2.948E-01
953.450	2.960E-01
953.500	2.967E-01
953.550	2.960E-01
953.600	2.960E-01
953.650	2.967E-01
953.700	2.960E-01
953.750	2.967E-01
953.800	2.967E-01
953.850	2.967E-01
953.900	2.967E-01
953.950	2.979E-01
954.000	2.967E-01
954.050	2.967E-01
954.100	2.985E-01
954.150	2.979E-01
954.200	2.973E-01
954.250	2.979E-01
954.300	2.997E-01
954.350	3.009E-01
954.400	3.009E-01
954.450	3.009E-01
954.500	3.015E-01
954.550	3.021E-01
954.600	3.028E-01
954.650	3.046E-01
954.700	3.052E-01
954.750	3.052E-01
954.800	3.052E-01
954.850	3.064E-01
954.900	3.064E-01
954.950	3.076E-01
955.000	3.082E-01
955.050	3.089E-01
955.100	3.089E-01
955.150	3.089E-01
955.200	3.082E-01
955.250	3.101E-01
955.300	3.101E-01
955.350	3.107E-01
955.400	3.119E-01
955.450	3.119E-01
955.500	3.113E-01
955.550	3.125E-01
955.600	3.131E-01
955.650	3.131E-01
955.700	3.137E-01
955.750	3.131E-01
955.800	3.144E-01
955.850	3.156E-01
955.900	3.174E-01
955.950	3.174E-01
956.000	3.174E-01
956.050	3.174E-01
956.100	3.174E-01
956.150	3.168E-01
956.200	3.186E-01
956.250	3.205E-01
956.300	3.205E-01
956.350	3.205E-01
956.400	3.211E-01
956.450	3.223E-01
956.500	3.217E-01
956.550	3.217E-01
956.600	3.229E-01
956.650	3.241E-01
956.700	3.235E-01
956.750	3.241E-01
956.800	3.241E-01
956.850	3.247E-01
956.900	3.247E-01
956.950	3.247E-01
957.000	3.253E-01
957.050	3.259E-01
957.100	3.266E-01
957.150	3.284E-01
957.200	3.290E-01
957.250	3.296E-01
957.300	3.308E-01
957.350	3.314E-01
957.400	3.327E-01
957.450	3.321E-01
957.500	3.339E-01
957.550	3.351E-01
957.600	3.345E-01
957.650	3.339E-01
957.700	3.357E-01
957.750	3.357E-01
957.800	3.363E-01
957.850	3.388E-01
957.900	3.382E-01
957.950	3.382E-01
958.000	3.394E-01
958.050	3.400E-01
958.100	3.406E-01
958.150	3.412E-01
958.200	3.418E-01
958.250	3.424E-01
958.300	3.443E-01
958.350	3.455E-01
958.400	3.461E-01
958.450	3.467E-01
958.500	3.455E-01
958.550	3.467E-01
958.600	3.461E-01
958.650	3.467E-01
958.700	3.473E-01
958.750	3.498E-01
958.800	3.510E-01
958.850	3.516E-01
958.900	3.516E-01
958.950	3.522E-01
959.000	3.522E-01
959.050	3.528E-01
959.100	3.528E-01
959.150	3.528E-01
959.200	3.546E-01
959.250	3.552E-01
959.300	3.552E-01
959.350	3.565E-01
959.400	3.577E-01
959.450	3.589E-01
959.500	3.595E-01
959.550	3.601E-01
959.600	3.601E-01
959.650	3.620E-01
959.700	3.614E-01
959.750	3.620E-01
959.800	3.626E-01
959.850	3.620E-01
959.900	3.626E-01
959.950	3.620E-01
960.000	3.644E-01
960.050	3.656E-01
960.100	3.662E-01
960.150	3.681E-01
960.200	3.681E-01
960.250	3.687E-01
960.300	3.693E-01
960.350	3.687E-01
960.400	3.687E-01
960.450	3.681E-01
960.500	3.699E-01
960.550	3.693E-01
960.600	3.711E-01
960.650	3.717E-01
960.700	3.711E-01
960.750	3.723E-01
960.800	3.729E-01
960.850	3.742E-01
960.900	3.748E-01
960.950	3.754E-01
961.000	3.754E-01
961.050	3.754E-01
961.100	3.760E-01
961.150	3.772E-01
961.200	3.784E-01
961.250	3.797E-01
961.300	3.797E-01
961.350	3.791E-01
961.400	3.797E-01
961.450	3.803E-01
961.500	3.815E-01
961.550	3.815E-01
961.600	3.833E-01
961.650	3.845E-01
961.700	3.852E-01
961.750	3.858E-01
961.800	3.864E-01
961.850	3.882E-01
961.900	3.888E-01
961.950	3.888E-01
962.000	3.906E-01
962.050	3.894E-01
962.100	3.906E-01
962.150	3.919E-01
962.200	3.937E-01
962.250	3.937E-01
962.300	3.937E-01
962.350	3.955E-01
962.400	3.949E-01
962.450	3.974E-01
962.500	3.992E-01
962.550	3.998E-01
962.600	4.004E-01
962.650	4.004E-01
962.700	4.022E-01
962.750	4.035E-01
962.800	4.041E-01
962.850	4.047E-01
962.900	4.053E-01
962.950	4.077E-01
963.000	4.083E-01
963.050	4.096E-01
963.100	4.096E-01
963.150	4.077E-01
963.200	4.096E-01
963.250	4.114E-01
963.300	4.145E-01
963.350	4.145E-01
963.400	4.163E-01
963.450	4.169E-01
963.500	4.187E-01
963.550	4.193E-01
963.600	4.199E-01
963.650	4.206E-01
963.700	4.212E-01
963.750	4.224E-01
963.800	4.218E-01
963.850	4.230E-01
963.900	4.242E-01
963.950	4.248E-01
964.000	4.248E-01
964.050	4.260E-01
964.100	4.267E-01
964.150	4.260E-01
964.200	4.273E-01
964.250	4.273E-01
964.300	4.273E-01
964.350	4.279E-01
964.400	4.297E-01
964.450	4.309E-01
964.500	4.309E-01
964.550	4.309E-01
964.600	4.315E-01
964.650	4.328E-01
964.700	4.334E-01
964.750	4.322E-01
964.800	4.322E-01
964.850	4.322E-01
964.900	4.334E-01
964.950	4.334E-01
965.000	4.340E-01
965.050	4.346E-01
965.100	4.346E-01
965.150	4.352E-01
965.200	4.364E-01
965.250	4.352E-01
965.300	4.358E-01
965.350	4.364E-01
965.400	4.346E-01
965.450	4.376E-01
965.500	4.389E-01
965.550	4.395E-01
965.600	4.413E-01
965.650	4.413E-01
965.700	4.419E-01
965.750	4.425E-01
965.800	4.437E-01
965.850	4.437E-01
965.900	4.444E-01
965.950	4.456E-01
966.000	4.462E-01
966.050	4.474E-01
966.100	4.486E-01
966.150	4.492E-01
966.200	4.492E-01
966.250	4.499E-01
966.300	4.505E-01
966.350	4.492E-01
966.400	4.505E-01
966.450	4.505E-01
966.500	4.529E-01
966.550	4.523E-01
966.600	4.523E-01
966.650	4.541E-01
966.700	4.547E-01
966.750	4.541E-01
966.800	4.541E-01
966.850	4.541E-01
966.900	4.547E-01
966.950	4.547E-01
967.000	4.572E-01
967.050	4.572E-01
967.100	4.578E-01
967.150	4.584E-01
967.200	4.602E-01
967.250	4.602E-01
967.300	4.608E-01
967.350	4.608E-01
967.400	4.621E-01
967.450	4.614E-01
967.500	4.614E-01
967.550	4.633E-01
967.600	4.633E-01
967.650	4.645E-01
967.700	4.639E-01
967.750	4.645E-01
967.800	4.651E-01
967.850	4.651E-01
967.900	4.663E-01
967.950	4.688E-01
968.000	4.682E-01
968.050	4.694E-01
968.100	4.682E-01
968.150	4.688E-01
968.200	4.700E-01
968.250	4.706E-01
968.300	4.724E-01
968.350	4.730E-01
968.400	4.737E-01
968.450	4.730E-01
968.500	4.755E-01
968.550	4.743E-01
968.600	4.755E-01
968.650	4.767E-01
968.700	4.767E-01
968.750	4.773E-01
968.800	4.773E-01
968.850	4.779E-01
968.900	4.779E-01
968.950	4.767E-01
969.000	4.779E-01
969.050	4.791E-01
969.100	4.785E-01
969.150	4.791E-01
969.200	4.798E-01
969.250	4.791E-01
969.300	4.798E-01
969.350	4.791E-01
969.400	4.798E-01
969.450	4.822E-01
969.500	4.828E-01
969.550	4.840E-01
969.600	4.840E-01
969.650	4.828E-01
969.700	4.822E-01
969.750	4.828E-01
969.800	4.846E-01
969.850	4.853E-01
969.900	4.853E-01
969.950	4.846E-01
970.000	4.846E-01