-2.00000000e+01 2.24696413e-07
-1.99500000e+01 2.26035423e-07
-1.99000000e+01 2.27387853e-07
-1.98500000e+01 2.28753923e-07
-1.98000000e+01 2.30133797e-07
-1.97500000e+01 2.31527693e-07
-1.97000000e+01 2.32935743e-07
-1.96500000e+01 2.34358270e-07
-1.96000000e+01 2.35795423e-07
-1.95500000e+01 2.37247413e-07
-1.95000000e+01 2.38714487e-07
-1.94500000e+01 2.40196787e-07
-1.94000000e+01 2.41694650e-07
-1.93500000e+01 2.43208247e-07
-1.93000000e+01 2.44737847e-07
-1.92500000e+01 2.46283613e-07
-1.92000000e+01 2.47845900e-07
-1.91500000e+01 2.49424907e-07
-1.91000000e+01 2.51020877e-07
-1.90500000e+01 2.52634103e-07
-1.90000000e+01 2.54264760e-07
-1.89500000e+01 2.55913247e-07
-1.89000000e+01 2.57579780e-07
-1.88500000e+01 2.59264630e-07
-1.88000000e+01 2.60968110e-07
-1.87500000e+01 2.62690453e-07
-1.87000000e+01 2.64432050e-07
-1.86500000e+01 2.66193147e-07
-1.86000000e+01 2.67974097e-07
-1.85500000e+01 2.69775123e-07
-1.85000000e+01 2.71596677e-07
-1.84500000e+01 2.73439040e-07
-1.84000000e+01 2.75302530e-07
-1.83500000e+01 2.77187510e-07
-1.83000000e+01 2.79094310e-07
-1.82500000e+01 2.81023320e-07
-1.82000000e+01 2.82974897e-07
-1.81500000e+01 2.84949430e-07
-1.81000000e+01 2.86947273e-07
-1.80500000e+01 2.88968870e-07
-1.80000000e+01 2.91014580e-07
-1.79500000e+01 2.93084823e-07
-1.79000000e+01 2.95180027e-07
-1.78500000e+01 2.97300590e-07
-1.78000000e+01 2.99446987e-07
-1.77500000e+01 3.01619677e-07
-1.77000000e+01 3.03819077e-07
-1.76500000e+01 3.06045663e-07
-1.76000000e+01 3.08299937e-07
-1.75500000e+01 3.10582367e-07
-1.75000000e+01 3.12893463e-07
-1.74500000e+01 3.15233747e-07
-1.74000000e+01 3.17603710e-07
-1.73500000e+01 3.20003957e-07
-1.73000000e+01 3.22434970e-07
-1.72500000e+01 3.24897340e-07
-1.72000000e+01 3.27391650e-07
-1.71500000e+01 3.29918447e-07
-1.71000000e+01 3.32478377e-07
-1.70500000e+01 3.35072073e-07
-1.70000000e+01 3.37700120e-07
-1.69500000e+01 3.40363147e-07
-1.69000000e+01 3.43061920e-07
-1.68500000e+01 3.45797047e-07
-1.68000000e+01 3.48569220e-07
-1.67500000e+01 3.51379180e-07
-1.67000000e+01 3.54227623e-07
-1.66500000e+01 3.57115340e-07
-1.66000000e+01 3.60043113e-07
-1.65500000e+01 3.63011687e-07
-1.65000000e+01 3.66021880e-07
-1.64500000e+01 3.69074543e-07
-1.64000000e+01 3.72170477e-07
-1.63500000e+01 3.75310610e-07
-1.63000000e+01 3.78495833e-07
-1.62500000e+01 3.81727040e-07
-1.62000000e+01 3.85005223e-07
-1.61500000e+01 3.88331237e-07
-1.61000000e+01 3.91706253e-07
-1.60500000e+01 3.95131110e-07
-1.60000000e+01 3.98606983e-07
-1.59500000e+01 4.02134870e-07
-1.59000000e+01 4.05715947e-07
-1.58500000e+01 4.09351330e-07
-1.58000000e+01 4.13042110e-07
-1.57500000e+01 4.16789650e-07
-1.57000000e+01 4.20594987e-07
-1.56500000e+01 4.24459567e-07
-1.56000000e+01 4.28384553e-07
-1.55500000e+01 4.32371393e-07
-1.55000000e+01 4.36421427e-07
-1.54500000e+01 4.40536037e-07
-1.54000000e+01 4.44716790e-07
-1.53500000e+01 4.48965057e-07
-1.53000000e+01 4.53282480e-07
-1.52500000e+01 4.57670560e-07
-1.52000000e+01 4.62131080e-07
-1.51500000e+01 4.66665610e-07
-1.51000000e+01 4.71275930e-07
-1.50500000e+01 4.75963887e-07
-1.50000000e+01 4.80731203e-07
-1.49500000e+01 4.85579923e-07
-1.49000000e+01 4.90511877e-07
-1.48500000e+01 4.95529197e-07
-1.48000000e+01 5.00633887e-07
-1.47500000e+01 5.05828193e-07
-1.47000000e+01 5.11114333e-07
-1.46500000e+01 5.16494477e-07
-1.46000000e+01 5.21971107e-07
-1.45500000e+01 5.27546557e-07
-1.45000000e+01 5.33223520e-07
-1.44500000e+01 5.39004453e-07
-1.44000000e+01 5.44892103e-07
-1.43500000e+01 5.50889280e-07
-1.43000000e+01 5.56998760e-07
-1.42500000e+01 5.63223713e-07
-1.42000000e+01 5.69566960e-07
-1.41500000e+01 5.76031870e-07
-1.41000000e+01 5.82621540e-07
-1.40500000e+01 5.89339617e-07
-1.40000000e+01 5.96189463e-07
-1.39500000e+01 6.03174743e-07
-1.39000000e+01 6.10299347e-07
-1.38500000e+01 6.17566887e-07
-1.38000000e+01 6.24981753e-07
-1.37500000e+01 6.32547867e-07
-1.37000000e+01 6.40269873e-07
-1.36500000e+01 6.48152030e-07
-1.36000000e+01 6.56199077e-07
-1.35500000e+01 6.64416013e-07
-1.35000000e+01 6.72807607e-07
-1.34500000e+01 6.81379430e-07
-1.34000000e+01 6.90136483e-07
-1.33500000e+01 6.99084827e-07
-1.33000000e+01 7.08230007e-07
-1.32500000e+01 7.17578410e-07
-1.32000000e+01 7.27136107e-07
-1.31500000e+01 7.36909767e-07
-1.31000000e+01 7.46906393e-07
-1.30500000e+01 7.57132687e-07
-1.30000000e+01 7.67596647e-07
-1.29500000e+01 7.78305480e-07
-1.29000000e+01 7.89267610e-07
-1.28500000e+01 8.00491240e-07
-1.28000000e+01 8.11985077e-07
-1.27500000e+01 8.23758487e-07
-1.27000000e+01 8.35820543e-07
-1.26500000e+01 8.48181667e-07
-1.26000000e+01 8.60851707e-07
-1.25500000e+01 8.73841977e-07
-1.25000000e+01 8.87163480e-07
-1.24500000e+01 9.00828103e-07
-1.24000000e+01 9.14848317e-07
-1.23500000e+01 9.29236677e-07
-1.23000000e+01 9.44007253e-07
-1.22500000e+01 9.59173597e-07
-1.22000000e+01 9.74751143e-07
-1.21500000e+01 9.90754933e-07
-1.21000000e+01 1.00720155e-06
-1.20500000e+01 1.02410812e-06
-1.20000000e+01 1.04149210e-06
-1.19500000e+01 1.05937299e-06
-1.19000000e+01 1.07776968e-06
-1.18500000e+01 1.09670395e-06
-1.18000000e+01 1.11619679e-06
-1.17500000e+01 1.13627178e-06
-1.17000000e+01 1.15695265e-06
-1.16500000e+01 1.17826506e-06
-1.16000000e+01 1.20023600e-06
-1.15500000e+01 1.22289305e-06
-1.15000000e+01 1.24626686e-06
-1.14500000e+01 1.27038817e-06
-1.14000000e+01 1.29529089e-06
-1.13500000e+01 1.32100967e-06
-1.13000000e+01 1.34758170e-06
-1.12500000e+01 1.37504660e-06
-1.12000000e+01 1.40344510e-06
-1.11500000e+01 1.43282230e-06
-1.11000000e+01 1.46322387e-06
-1.10500000e+01 1.49470023e-06
-1.10000000e+01 1.52730337e-06
-1.09500000e+01 1.56108937e-06
-1.09000000e+01 1.59611797e-06
-1.08500000e+01 1.63245117e-06
-1.08000000e+01 1.67015757e-06
-1.07500000e+01 1.70930760e-06
-1.07000000e+01 1.74997897e-06
-1.06500000e+01 1.79225230e-06
-1.06000000e+01 1.83621503e-06
-1.05500000e+01 1.88196077e-06
-1.05000000e+01 1.92958807e-06
-1.04500000e+01 1.97920507e-06
-1.04000000e+01 2.03092473e-06
-1.03500000e+01 2.08487170e-06
-1.03000000e+01 2.14117660e-06
-1.02500000e+01 2.19998183e-06
-1.02000000e+01 2.26144027e-06
-1.01500000e+01 2.32571653e-06
-1.01000000e+01 2.39298840e-06
-1.00500000e+01 2.46344640e-06
-1.00000000e+01 2.53730010e-06
-9.95000000e+00 2.61477187e-06
-9.90000000e+00 2.69610700e-06
-9.85000000e+00 2.78156870e-06
-9.80000000e+00 2.87144400e-06
-9.75000000e+00 2.96604623e-06
-9.70000000e+00 3.06571327e-06
-9.65000000e+00 3.17081987e-06
-9.60000000e+00 3.28176890e-06
-9.55000000e+00 3.39900740e-06
-9.50000000e+00 3.52302090e-06
-9.45000000e+00 3.65434397e-06
-9.40000000e+00 3.79356700e-06
-9.35000000e+00 3.94133330e-06
-9.30000000e+00 4.09836277e-06
-9.25000000e+00 4.26544157e-06
-9.20000000e+00 4.44344893e-06
-9.15000000e+00 4.63335383e-06
-9.10000000e+00 4.83623753e-06
-9.05000000e+00 5.05330493e-06
-9.00000000e+00 5.28589487e-06
-8.95000000e+00 5.53551560e-06
-8.90000000e+00 5.80384557e-06
-8.85000000e+00 6.09278547e-06
-8.80000000e+00 6.40446100e-06
-8.75000000e+00 6.74128023e-06
-8.70000000e+00 7.10596607e-06
-8.65000000e+00 7.50159540e-06
-8.60000000e+00 7.93167997e-06
-8.55000000e+00 8.40019860e-06
-8.50000000e+00 8.91171310e-06
-8.45000000e+00 9.47141130e-06
-8.40000000e+00 1.00852565e-05
-8.35000000e+00 1.07600641e-05
-8.30000000e+00 1.15036656e-05
-8.25000000e+00 1.23250374e-05
-8.20000000e+00 1.32344674e-05
-8.15000000e+00 1.42437627e-05
-8.10000000e+00 1.53663487e-05
-8.05000000e+00 1.66175047e-05
-8.00000000e+00 1.80143770e-05
-7.95000000e+00 1.95760240e-05
-7.90000000e+00 2.13231930e-05
-7.85000000e+00 2.32777647e-05
-7.80000000e+00 2.54619023e-05
-7.75000000e+00 2.78961930e-05
-7.70000000e+00 3.05972837e-05
-7.65000000e+00 3.35740437e-05
-7.60000000e+00 3.68229880e-05
-7.55000000e+00 4.03227680e-05
-7.50000000e+00 4.40288350e-05
-7.45000000e+00 4.78701923e-05
-7.40000000e+00 5.17489020e-05
-7.35000000e+00 5.55451717e-05
-7.30000000e+00 5.91261917e-05
-7.25000000e+00 6.23582420e-05
-7.20000000e+00 6.51178467e-05
-7.15000000e+00 6.73004243e-05
-7.10000000e+00 6.88265543e-05
-7.05000000e+00 6.96461257e-05
-7.00000000e+00 6.97417083e-05
-6.95000000e+00 6.91291283e-05
-6.90000000e+00 6.78548190e-05
-6.85000000e+00 6.59894740e-05
-6.80000000e+00 6.36195190e-05
-6.75000000e+00 6.08390500e-05
-6.70000000e+00 5.77431947e-05
-6.65000000e+00 5.44243097e-05
-6.60000000e+00 5.09703147e-05
-6.55000000e+00 4.74634443e-05
-6.50000000e+00 4.39790713e-05
-6.45000000e+00 4.05833920e-05
-6.40000000e+00 3.73311660e-05
-6.35000000e+00 3.42639313e-05
-6.30000000e+00 3.14093580e-05
-6.25000000e+00 2.87822830e-05
-6.20000000e+00 2.63864110e-05
-6.15000000e+00 2.42168793e-05
-6.10000000e+00 2.22626897e-05
-6.05000000e+00 2.05090153e-05
-6.00000000e+00 1.89391027e-05
-5.95000000e+00 1.75355650e-05
-5.90000000e+00 1.62814680e-05
-5.85000000e+00 1.51608380e-05
-5.80000000e+00 1.41590623e-05
-5.75000000e+00 1.32629798e-05
-5.70000000e+00 1.24609129e-05
-5.65000000e+00 1.17426145e-05
-5.60000000e+00 1.10991303e-05
-5.55000000e+00 1.05227181e-05
-5.50000000e+00 1.00066906e-05
-5.45000000e+00 9.54533203e-06
-5.40000000e+00 9.13376247e-06
-5.35000000e+00 8.76785680e-06
-5.30000000e+00 8.44415357e-06
-5.25000000e+00 8.15975730e-06
-5.20000000e+00 7.91226803e-06
-5.15000000e+00 7.69967337e-06
-5.10000000e+00 7.52025293e-06
-5.05000000e+00 7.37241543e-06
-5.00000000e+00 7.25453213e-06
-4.95000000e+00 7.16468230e-06
-4.90000000e+00 7.10039127e-06
-4.85000000e+00 7.05832490e-06
-4.80000000e+00 7.03408297e-06
-4.75000000e+00 7.02220600e-06
-4.70000000e+00 7.01652070e-06
-4.65000000e+00 7.01096113e-06
-4.60000000e+00 7.00067467e-06
-4.55000000e+00 6.98312860e-06
-4.50000000e+00 6.95866050e-06
-4.45000000e+00 6.93023460e-06
-4.40000000e+00 6.90244867e-06
-4.35000000e+00 6.88023337e-06
-4.30000000e+00 6.86774060e-06
-4.25000000e+00 6.86768287e-06
-4.20000000e+00 6.88120200e-06
-4.15000000e+00 6.90803877e-06
-4.10000000e+00 6.94680553e-06
-4.05000000e+00 6.99518837e-06
-4.00000000e+00 7.05008110e-06
-3.95000000e+00 7.10779530e-06
-3.90000000e+00 7.16447567e-06
-3.85000000e+00 7.21675380e-06
-3.80000000e+00 7.26240000e-06
-3.75000000e+00 7.30071930e-06
-3.70000000e+00 7.33252087e-06
-3.65000000e+00 7.35974400e-06
-3.60000000e+00 7.38496380e-06
-3.55000000e+00 7.41099883e-06
-3.50000000e+00 7.44068740e-06
-3.45000000e+00 7.47678853e-06
-3.40000000e+00 7.52196490e-06
-3.35000000e+00 7.57876363e-06
-3.30000000e+00 7.64965167e-06
-3.25000000e+00 7.73702130e-06
-3.20000000e+00 7.84314403e-06
-3.15000000e+00 7.96996247e-06
-3.10000000e+00 8.11872797e-06
-3.05000000e+00 8.28954443e-06
-3.00000000e+00 8.48094320e-06
-2.95000000e+00 8.68972453e-06
-2.90000000e+00 8.91114897e-06
-2.85000000e+00 9.13959820e-06
-2.80000000e+00 9.36951347e-06
-2.75000000e+00 9.59637063e-06
-2.70000000e+00 9.81732413e-06
-2.65000000e+00 1.00313082e-05
-2.60000000e+00 1.02386515e-05
-2.55000000e+00 1.04404771e-05
-2.50000000e+00 1.06382648e-05
-2.45000000e+00 1.08337103e-05
-2.40000000e+00 1.10288670e-05
-2.35000000e+00 1.12262803e-05
-2.30000000e+00 1.14288553e-05
-2.25000000e+00 1.16393260e-05
-2.20000000e+00 1.18594390e-05
-2.15000000e+00 1.20890957e-05
-2.10000000e+00 1.23257497e-05
-2.05000000e+00 1.25642900e-05
-2.00000000e+00 1.27974953e-05
-1.95000000e+00 1.30169963e-05
-1.90000000e+00 1.32145257e-05
-1.85000000e+00 1.33832943e-05
-1.80000000e+00 1.35191223e-05
-1.75000000e+00 1.36212477e-05
-1.70000000e+00 1.36926200e-05
-1.65000000e+00 1.37397120e-05
-1.60000000e+00 1.37718093e-05
-1.55000000e+00 1.37999147e-05
-1.50000000e+00 1.38354117e-05
-1.45000000e+00 1.38886650e-05
-1.40000000e+00 1.39678257e-05
-1.35000000e+00 1.40779580e-05
-1.30000000e+00 1.42206453e-05
-1.25000000e+00 1.43940780e-05
-1.20000000e+00 1.45936210e-05
-1.15000000e+00 1.48127320e-05
-1.10000000e+00 1.50440057e-05
-1.05000000e+00 1.52801587e-05
-1.00000000e+00 1.55146177e-05
-9.50000000e-01 1.57416480e-05
-9.00000000e-01 1.59560243e-05
-8.50000000e-01 1.61524857e-05
-8.00000000e-01 1.63253087e-05
-7.50000000e-01 1.64682637e-05
-7.00000000e-01 1.65751210e-05
-6.50000000e-01 1.66405590e-05
-6.00000000e-01 1.66612257e-05
-5.50000000e-01 1.66365620e-05
-5.00000000e-01 1.65690857e-05
-4.50000000e-01 1.64640377e-05
-4.00000000e-01 1.63285320e-05
-3.50000000e-01 1.61704003e-05
-3.00000000e-01 1.59970770e-05
-2.50000000e-01 1.58146863e-05
-2.00000000e-01 1.56274810e-05
-1.50000000e-01 1.54376103e-05
-1.00000000e-01 1.52452517e-05
-5.00000000e-02 1.50490007e-05
0.00000000e+00 1.48465303e-05
5.00000000e-02 1.46353877e-05
1.00000000e-01 1.44138403e-05
1.50000000e-01 1.41816257e-05
2.00000000e-01 1.39403733e-05
2.50000000e-01 1.36936933e-05
3.00000000e-01 1.34467867e-05
3.50000000e-01 1.32058087e-05
4.00000000e-01 1.29770327e-05
4.50000000e-01 1.27661347e-05
5.00000000e-01 1.25776787e-05
5.50000000e-01 1.24148740e-05
6.00000000e-01 1.22797067e-05
6.50000000e-01 1.21732240e-05
7.00000000e-01 1.20960373e-05
7.50000000e-01 1.20487693e-05
8.00000000e-01 1.20324363e-05
8.50000000e-01 1.20485900e-05
9.00000000e-01 1.20992220e-05
9.50000000e-01 1.21864137e-05
1.00000000e+00 1.23118137e-05
1.05000000e+00 1.24760370e-05
1.10000000e+00 1.26780940e-05
1.15000000e+00 1.29149563e-05
1.20000000e+00 1.31813403e-05
1.25000000e+00 1.34698410e-05
1.30000000e+00 1.37713547e-05
1.35000000e+00 1.40758730e-05
1.40000000e+00 1.43734277e-05
1.45000000e+00 1.46550457e-05
1.50000000e+00 1.49134260e-05
1.55000000e+00 1.51431987e-05
1.60000000e+00 1.53407357e-05
1.65000000e+00 1.55036150e-05
1.70000000e+00 1.56300420e-05
1.75000000e+00 1.57184257e-05
1.80000000e+00 1.57673247e-05
1.85000000e+00 1.57757570e-05
1.90000000e+00 1.57437420e-05
1.95000000e+00 1.56728703e-05
2.00000000e+00 1.55666277e-05
2.05000000e+00 1.54303600e-05
2.10000000e+00 1.52708233e-05
2.15000000e+00 1.50954707e-05
2.20000000e+00 1.49116547e-05
2.25000000e+00 1.47259400e-05
2.30000000e+00 1.45436820e-05
2.35000000e+00 1.43688847e-05
2.40000000e+00 1.42043273e-05
2.45000000e+00 1.40518403e-05
2.50000000e+00 1.39126430e-05
2.55000000e+00 1.37876460e-05
2.60000000e+00 1.36776573e-05
2.65000000e+00 1.35834977e-05
2.70000000e+00 1.35060133e-05
2.75000000e+00 1.34460433e-05
2.80000000e+00 1.34043603e-05
2.85000000e+00 1.33816090e-05
2.90000000e+00 1.33782627e-05
2.95000000e+00 1.33945777e-05
3.00000000e+00 1.34305400e-05
3.05000000e+00 1.34857897e-05
3.10000000e+00 1.35595133e-05
3.15000000e+00 1.36503117e-05
3.20000000e+00 1.37560770e-05
3.25000000e+00 1.38739160e-05
3.30000000e+00 1.40001663e-05
3.35000000e+00 1.41305560e-05
3.40000000e+00 1.42605057e-05
3.45000000e+00 1.43855653e-05
3.50000000e+00 1.45018943e-05
3.55000000e+00 1.46066937e-05
3.60000000e+00 1.46984853e-05
3.65000000e+00 1.47771293e-05
3.70000000e+00 1.48435940e-05
3.75000000e+00 1.48995060e-05
3.80000000e+00 1.49466083e-05
3.85000000e+00 1.49862630e-05
3.90000000e+00 1.50191173e-05
3.95000000e+00 1.50450413e-05
4.00000000e+00 1.50633320e-05
4.05000000e+00 1.50731540e-05
4.10000000e+00 1.50741013e-05
4.15000000e+00 1.50667213e-05
4.20000000e+00 1.50528757e-05
4.25000000e+00 1.50358060e-05
4.30000000e+00 1.50198880e-05
4.35000000e+00 1.50101347e-05
4.40000000e+00 1.50115483e-05
4.45000000e+00 1.50284700e-05
4.50000000e+00 1.50640437e-05
4.55000000e+00 1.51198913e-05
4.60000000e+00 1.51960247e-05
4.65000000e+00 1.52909940e-05
4.70000000e+00 1.54022343e-05
4.75000000e+00 1.55265307e-05
4.80000000e+00 1.56605217e-05
4.85000000e+00 1.58011283e-05
4.90000000e+00 1.59458237e-05
4.95000000e+00 1.60927043e-05
5.00000000e+00 1.62403560e-05
5.05000000e+00 1.63875843e-05
5.10000000e+00 1.65331200e-05
5.15000000e+00 1.66753900e-05
5.20000000e+00 1.68124877e-05
5.25000000e+00 1.69423717e-05
5.30000000e+00 1.70632803e-05
5.35000000e+00 1.71742693e-05
5.40000000e+00 1.72757443e-05
5.45000000e+00 1.73698047e-05
5.50000000e+00 1.74602787e-05
5.55000000e+00 1.75523960e-05
5.60000000e+00 1.76521473e-05
5.65000000e+00 1.77654103e-05
5.70000000e+00 1.78970377e-05
5.75000000e+00 1.80500180e-05
5.80000000e+00 1.82248690e-05
5.85000000e+00 1.84193147e-05
5.90000000e+00 1.86283220e-05
5.95000000e+00 1.88445140e-05
6.00000000e+00 1.90589230e-05
6.05000000e+00 1.92620120e-05
6.10000000e+00 1.94447927e-05
6.15000000e+00 1.95998717e-05
6.20000000e+00 1.97221887e-05
6.25000000e+00 1.98093270e-05
6.30000000e+00 1.98613570e-05
6.35000000e+00 1.98803307e-05
6.40000000e+00 1.98695640e-05
6.45000000e+00 1.98329717e-05
6.50000000e+00 1.97745623e-05
6.55000000e+00 1.96982080e-05
6.60000000e+00 1.96076327e-05
6.65000000e+00 1.95065670e-05
6.70000000e+00 1.93989263e-05
6.75000000e+00 1.92889020e-05
6.80000000e+00 1.91809043e-05
6.85000000e+00 1.90793250e-05
6.90000000e+00 1.89881730e-05
6.95000000e+00 1.89106370e-05
7.00000000e+00 1.88486730e-05
7.05000000e+00 1.88027030e-05
7.10000000e+00 1.87714877e-05
7.15000000e+00 1.87522020e-05
7.20000000e+00 1.87407363e-05
7.25000000e+00 1.87321637e-05
7.30000000e+00 1.87213407e-05
7.35000000e+00 1.87035057e-05
7.40000000e+00 1.86748013e-05
7.45000000e+00 1.86326120e-05
7.50000000e+00 1.85756683e-05
7.55000000e+00 1.85039260e-05
7.60000000e+00 1.84182603e-05
7.65000000e+00 1.83201040e-05
7.70000000e+00 1.82110850e-05
7.75000000e+00 1.80927820e-05
7.80000000e+00 1.79666303e-05
7.85000000e+00 1.78339723e-05
7.90000000e+00 1.76962113e-05
7.95000000e+00 1.75550010e-05
8.00000000e+00 1.74123947e-05
8.05000000e+00 1.72709037e-05
8.10000000e+00 1.71334093e-05
8.15000000e+00 1.70029813e-05
8.20000000e+00 1.68825973e-05
8.25000000e+00 1.67748527e-05
8.30000000e+00 1.66817110e-05
8.35000000e+00 1.66043393e-05
8.40000000e+00 1.65430793e-05
8.45000000e+00 1.64975300e-05
8.50000000e+00 1.64667477e-05
8.55000000e+00 1.64495087e-05
8.60000000e+00 1.64445833e-05
8.65000000e+00 1.64509617e-05
8.70000000e+00 1.64679807e-05
8.75000000e+00 1.64953233e-05
8.80000000e+00 1.65328813e-05
8.85000000e+00 1.65805127e-05
8.90000000e+00 1.66377457e-05
8.95000000e+00 1.67034920e-05
9.00000000e+00 1.67758247e-05
9.05000000e+00 1.68518943e-05
9.10000000e+00 1.69279970e-05
9.15000000e+00 1.69998477e-05
9.20000000e+00 1.70630007e-05
9.25000000e+00 1.71134153e-05
9.30000000e+00 1.71480593e-05
9.35000000e+00 1.71654447e-05
9.40000000e+00 1.71659833e-05
9.45000000e+00 1.71520793e-05
9.50000000e+00 1.71279210e-05
9.55000000e+00 1.70990147e-05
9.60000000e+00 1.70715590e-05
9.65000000e+00 1.70517683e-05
9.70000000e+00 1.70452783e-05
9.75000000e+00 1.70566813e-05
9.80000000e+00 1.70892513e-05
9.85000000e+00 1.71448303e-05
9.90000000e+00 1.72238713e-05
9.95000000e+00 1.73255807e-05
1.00000000e+01 1.74481290e-05
1.00500000e+01 1.75888920e-05
1.01000000e+01 1.77446757e-05
1.01500000e+01 1.79119083e-05
1.02000000e+01 1.80867727e-05
1.02500000e+01 1.82652860e-05
1.03000000e+01 1.84433417e-05
1.03500000e+01 1.86167517e-05
1.04000000e+01 1.87813230e-05
1.04500000e+01 1.89330213e-05
1.05000000e+01 1.90682167e-05
1.05500000e+01 1.91840000e-05
1.06000000e+01 1.92785190e-05
1.06500000e+01 1.93512500e-05
1.07000000e+01 1.94031370e-05
1.07500000e+01 1.94365310e-05
1.08000000e+01 1.94549330e-05
1.08500000e+01 1.94625530e-05
1.09000000e+01 1.94637863e-05
1.09500000e+01 1.94626840e-05
1.10000000e+01 1.94625337e-05
1.10500000e+01 1.94656007e-05
1.11000000e+01 1.94730963e-05
1.11500000e+01 1.94853460e-05
1.12000000e+01 1.95021427e-05
1.12500000e+01 1.95232057e-05
1.13000000e+01 1.95486583e-05
1.13500000e+01 1.95794357e-05
1.14000000e+01 1.96175313e-05
1.14500000e+01 1.96660337e-05
1.15000000e+01 1.97289390e-05
1.15500000e+01 1.98107760e-05
1.16000000e+01 1.99161023e-05
1.16500000e+01 2.00489773e-05
1.17000000e+01 2.02124847e-05
1.17500000e+01 2.04084200e-05
1.18000000e+01 2.06371720e-05
1.18500000e+01 2.08978773e-05
1.19000000e+01 2.11888433e-05
1.19500000e+01 2.15082387e-05
1.20000000e+01 2.18549650e-05
1.20500000e+01 2.22296060e-05
1.21000000e+01 2.26353030e-05
1.21500000e+01 2.30783727e-05
1.22000000e+01 2.35685630e-05
1.22500000e+01 2.41188973e-05
1.23000000e+01 2.47451507e-05
1.23500000e+01 2.54650523e-05
1.24000000e+01 2.62973490e-05
1.24500000e+01 2.72608103e-05
1.25000000e+01 2.83732043e-05
1.25500000e+01 2.96501687e-05
1.26000000e+01 3.11038810e-05
1.26500000e+01 3.27414230e-05
1.27000000e+01 3.45627080e-05
1.27500000e+01 3.65579963e-05
1.28000000e+01 3.87052160e-05
1.28500000e+01 4.09675183e-05
1.29000000e+01 4.32918283e-05
1.29500000e+01 4.56093613e-05
1.30000000e+01 4.78390060e-05
1.30500000e+01 4.98939303e-05
1.31000000e+01 5.16907963e-05
1.31500000e+01 5.31597983e-05
1.32000000e+01 5.42530323e-05
1.32500000e+01 5.49489167e-05
1.33000000e+01 5.52516333e-05
1.33500000e+01 5.51862530e-05
1.34000000e+01 5.47914190e-05
1.34500000e+01 5.41119293e-05
1.35000000e+01 5.31929807e-05
1.35500000e+01 5.20768590e-05
1.36000000e+01 5.08019517e-05
1.36500000e+01 4.94032393e-05
1.37000000e+01 4.79133670e-05
1.37500000e+01 4.63634223e-05
1.38000000e+01 4.47831027e-05
1.38500000e+01 4.32001523e-05
1.39000000e+01 4.16394000e-05
1.39500000e+01 4.01216613e-05
1.40000000e+01 3.86628747e-05
1.40500000e+01 3.72736713e-05
1.41000000e+01 3.59594143e-05
1.41500000e+01 3.47207347e-05
1.42000000e+01 3.35544487e-05
1.42500000e+01 3.24547540e-05
1.43000000e+01 3.14145360e-05
1.43500000e+01 3.04266487e-05
1.44000000e+01 2.94850060e-05
1.44500000e+01 2.85853540e-05
1.45000000e+01 2.77256120e-05
1.45500000e+01 2.69057953e-05
1.46000000e+01 2.61275477e-05
1.46500000e+01 2.53934277e-05
1.47000000e+01 2.47060753e-05
1.47500000e+01 2.40674200e-05
1.48000000e+01 2.34780390e-05
1.48500000e+01 2.29367317e-05
1.49000000e+01 2.24403510e-05
1.49500000e+01 2.19838907e-05
1.50000000e+01 2.15608050e-05
1.50500000e+01 2.11635227e-05
1.51000000e+01 2.07840823e-05
1.51500000e+01 2.04147977e-05
1.52000000e+01 2.00488497e-05
1.52500000e+01 1.96806787e-05
1.53000000e+01 1.93061293e-05
1.53500000e+01 1.89223167e-05
1.54000000e+01 1.85272730e-05
1.54500000e+01 1.81195040e-05
1.55000000e+01 1.76975783e-05
1.55500000e+01 1.72599040e-05
1.56000000e+01 1.68047573e-05
1.56500000e+01 1.63305880e-05
1.57000000e+01 1.58365283e-05
1.57500000e+01 1.53229537e-05
1.58000000e+01 1.47919457e-05
1.58500000e+01 1.42474773e-05
1.59000000e+01 1.36952630e-05
1.59500000e+01 1.31422850e-05
1.60000000e+01 1.25961103e-05
1.60500000e+01 1.20641480e-05
1.61000000e+01 1.15530083e-05
1.61500000e+01 1.10680440e-05
1.62000000e+01 1.06131120e-05
1.62500000e+01 1.01905329e-05
1.63000000e+01 9.80119687e-06
1.63500000e+01 9.44475977e-06
1.64000000e+01 9.11989080e-06
1.64500000e+01 8.82452900e-06
1.65000000e+01 8.55614637e-06
1.65500000e+01 8.31200460e-06
1.66000000e+01 8.08939193e-06
1.66500000e+01 7.88584323e-06
1.67000000e+01 7.69932093e-06
1.67500000e+01 7.52834427e-06
1.68000000e+01 7.37204567e-06
1.68500000e+01 7.23015830e-06
1.69000000e+01 7.10293570e-06
1.69500000e+01 6.99101907e-06
1.70000000e+01 6.89527990e-06
1.70500000e+01 6.81665740e-06
1.71000000e+01 6.75600620e-06
1.71500000e+01 6.71396443e-06
1.72000000e+01 6.69083687e-06
1.72500000e+01 6.68649893e-06
1.73000000e+01 6.70031333e-06
1.73500000e+01 6.73106510e-06
1.74000000e+01 6.77692757e-06
1.74500000e+01 6.83547900e-06
1.75000000e+01 6.90379367e-06
1.75500000e+01 6.97862457e-06
1.76000000e+01 7.05668283e-06
1.76500000e+01 7.13498670e-06
1.77000000e+01 7.21122833e-06
1.77500000e+01 7.28407180e-06
1.78000000e+01 7.35332123e-06
1.78500000e+01 7.41989180e-06
1.79000000e+01 7.48559840e-06
1.79500000e+01 7.55279030e-06
1.80000000e+01 7.62391343e-06
1.80500000e+01 7.70106423e-06
1.81000000e+01 7.78560173e-06
1.81500000e+01 7.87785757e-06
1.82000000e+01 7.97696500e-06
1.82500000e+01 8.08082813e-06
1.83000000e+01 8.18624480e-06
1.83500000e+01 8.28919697e-06
1.84000000e+01 8.38529340e-06
1.84500000e+01 8.47033150e-06
1.85000000e+01 8.54089873e-06
1.85500000e+01 8.59491133e-06
1.86000000e+01 8.63197043e-06
1.86500000e+01 8.65346903e-06
1.87000000e+01 8.66242447e-06
1.87500000e+01 8.66308473e-06
1.88000000e+01 8.66040563e-06
1.88500000e+01 8.65950003e-06
1.89000000e+01 8.66515297e-06
1.89500000e+01 8.68144113e-06
1.90000000e+01 8.71147600e-06
1.90500000e+01 8.75725303e-06
1.91000000e+01 8.81958257e-06
1.91500000e+01 8.89807997e-06
1.92000000e+01 8.99119497e-06
1.92500000e+01 9.09628307e-06
1.93000000e+01 9.20972030e-06
1.93500000e+01 9.32707420e-06
1.94000000e+01 9.44333797e-06
1.94500000e+01 9.55323783e-06
1.95000000e+01 9.65159180e-06
1.95500000e+01 9.73369720e-06
1.96000000e+01 9.79569623e-06
1.96500000e+01 9.83487457e-06
1.97000000e+01 9.84984137e-06
1.97500000e+01 9.84055920e-06
1.98000000e+01 9.80822873e-06
1.98500000e+01 9.75504157e-06
1.99000000e+01 9.68385257e-06
1.99500000e+01 9.59782477e-06
2.00000000e+01 9.50009690e-06
2.00500000e+01 9.39351193e-06
2.01000000e+01 9.28043423e-06
2.01500000e+01 9.16265320e-06
2.02000000e+01 9.04137643e-06
2.02500000e+01 8.91729297e-06
2.03000000e+01 8.79069163e-06
2.03500000e+01 8.66161517e-06
2.04000000e+01 8.53003193e-06
2.04500000e+01 8.39600170e-06
2.05000000e+01 8.25982550e-06
2.05500000e+01 8.12215333e-06
2.06000000e+01 7.98403843e-06
2.06500000e+01 7.84693910e-06
2.07000000e+01 7.71266223e-06
2.07500000e+01 7.58326880e-06
2.08000000e+01 7.46095580e-06
2.08500000e+01 7.34793517e-06
2.09000000e+01 7.24632900e-06
2.09500000e+01 7.15808787e-06
2.10000000e+01 7.08494003e-06
2.10500000e+01 7.02836917e-06
2.11000000e+01 6.98960743e-06
2.11500000e+01 6.96964157e-06
2.12000000e+01 6.96921457e-06
2.12500000e+01 6.98881953e-06
2.13000000e+01 7.02867633e-06
2.13500000e+01 7.08868217e-06
2.14000000e+01 7.16835250e-06
2.14500000e+01 7.26673873e-06
2.15000000e+01 7.38234337e-06
2.15500000e+01 7.51304273e-06
2.16000000e+01 7.65604283e-06
2.16500000e+01 7.80787673e-06
2.17000000e+01 7.96447217e-06
2.17500000e+01 8.12129933e-06
2.18000000e+01 8.27359453e-06
2.18500000e+01 8.41664210e-06
2.19000000e+01 8.54607287e-06
2.19500000e+01 8.65814433e-06
2.20000000e+01 8.74994790e-06
2.20500000e+01 8.81952180e-06
2.21000000e+01 8.86585227e-06
2.21500000e+01 8.88880380e-06
2.22000000e+01 8.88899237e-06
2.22500000e+01 8.86764783e-06
2.23000000e+01 8.82649733e-06
2.23500000e+01 8.76767433e-06
2.24000000e+01 8.69365347e-06
2.24500000e+01 8.60718773e-06
2.25000000e+01 8.51123953e-06
2.25500000e+01 8.40888927e-06
2.26000000e+01 8.30321733e-06
2.26500000e+01 8.19717677e-06
2.27000000e+01 8.09346433e-06
2.27500000e+01 7.99440843e-06
2.28000000e+01 7.90189467e-06
2.28500000e+01 7.81733033e-06
2.29000000e+01 7.74165570e-06
2.29500000e+01 7.67540103e-06
2.30000000e+01 7.61878107e-06
2.30500000e+01 7.57180800e-06
2.31000000e+01 7.53441260e-06
2.31500000e+01 7.50655417e-06
2.32000000e+01 7.48829433e-06
2.32500000e+01 7.47982440e-06
2.33000000e+01 7.48144067e-06
2.33500000e+01 7.49346273e-06
2.34000000e+01 7.51611350e-06
2.34500000e+01 7.54937120e-06
2.35000000e+01 7.59282283e-06
2.35500000e+01 7.64554880e-06
2.36000000e+01 7.70605707e-06
2.36500000e+01 7.77230200e-06
2.37000000e+01 7.84179140e-06
2.37500000e+01 7.91179127e-06
2.38000000e+01 7.97960253e-06
2.38500000e+01 8.04285887e-06
2.39000000e+01 8.09980260e-06
2.39500000e+01 8.14945197e-06
2.40000000e+01 8.19163293e-06
2.40500000e+01 8.22685130e-06
2.41000000e+01 8.25604113e-06
2.41500000e+01 8.28025277e-06
2.42000000e+01 8.30034757e-06
2.42500000e+01 8.31679453e-06
2.43000000e+01 8.32959313e-06
2.43500000e+01 8.33836197e-06
2.44000000e+01 8.34256243e-06
2.44500000e+01 8.34179740e-06
2.45000000e+01 8.33613220e-06
2.45500000e+01 8.32632033e-06
2.46000000e+01 8.31390457e-06
2.46500000e+01 8.30112793e-06
2.47000000e+01 8.29070237e-06
2.47500000e+01 8.28546390e-06
2.48000000e+01 8.28800173e-06
2.48500000e+01 8.30033237e-06
2.49000000e+01 8.32365957e-06
2.49500000e+01 8.35827947e-06
2.50000000e+01 8.40360903e-06
2.50500000e+01 8.45835080e-06
2.51000000e+01 8.52074160e-06
2.51500000e+01 8.58886147e-06
2.52000000e+01 8.66091123e-06
2.52500000e+01 8.73542217e-06
2.53000000e+01 8.81134397e-06
2.53500000e+01 8.88798840e-06
2.54000000e+01 8.96486513e-06
2.54500000e+01 9.04145013e-06
2.55000000e+01 9.11699607e-06
2.55500000e+01 9.19042643e-06
2.56000000e+01 9.26039257e-06
2.56500000e+01 9.32550843e-06
2.57000000e+01 9.38470363e-06
2.57500000e+01 9.43763287e-06
2.58000000e+01 9.48499397e-06
2.58500000e+01 9.52867327e-06
2.59000000e+01 9.57162733e-06
2.59500000e+01 9.61750280e-06
2.60000000e+01 9.67008600e-06
2.60500000e+01 9.73265400e-06
2.61000000e+01 9.80738963e-06
2.61500000e+01 9.89492540e-06
2.62000000e+01 9.99411227e-06
2.62500000e+01 1.01020555e-05
2.63000000e+01 1.02144157e-05
2.63500000e+01 1.03259600e-05
2.64000000e+01 1.04312677e-05
2.64500000e+01 1.05254813e-05
2.65000000e+01 1.06049003e-05
2.65500000e+01 1.06673147e-05
2.66000000e+01 1.07119780e-05
2.66500000e+01 1.07392840e-05
2.67000000e+01 1.07502687e-05
2.67500000e+01 1.07461277e-05
2.68000000e+01 1.07279253e-05
2.68500000e+01 1.06965497e-05
2.69000000e+01 1.06529210e-05
2.69500000e+01 1.05983220e-05
2.70000000e+01 1.05347243e-05
2.70500000e+01 1.04649397e-05
2.71000000e+01 1.03925127e-05
2.71500000e+01 1.03213863e-05
2.72000000e+01 1.02553660e-05
2.72500000e+01 1.01975713e-05
2.73000000e+01 1.01499521e-05
2.73500000e+01 1.01130195e-05
2.74000000e+01 1.00858279e-05
2.74500000e+01 1.00662159e-05
2.75000000e+01 1.00512716e-05
2.75500000e+01 1.00379119e-05
2.76000000e+01 1.00234475e-05
2.76500000e+01 1.00059853e-05
2.77000000e+01 9.98457503e-06
2.77500000e+01 9.95906283e-06
2.78000000e+01 9.92971373e-06
2.78500000e+01 9.89676180e-06
2.79000000e+01 9.86001163e-06
2.79500000e+01 9.81867627e-06
2.80000000e+01 9.77146103e-06
2.80500000e+01 9.71693277e-06
2.81000000e+01 9.65400063e-06
2.81500000e+01 9.58241157e-06
2.82000000e+01 9.50305270e-06
2.82500000e+01 9.41795933e-06
2.83000000e+01 9.33004450e-06
2.83500000e+01 9.24258173e-06
2.84000000e+01 9.15864613e-06
2.84500000e+01 9.08060440e-06
2.85000000e+01 9.00984283e-06
2.85500000e+01 8.94671613e-06
2.86000000e+01 8.89075827e-06
2.86500000e+01 8.84105260e-06
2.87000000e+01 8.79666657e-06
2.87500000e+01 8.75703410e-06
2.88000000e+01 8.72216573e-06
2.88500000e+01 8.69267457e-06
2.89000000e+01 8.66958797e-06
2.89500000e+01 8.65404363e-06
2.90000000e+01 8.64694847e-06
2.90500000e+01 8.64870243e-06
2.91000000e+01 8.65905467e-06
2.91500000e+01 8.67710310e-06
2.92000000e+01 8.70144227e-06
2.92500000e+01 8.73038233e-06
2.93000000e+01 8.76217683e-06
2.93500000e+01 8.79519223e-06
2.94000000e+01 8.82796683e-06
2.94500000e+01 8.85918387e-06
2.95000000e+01 8.88757957e-06
2.95500000e+01 8.91188163e-06
2.96000000e+01 8.93082707e-06
2.96500000e+01 8.94327967e-06
2.97000000e+01 8.94845090e-06
2.97500000e+01 8.94611407e-06
2.98000000e+01 8.93677553e-06
2.98500000e+01 8.92171013e-06
2.99000000e+01 8.90286120e-06
2.99500000e+01 8.88262663e-06
3.00000000e+01 8.86361293e-06
3.00500000e+01 8.84841750e-06
3.01000000e+01 8.83947080e-06
3.01500000e+01 8.83896807e-06
3.02000000e+01 8.84881193e-06
3.02500000e+01 8.87054790e-06
3.03000000e+01 8.90523057e-06
3.03500000e+01 8.95322717e-06
3.04000000e+01 9.01400050e-06
3.04500000e+01 9.08592367e-06
3.05000000e+01 9.16625580e-06
3.05500000e+01 9.25132310e-06
3.06000000e+01 9.33693210e-06
3.06500000e+01 9.41895760e-06
3.07000000e+01 9.49395823e-06
3.07500000e+01 9.55962183e-06
3.08000000e+01 9.61488760e-06
3.08500000e+01 9.65970577e-06
3.09000000e+01 9.69451493e-06
3.09500000e+01 9.71967980e-06
3.10000000e+01 9.73509140e-06
3.10500000e+01 9.74015480e-06
3.11000000e+01 9.73411810e-06
3.11500000e+01 9.71663370e-06
3.12000000e+01 9.68828847e-06
3.12500000e+01 9.65082723e-06
3.13000000e+01 9.60695757e-06
3.13500000e+01 9.55976400e-06
3.14000000e+01 9.51196727e-06
3.14500000e+01 9.46528760e-06
3.15000000e+01 9.42014813e-06
3.15500000e+01 9.37583500e-06
3.16000000e+01 9.33100813e-06
3.16500000e+01 9.28443333e-06
3.17000000e+01 9.23559370e-06
3.17500000e+01 9.18502547e-06
3.18000000e+01 9.13423277e-06
3.18500000e+01 9.08527587e-06
3.19000000e+01 9.04021357e-06
3.19500000e+01 9.00059300e-06
3.20000000e+01 8.96719280e-06
3.20500000e+01 8.93995690e-06
3.21000000e+01 8.91816513e-06
3.21500000e+01 8.90059127e-06
3.22000000e+01 8.88566037e-06
3.22500000e+01 8.87148173e-06
3.23000000e+01 8.85587940e-06
3.23500000e+01 8.83650253e-06
3.24000000e+01 8.81107693e-06
3.24500000e+01 8.77784833e-06
3.25000000e+01 8.73600897e-06
3.25500000e+01 8.68602527e-06
3.26000000e+01 8.62960873e-06
3.26500000e+01 8.56939913e-06
3.27000000e+01 8.50841253e-06
3.27500000e+01 8.44949427e-06
3.28000000e+01 8.39497923e-06
3.28500000e+01 8.34659203e-06
3.29000000e+01 8.30562590e-06
3.29500000e+01 8.27317147e-06
3.30000000e+01 8.25029943e-06
3.30500000e+01 8.23806347e-06
3.31000000e+01 8.23731550e-06
3.31500000e+01 8.24846813e-06
3.32000000e+01 8.27126577e-06
3.32500000e+01 8.30475587e-06
3.33000000e+01 8.34743207e-06
3.33500000e+01 8.39754877e-06
3.34000000e+01 8.45349687e-06
3.34500000e+01 8.51409030e-06
3.35000000e+01 8.57873093e-06
3.35500000e+01 8.64733913e-06
3.36000000e+01 8.72016020e-06
3.36500000e+01 8.79747430e-06
3.37000000e+01 8.87931077e-06
3.37500000e+01 8.96526790e-06
3.38000000e+01 9.05441457e-06
3.38500000e+01 9.14534680e-06
3.39000000e+01 9.23627363e-06
3.39500000e+01 9.32514313e-06
3.40000000e+01 9.40975137e-06
3.40500000e+01 9.48783450e-06
3.41000000e+01 9.55725467e-06
3.41500000e+01 9.61624333e-06
3.42000000e+01 9.66375143e-06
3.42500000e+01 9.69964393e-06
3.43000000e+01 9.72464980e-06
3.43500000e+01 9.73991687e-06
3.44000000e+01 9.74629360e-06
3.44500000e+01 9.74369127e-06
3.45000000e+01 9.73080100e-06
3.45500000e+01 9.70540680e-06
3.46000000e+01 9.66510977e-06
3.46500000e+01 9.60818840e-06
3.47000000e+01 9.53416270e-06
3.47500000e+01 9.44392463e-06
3.48000000e+01 9.33946673e-06
3.48500000e+01 9.22347353e-06
3.49000000e+01 9.09894507e-06
3.49500000e+01 8.96897863e-06
3.50000000e+01 8.83663080e-06
3.50500000e+01 8.70478537e-06
3.51000000e+01 8.57600857e-06
3.51500000e+01 8.45230643e-06
3.52000000e+01 8.33492360e-06
3.52500000e+01 8.22416543e-06
3.53000000e+01 8.11937027e-06
3.53500000e+01 8.01899737e-06
3.54000000e+01 7.92080223e-06
3.54500000e+01 7.82207693e-06
3.55000000e+01 7.71986747e-06
3.55500000e+01 7.61123890e-06
3.56000000e+01 7.49351163e-06
3.56500000e+01 7.36451510e-06
3.57000000e+01 7.22275237e-06
3.57500000e+01 7.06741733e-06
3.58000000e+01 6.89831607e-06
3.58500000e+01 6.71564650e-06
3.59000000e+01 6.51985360e-06
3.59500000e+01 6.31154943e-06
3.60000000e+01 6.09158740e-06
3.60500000e+01 5.86115097e-06
3.61000000e+01 5.62178253e-06
3.61500000e+01 5.37533030e-06
3.62000000e+01 5.12381030e-06
3.62500000e+01 4.86931257e-06
3.63000000e+01 4.61394090e-06
3.63500000e+01 4.35982713e-06
3.64000000e+01 4.10914143e-06
3.64500000e+01 3.86408003e-06
3.65000000e+01 3.62678233e-06
3.65500000e+01 3.39922233e-06
3.66000000e+01 3.18308663e-06
3.66500000e+01 2.97967887e-06
3.67000000e+01 2.78985767e-06
3.67500000e+01 2.61401967e-06
3.68000000e+01 2.45212790e-06
3.68500000e+01 2.30377330e-06
3.69000000e+01 2.16826583e-06
3.69500000e+01 2.04472960e-06
3.70000000e+01 1.93219387e-06
3.70500000e+01 1.82965983e-06
3.71000000e+01 1.73615280e-06
3.71500000e+01 1.65075373e-06
3.72000000e+01 1.57261540e-06
3.72500000e+01 1.50096970e-06
3.73000000e+01 1.43512923e-06
3.73500000e+01 1.37448230e-06
3.74000000e+01 1.31848690e-06
3.74500000e+01 1.26666513e-06
3.75000000e+01 1.21859543e-06
3.75500000e+01 1.17390670e-06
3.76000000e+01 1.13227073e-06
3.76500000e+01 1.09339803e-06
3.77000000e+01 1.05703227e-06
3.77500000e+01 1.02294652e-06
3.78000000e+01 9.90939097e-07
3.78500000e+01 9.60830790e-07
3.79000000e+01 9.32461077e-07
3.79500000e+01 9.05686997e-07
3.80000000e+01 8.80380257e-07
3.80500000e+01 8.56425653e-07
3.81000000e+01 8.33719027e-07
3.81500000e+01 8.12166853e-07
3.82000000e+01 7.91684697e-07
3.82500000e+01 7.72195233e-07
3.83000000e+01 7.53629463e-07
3.83500000e+01 7.35923380e-07
3.84000000e+01 7.19019447e-07
3.84500000e+01 7.02864650e-07
3.85000000e+01 6.87410787e-07
3.85500000e+01 6.72613470e-07
3.86000000e+01 6.58431790e-07
3.86500000e+01 6.44828650e-07
3.87000000e+01 6.31769370e-07
3.87500000e+01 6.19222287e-07
3.88000000e+01 6.07157740e-07
3.88500000e+01 5.95548617e-07
3.89000000e+01 5.84369783e-07
3.89500000e+01 5.73597630e-07
3.90000000e+01 5.63210627e-07
3.90500000e+01 5.53188370e-07
3.91000000e+01 5.43512113e-07
3.91500000e+01 5.34164193e-07
3.92000000e+01 5.25128313e-07
3.92500000e+01 5.16388940e-07
3.93000000e+01 5.07931780e-07
3.93500000e+01 4.99743467e-07
3.94000000e+01 4.91811267e-07
3.94500000e+01 4.84123520e-07
3.95000000e+01 4.76668897e-07
3.95500000e+01 4.69437007e-07
3.96000000e+01 4.62418077e-07
3.96500000e+01 4.55602687e-07
3.97000000e+01 4.48982277e-07
3.97500000e+01 4.42548343e-07
3.98000000e+01 4.36293313e-07
3.98500000e+01 4.30209693e-07
3.99000000e+01 4.24290627e-07
3.99500000e+01 4.18529350e-07
4.00000000e+01 4.12919693e-07
4.00500000e+01 4.07455783e-07
4.01000000e+01 4.02131853e-07
4.01500000e+01 3.96942767e-07
4.02000000e+01 3.91883277e-07
4.02500000e+01 3.86948667e-07
4.03000000e+01 3.82134273e-07
4.03500000e+01 3.77435847e-07
4.04000000e+01 3.72849130e-07
4.04500000e+01 3.68370157e-07
4.05000000e+01 3.63995227e-07
4.05500000e+01 3.59720680e-07
4.06000000e+01 3.55543207e-07
4.06500000e+01 3.51459347e-07
4.07000000e+01 3.47466030e-07
4.07500000e+01 3.43560310e-07
4.08000000e+01 3.39739283e-07
4.08500000e+01 3.36000223e-07
4.09000000e+01 3.32340463e-07
4.09500000e+01 3.28757540e-07
4.10000000e+01 3.25248987e-07
4.10500000e+01 3.21812637e-07
4.11000000e+01 3.18446077e-07
4.11500000e+01 3.15147267e-07
4.12000000e+01 3.11914197e-07
4.12500000e+01 3.08744847e-07
4.13000000e+01 3.05637480e-07
4.13500000e+01 3.02590090e-07
4.14000000e+01 2.99601063e-07
4.14500000e+01 2.96668683e-07
4.15000000e+01 2.93791393e-07
4.15500000e+01 2.90967587e-07
4.16000000e+01 2.88195753e-07
4.16500000e+01 2.85474543e-07
4.17000000e+01 2.82802473e-07
4.17500000e+01 2.80178350e-07
4.18000000e+01 2.77600750e-07
4.18500000e+01 2.75068477e-07
4.19000000e+01 2.72580347e-07
4.19500000e+01 2.70135190e-07
4.20000000e+01 2.67731967e-07
4.20500000e+01 2.65369487e-07
4.21000000e+01 2.63046797e-07
4.21500000e+01 2.60762803e-07
4.22000000e+01 2.58516647e-07
4.22500000e+01 2.56307320e-07
4.23000000e+01 2.54133920e-07
4.23500000e+01 2.51995573e-07
4.24000000e+01 2.49891413e-07
4.24500000e+01 2.47820707e-07
4.25000000e+01 2.45782543e-07
4.25500000e+01 2.43776200e-07
4.26000000e+01 2.41800930e-07
4.26500000e+01 2.39856013e-07
4.27000000e+01 2.37940763e-07
4.27500000e+01 2.36054463e-07
4.28000000e+01 2.34196490e-07
4.28500000e+01 2.32366157e-07
4.29000000e+01 2.30562930e-07
4.29500000e+01 2.28786113e-07
4.30000000e+01 2.27035160e-07
4.30500000e+01 2.25309520e-07
4.31000000e+01 2.23608610e-07
4.31500000e+01 2.21931963e-07
4.32000000e+01 2.20278983e-07
4.32500000e+01 2.18649193e-07
4.33000000e+01 2.17042117e-07
4.33500000e+01 2.15457277e-07
4.34000000e+01 2.13894203e-07
4.34500000e+01 2.12352420e-07
4.35000000e+01 2.10831540e-07
4.35500000e+01 2.09331087e-07
4.36000000e+01 2.07850717e-07
4.36500000e+01 2.06389953e-07
4.37000000e+01 2.04948427e-07
4.37500000e+01 2.03525773e-07
4.38000000e+01 2.02121590e-07
4.38500000e+01 2.00735580e-07
4.39000000e+01 1.99367317e-07
4.39500000e+01 1.98016497e-07
4.40000000e+01 1.96682757e-07
4.40500000e+01 1.95365827e-07
4.41000000e+01 1.94065323e-07
4.41500000e+01 1.92780963e-07
4.42000000e+01 1.91512450e-07
4.42500000e+01 1.90259477e-07
4.43000000e+01 1.89021803e-07
4.43500000e+01 1.87799083e-07
4.44000000e+01 1.86591070e-07
4.44500000e+01 1.85397510e-07
4.45000000e+01 1.84218127e-07
4.45500000e+01 1.83052687e-07
4.46000000e+01 1.81900910e-07
4.46500000e+01 1.80762590e-07
4.47000000e+01 1.79637450e-07
4.47500000e+01 1.78525317e-07
4.48000000e+01 1.77425903e-07
4.48500000e+01 1.76339017e-07
4.49000000e+01 1.75264453e-07
4.49500000e+01 1.74201973e-07
4.50000000e+01 1.73151427e-07
4.50500000e+01 1.72112553e-07
4.51000000e+01 1.71085190e-07
4.51500000e+01 1.70069113e-07
4.52000000e+01 1.69064183e-07
4.52500000e+01 1.68070187e-07
4.53000000e+01 1.67086940e-07
4.53500000e+01 1.66114277e-07
4.54000000e+01 1.65152023e-07
4.54500000e+01 1.64200040e-07
4.55000000e+01 1.63258113e-07
4.55500000e+01 1.62326103e-07
4.56000000e+01 1.61403863e-07
4.56500000e+01 1.60491227e-07
4.57000000e+01 1.59588063e-07
4.57500000e+01 1.58694197e-07
4.58000000e+01 1.57809500e-07
4.58500000e+01 1.56933817e-07
4.59000000e+01 1.56067043e-07
4.59500000e+01 1.55209003e-07
4.60000000e+01 1.54359573e-07
4.60500000e+01 1.53518647e-07
4.61000000e+01 1.52686060e-07
4.61500000e+01 1.51861740e-07
4.62000000e+01 1.51045503e-07
4.62500000e+01 1.50237263e-07
4.63000000e+01 1.49436903e-07
4.63500000e+01 1.48644297e-07
4.64000000e+01 1.47859353e-07
4.64500000e+01 1.47081923e-07
4.65000000e+01 1.46311933e-07
4.65500000e+01 1.45549250e-07
4.66000000e+01 1.44793807e-07
4.66500000e+01 1.44045453e-07
4.67000000e+01 1.43304107e-07
4.67500000e+01 1.42569683e-07
4.68000000e+01 1.41842070e-07
4.68500000e+01 1.41121200e-07
4.69000000e+01 1.40406937e-07
4.69500000e+01 1.39699220e-07
4.70000000e+01 1.38997937e-07
4.70500000e+01 1.38303023e-07
4.71000000e+01 1.37614383e-07
4.71500000e+01 1.36931917e-07
4.72000000e+01 1.36255563e-07
4.72500000e+01 1.35585217e-07
4.73000000e+01 1.34920840e-07
4.73500000e+01 1.34262303e-07
4.74000000e+01 1.33609553e-07
4.74500000e+01 1.32962510e-07
4.75000000e+01 1.32321103e-07
4.75500000e+01 1.31685263e-07
4.76000000e+01 1.31054897e-07
4.76500000e+01 1.30429957e-07
4.77000000e+01 1.29810350e-07
4.77500000e+01 1.29196047e-07
4.78000000e+01 1.28586930e-07
4.78500000e+01 1.27982960e-07
4.79000000e+01 1.27384073e-07
4.79500000e+01 1.26790190e-07
4.80000000e+01 1.26201283e-07
4.80500000e+01 1.25617253e-07
4.81000000e+01 1.25038047e-07
4.81500000e+01 1.24463613e-07
4.82000000e+01 1.23893897e-07
4.82500000e+01 1.23328837e-07
4.83000000e+01 1.22768353e-07
4.83500000e+01 1.22212423e-07
4.84000000e+01 1.21660967e-07
4.84500000e+01 1.21113960e-07
4.85000000e+01 1.20571317e-07
4.85500000e+01 1.20032993e-07
4.86000000e+01 1.19498953e-07
4.86500000e+01 1.18969123e-07
4.87000000e+01 1.18443490e-07
4.87500000e+01 1.17921963e-07
4.88000000e+01 1.17404513e-07
4.88500000e+01 1.16891087e-07
4.89000000e+01 1.16381657e-07
4.89500000e+01 1.15876140e-07
4.90000000e+01 1.15374523e-07
4.90500000e+01 1.14876750e-07
4.91000000e+01 1.14382767e-07
4.91500000e+01 1.13892557e-07
4.92000000e+01 1.13406050e-07
4.92500000e+01 1.12923217e-07
4.93000000e+01 1.12444013e-07
4.93500000e+01 1.11968400e-07
4.94000000e+01 1.11496343e-07
4.94500000e+01 1.11027790e-07
4.95000000e+01 1.10562713e-07
4.95500000e+01 1.10101060e-07
4.96000000e+01 1.09642817e-07
4.96500000e+01 1.09187920e-07
4.97000000e+01 1.08736340e-07
4.97500000e+01 1.08288050e-07
4.98000000e+01 1.07843007e-07
4.98500000e+01 1.07401193e-07
4.99000000e+01 1.06962540e-07
4.99500000e+01 1.06527037e-07
5.00000000e+01 1.06094647e-07
5.00500000e+01 1.05665340e-07
5.01000000e+01 1.05239073e-07
5.01500000e+01 1.04815817e-07
5.02000000e+01 1.04395550e-07
5.02500000e+01 1.03978227e-07
5.03000000e+01 1.03563835e-07
5.03500000e+01 1.03152323e-07
5.04000000e+01 1.02743668e-07
5.04500000e+01 1.02337848e-07
5.05000000e+01 1.01934819e-07
5.05500000e+01 1.01534580e-07
5.06000000e+01 1.01137072e-07
5.06500000e+01 1.00742287e-07
5.07000000e+01 1.00350180e-07
5.07500000e+01 9.99607463e-08
5.08000000e+01 9.95739373e-08
5.08500000e+01 9.91897327e-08
5.09000000e+01 9.88081153e-08
5.09500000e+01 9.84290453e-08
5.10000000e+01 9.80525213e-08
5.10500000e+01 9.76784887e-08
5.11000000e+01 9.73069357e-08
5.11500000e+01 9.69378463e-08
5.12000000e+01 9.65711817e-08
5.12500000e+01 9.62069337e-08
5.13000000e+01 9.58450610e-08
5.13500000e+01 9.54855567e-08
5.14000000e+01 9.51283820e-08
5.14500000e+01 9.47735360e-08
5.15000000e+01 9.44209727e-08
5.15500000e+01 9.40706800e-08
5.16000000e+01 9.37226420e-08
5.16500000e+01 9.33768257e-08
5.17000000e+01 9.30332300e-08
5.17500000e+01 9.26918093e-08
5.18000000e+01 9.23525593e-08
5.18500000e+01 9.20154480e-08
5.19000000e+01 9.16804690e-08
5.19500000e+01 9.13475950e-08
5.20000000e+01 9.10168013e-08
5.20500000e+01 9.06880777e-08
5.21000000e+01 9.03613963e-08
5.21500000e+01 9.00367557e-08
5.22000000e+01 8.97141140e-08
5.22500000e+01 8.93934630e-08
5.23000000e+01 8.90747893e-08
5.23500000e+01 8.87580673e-08
5.24000000e+01 8.84432913e-08
5.24500000e+01 8.81304263e-08
5.25000000e+01 8.78194687e-08
5.25500000e+01 8.75103900e-08
5.26000000e+01 8.72031923e-08
5.26500000e+01 8.68978357e-08
5.27000000e+01 8.65943140e-08
5.27500000e+01 8.62926157e-08
5.28000000e+01 8.59927150e-08
5.28500000e+01 8.56946130e-08
5.29000000e+01 8.53982713e-08
5.29500000e+01 8.51036863e-08
5.30000000e+01 8.48108450e-08
5.30500000e+01 8.45197303e-08
5.31000000e+01 8.42303257e-08
5.31500000e+01 8.39426103e-08
5.32000000e+01 8.36565813e-08
5.32500000e+01 8.33722133e-08
5.33000000e+01 8.30895077e-08
5.33500000e+01 8.28084303e-08
5.34000000e+01 8.25289763e-08
5.34500000e+01 8.22511363e-08
5.35000000e+01 8.19748877e-08
5.35500000e+01 8.17002323e-08
5.36000000e+01 8.14271367e-08
5.36500000e+01 8.11556020e-08
5.37000000e+01 8.08856050e-08
5.37500000e+01 8.06171437e-08
5.38000000e+01 8.03502000e-08
5.38500000e+01 8.00847563e-08
5.39000000e+01 7.98208083e-08
5.39500000e+01 7.95583363e-08
5.40000000e+01 7.92973413e-08
5.40500000e+01 7.90377937e-08
5.41000000e+01 7.87796893e-08
5.41500000e+01 7.85230203e-08
5.42000000e+01 8.72994083e-08
5.42500000e+01 9.58993880e-08
5.43000000e+01 9.55845050e-08
5.43500000e+01 9.52713620e-08
5.44000000e+01 1.03641430e-07
5.44500000e+01 1.03301628e-07
5.45000000e+01 1.02963678e-07
5.45500000e+01 1.11110993e-07
5.46000000e+01 1.10747513e-07
5.46500000e+01 1.10386000e-07
5.47000000e+01 1.10026470e-07
5.47500000e+01 1.17931503e-07
5.48000000e+01 1.17547630e-07
5.48500000e+01 1.17165837e-07
5.49000000e+01 1.24862573e-07
5.49500000e+01 1.24457490e-07
5.50000000e+01 1.32696713e-07
5.50500000e+01 1.40159647e-07
5.51000000e+01 1.39705397e-07
5.51500000e+01 1.39253600e-07
5.52000000e+01 1.46521173e-07
5.52500000e+01 1.46048307e-07
5.53000000e+01 1.45577967e-07
5.53500000e+01 1.45110087e-07
5.54000000e+01 1.52165627e-07
5.54500000e+01 1.51677710e-07
5.55000000e+01 1.51192363e-07
5.55500000e+01 1.58064967e-07
5.56000000e+01 1.57560430e-07
5.56500000e+01 1.57058497e-07
5.57000000e+01 1.63753663e-07
5.57500000e+01 1.63233373e-07
5.58000000e+01 1.62715767e-07
5.58500000e+01 1.77490810e-07
5.59000000e+01 1.76928760e-07
5.59500000e+01 1.76369603e-07
5.60000000e+01 1.75813317e-07
5.60500000e+01 1.82120250e-07
5.61000000e+01 1.81547487e-07
5.61500000e+01 1.80977650e-07
5.62000000e+01 1.87123560e-07
5.62500000e+01 1.86537953e-07
5.63000000e+01 1.85955320e-07
5.63500000e+01 1.91944947e-07
5.64000000e+01 1.91347207e-07
5.64500000e+01 1.90752493e-07
5.65000000e+01 1.90160743e-07
5.65500000e+01 1.95981260e-07
5.66000000e+01 1.95375140e-07
5.66500000e+01 1.94772050e-07
5.67000000e+01 2.08341987e-07
5.67500000e+01 2.07700343e-07
5.68000000e+01 2.07061887e-07
5.68500000e+01 2.06426557e-07
5.69000000e+01 2.11914100e-07
5.69500000e+01 2.11265927e-07
5.70000000e+01 2.10620970e-07
5.70500000e+01 2.15971053e-07
5.71000000e+01 2.15313787e-07
5.71500000e+01 2.14659743e-07
5.72000000e+01 2.14008867e-07
5.72500000e+01 2.19210553e-07
5.73000000e+01 2.18547993e-07
5.73500000e+01 2.17888623e-07
5.74000000e+01 2.22961083e-07
5.74500000e+01 2.22290567e-07
5.75000000e+01 2.21623220e-07
5.75500000e+01 2.34139150e-07
5.76000000e+01 2.33438150e-07
5.76500000e+01 2.32740480e-07
5.77000000e+01 2.32046173e-07
5.77500000e+01 2.36831850e-07
5.78000000e+01 2.36127570e-07
5.78500000e+01 2.35426650e-07
5.79000000e+01 2.40094577e-07
5.79500000e+01 2.39384147e-07
5.80000000e+01 2.38677053e-07
5.80500000e+01 2.37973280e-07
5.81000000e+01 2.42514350e-07
5.81500000e+01 2.41801553e-07
5.82000000e+01 2.41092053e-07
5.82500000e+01 2.40385863e-07
5.83000000e+01 2.44804097e-07
5.83500000e+01 2.44089313e-07
5.84000000e+01 2.43377853e-07
5.84500000e+01 2.47688643e-07
5.85000000e+01 2.54194040e-07
5.85500000e+01 2.53456480e-07
5.86000000e+01 2.52722333e-07
5.86500000e+01 2.56893483e-07
5.87000000e+01 2.56151720e-07
5.87500000e+01 2.55413360e-07
5.88000000e+01 2.59483570e-07
5.88500000e+01 2.58737960e-07
5.89000000e+01 2.57995737e-07
5.89500000e+01 2.57256837e-07
5.90000000e+01 2.61218613e-07
5.90500000e+01 2.60472837e-07
5.91000000e+01 2.59730447e-07
5.91500000e+01 2.58991373e-07
5.92000000e+01 2.62848047e-07
5.92500000e+01 2.62102420e-07
5.93000000e+01 2.61360160e-07
5.93500000e+01 2.65124490e-07
5.94000000e+01 2.64375977e-07
5.94500000e+01 2.70541507e-07
5.95000000e+01 2.69780037e-07
5.95500000e+01 2.73422937e-07
5.96000000e+01 2.72655747e-07
5.96500000e+01 2.71891927e-07
5.97000000e+01 2.71131470e-07
5.97500000e+01 2.74678720e-07
5.98000000e+01 2.73912850e-07
5.98500000e+01 2.73150293e-07
5.99000000e+01 2.76613260e-07
5.99500000e+01 2.75845567e-07
6.00000000e+01 2.75081237e-07
6.00500000e+01 2.74320177e-07
6.01000000e+01 2.77692873e-07
6.01500000e+01 2.76926963e-07
6.02000000e+01 2.76164323e-07
6.02500000e+01 2.75405000e-07
6.03000000e+01 2.78690117e-07
6.03500000e+01 2.77926160e-07
6.04000000e+01 2.83788037e-07
6.04500000e+01 2.83012433e-07
6.05000000e+01 2.86191873e-07
6.05500000e+01 2.85412037e-07
6.06000000e+01 2.84635520e-07
6.06500000e+01 2.87740173e-07
6.07000000e+01 2.86959690e-07
6.07500000e+01 2.86182477e-07
6.08000000e+01 2.85408520e-07
6.08500000e+01 2.88433293e-07
6.09000000e+01 2.87655603e-07
6.09500000e+01 2.86881173e-07
6.10000000e+01 2.86109990e-07
6.10500000e+01 2.89057213e-07
6.11000000e+01 2.88282443e-07
6.11500000e+01 2.87510950e-07
6.12000000e+01 2.86742637e-07
6.12500000e+01 2.89614573e-07
6.13000000e+01 2.88842900e-07
6.13500000e+01 2.88074430e-07
6.14000000e+01 2.87309133e-07
6.14500000e+01 2.96429640e-07
6.15000000e+01 2.95644400e-07
6.15500000e+01 2.94862397e-07
6.16000000e+01 2.94083603e-07
6.16500000e+01 2.96792520e-07
6.17000000e+01 2.96010880e-07
6.17500000e+01 2.95232460e-07
6.18000000e+01 2.97878563e-07
6.18500000e+01 2.97097487e-07
6.19000000e+01 2.96319547e-07
6.19500000e+01 2.95544780e-07
6.20000000e+01 2.98124047e-07
6.20500000e+01 2.97346760e-07
6.21000000e+01 2.96572653e-07
6.21500000e+01 2.95801630e-07
6.22000000e+01 2.98315963e-07
6.22500000e+01 2.97542610e-07
6.23000000e+01 2.96772357e-07
6.23500000e+01 2.96005177e-07
6.24000000e+01 2.98456393e-07
6.24500000e+01 2.97687037e-07
6.25000000e+01 3.02969727e-07
6.25500000e+01 3.02190953e-07
6.26000000e+01 3.04563150e-07
6.26500000e+01 3.03782443e-07
6.27000000e+01 3.03004833e-07
6.27500000e+01 3.02230270e-07
6.28000000e+01 3.04543177e-07
6.28500000e+01 3.03766857e-07
6.29000000e+01 3.02993583e-07
6.29500000e+01 3.02223327e-07
6.30000000e+01 3.04478607e-07
6.30500000e+01 3.03706710e-07
6.31000000e+01 3.02937837e-07
6.31500000e+01 3.02171940e-07
6.32000000e+01 3.04371143e-07
6.32500000e+01 3.03603760e-07
6.33000000e+01 3.02839330e-07
6.33500000e+01 3.02077833e-07
6.34000000e+01 3.04222563e-07
6.34500000e+01 3.03459683e-07
6.35000000e+01 3.02699733e-07
6.35500000e+01 3.01942723e-07
6.36000000e+01 3.09817017e-07
6.36500000e+01 3.09044317e-07
6.37000000e+01 3.08274597e-07
6.37500000e+01 3.07507793e-07
6.38000000e+01 3.09531750e-07
6.38500000e+01 3.08763897e-07
6.39000000e+01 3.07998957e-07
6.39500000e+01 3.07236933e-07
6.40000000e+01 3.09211023e-07
6.40500000e+01 3.08448050e-07
6.41000000e+01 3.07687927e-07
6.41500000e+01 3.06930677e-07
6.42000000e+01 3.08856247e-07
6.42500000e+01 3.08098137e-07
6.43000000e+01 3.07342833e-07
6.43500000e+01 3.06590387e-07
6.44000000e+01 3.08468783e-07
6.44500000e+01 3.07715550e-07
6.45000000e+01 3.06965147e-07
6.45500000e+01 3.06217553e-07
6.46000000e+01 3.08049990e-07
6.46500000e+01 3.07301693e-07
6.47000000e+01 3.06556147e-07
6.47500000e+01 3.11340487e-07
6.48000000e+01 3.10587137e-07
6.48500000e+01 3.12356463e-07
6.49000000e+01 3.11602617e-07
6.49500000e+01 3.10851543e-07
6.50000000e+01 3.10103263e-07
6.50500000e+01 3.11829423e-07
6.51000000e+01 3.11080667e-07
6.51500000e+01 3.10334643e-07
6.52000000e+01 3.09591387e-07
6.52500000e+01 3.11275520e-07
6.53000000e+01 3.10531880e-07
6.53500000e+01 3.09790967e-07
6.54000000e+01 3.09052713e-07
6.54500000e+01 3.10696017e-07
6.55000000e+01 3.09957467e-07
6.55500000e+01 3.09221613e-07
6.56000000e+01 3.08488407e-07
6.56500000e+01 3.10091820e-07
6.57000000e+01 3.09358413e-07
6.57500000e+01 3.08627600e-07
6.58000000e+01 3.07899457e-07
6.58500000e+01 3.09464117e-07
6.59000000e+01 3.14027387e-07
6.59500000e+01 3.13289283e-07
6.60000000e+01 3.12553843e-07
6.60500000e+01 3.11821013e-07
6.61000000e+01 3.13331400e-07
6.61500000e+01 3.12598560e-07
6.62000000e+01 3.11868313e-07
6.62500000e+01 3.11140700e-07
6.63000000e+01 3.12614590e-07
6.63500000e+01 3.11887047e-07
6.64000000e+01 3.11162010e-07
6.64500000e+01 3.10439523e-07
6.65000000e+01 3.11877913e-07
6.65500000e+01 3.11155543e-07
6.66000000e+01 3.10435703e-07
6.66500000e+01 3.09718373e-07
6.67000000e+01 3.11122113e-07
6.67500000e+01 3.10404980e-07
6.68000000e+01 3.09690373e-07
6.68500000e+01 3.08978213e-07
6.69000000e+01 3.08268527e-07
6.69500000e+01 3.09636280e-07
6.70000000e+01 3.08926767e-07
6.70500000e+01 3.08219743e-07
6.71000000e+01 3.07515183e-07
6.71500000e+01 3.13902413e-07
6.72000000e+01 3.13186660e-07
6.72500000e+01 3.12473337e-07
6.73000000e+01 3.11762537e-07
6.73500000e+01 3.13052767e-07
6.74000000e+01 3.12342287e-07
6.74500000e+01 3.11634227e-07
6.75000000e+01 3.10928617e-07
6.75500000e+01 3.10225377e-07
6.76000000e+01 3.11482677e-07
6.76500000e+01 3.10779880e-07
6.77000000e+01 3.10079450e-07
6.77500000e+01 3.09381470e-07
6.78000000e+01 3.10608680e-07
6.78500000e+01 3.09911073e-07
6.79000000e+01 3.09215817e-07
6.79500000e+01 3.08522937e-07
6.80000000e+01 3.09720807e-07
6.80500000e+01 3.09028387e-07
6.81000000e+01 3.08338337e-07
6.81500000e+01 3.07650613e-07
6.82000000e+01 3.06965207e-07
6.82500000e+01 3.08132660e-07
6.83000000e+01 3.07447713e-07
6.83500000e+01 3.06765080e-07
6.84000000e+01 3.10919547e-07
6.84500000e+01 3.12047243e-07
6.85000000e+01 3.11356837e-07
6.85500000e+01 3.10668740e-07
6.86000000e+01 3.09982930e-07
6.86500000e+01 3.09299407e-07
6.87000000e+01 3.10398543e-07
6.87500000e+01 3.09715653e-07
6.88000000e+01 3.09034987e-07
6.88500000e+01 3.08356617e-07
6.89000000e+01 3.09429467e-07
6.89500000e+01 3.08751750e-07
6.90000000e+01 3.08076257e-07
6.90500000e+01 3.07402997e-07
6.91000000e+01 3.06731943e-07
6.91500000e+01 3.07777750e-07
6.92000000e+01 3.07107363e-07
6.92500000e+01 3.06439183e-07
6.93000000e+01 3.05773180e-07
6.93500000e+01 3.06794017e-07
6.94000000e+01 3.06128737e-07
6.94500000e+01 3.05465610e-07
6.95000000e+01 3.04804677e-07
6.95500000e+01 3.05801217e-07
6.96000000e+01 3.05141050e-07
6.96500000e+01 3.04482963e-07
6.97000000e+01 3.08451013e-07
6.97500000e+01 3.07787310e-07
6.98000000e+01 3.08747810e-07
6.98500000e+01 3.08084930e-07
6.99000000e+01 3.07424170e-07
6.99500000e+01 3.06765573e-07
7.00000000e+01 3.07703170e-07
7.00500000e+01 3.07045403e-07
7.01000000e+01 3.06389710e-07
7.01500000e+01 3.05736130e-07
7.02000000e+01 3.05084627e-07
7.02500000e+01 3.05998627e-07
7.03000000e+01 3.05347967e-07
7.03500000e+01 3.04699397e-07
7.04000000e+01 3.04052927e-07
7.04500000e+01 3.03408447e-07
7.05000000e+01 3.04299500e-07
7.05500000e+01 3.03655947e-07
7.06000000e+01 3.03014370e-07
7.06500000e+01 3.02374837e-07
7.07000000e+01 3.03244653e-07
7.07500000e+01 3.02606010e-07
7.08000000e+01 3.01969370e-07
7.08500000e+01 3.01334743e-07
7.09000000e+01 3.00702123e-07
7.09500000e+01 3.01550147e-07
7.10000000e+01 3.00918420e-07
7.10500000e+01 3.00288670e-07
7.11000000e+01 3.04073177e-07
7.11500000e+01 3.04890907e-07
7.12000000e+01 3.04254907e-07
7.12500000e+01 3.03620887e-07
7.13000000e+01 3.02988820e-07
7.13500000e+01 3.02358760e-07
7.14000000e+01 3.03155973e-07
7.14500000e+01 3.02526903e-07
7.15000000e+01 3.01899723e-07
7.15500000e+01 3.01274500e-07
7.16000000e+01 3.00651223e-07
7.16500000e+01 3.01428423e-07
7.17000000e+01 3.00806093e-07
7.17500000e+01 3.00185717e-07
7.18000000e+01 2.99567233e-07
7.18500000e+01 3.00325870e-07
7.19000000e+01 2.99708420e-07
7.19500000e+01 2.99092827e-07
7.20000000e+01 2.98479110e-07
7.20500000e+01 2.97867257e-07
7.21000000e+01 2.98606913e-07
7.21500000e+01 2.97996070e-07
7.22000000e+01 2.97387077e-07
7.22500000e+01 2.96779973e-07
7.23000000e+01 2.96174680e-07
7.23500000e+01 2.96895870e-07
7.24000000e+01 2.96291583e-07
7.24500000e+01 2.95689123e-07
7.25000000e+01 2.99307143e-07
7.25500000e+01 3.00001703e-07
7.26000000e+01 2.99393630e-07
7.26500000e+01 2.98787377e-07
7.27000000e+01 2.98182967e-07
7.27500000e+01 2.97580373e-07
7.28000000e+01 2.98257517e-07
7.28500000e+01 2.97656043e-07
7.29000000e+01 2.97056293e-07
7.29500000e+01 2.96458353e-07
7.30000000e+01 2.95862217e-07
7.30500000e+01 2.96522357e-07
7.31000000e+01 2.95927283e-07
7.31500000e+01 2.95333970e-07
7.32000000e+01 2.94742463e-07
7.32500000e+01 2.94152683e-07
7.33000000e+01 2.94796330e-07
7.33500000e+01 2.94207610e-07
7.34000000e+01 2.93620650e-07
7.34500000e+01 2.93035417e-07
7.35000000e+01 2.93663547e-07
7.35500000e+01 2.93079407e-07
7.36000000e+01 2.92496977e-07
7.36500000e+01 2.91916293e-07
7.37000000e+01 2.91337297e-07
7.37500000e+01 2.91949717e-07
7.38000000e+01 2.91371803e-07
7.38500000e+01 2.90795573e-07
7.39000000e+01 2.90221027e-07
7.39500000e+01 2.89648177e-07
7.40000000e+01 2.94269610e-07
7.40500000e+01 2.93689973e-07
7.41000000e+01 2.93112040e-07
7.41500000e+01 2.92535783e-07
7.42000000e+01 2.91961240e-07
7.42500000e+01 2.92534833e-07
7.43000000e+01 2.91961367e-07
7.43500000e+01 2.91389553e-07
7.44000000e+01 2.90819413e-07
7.44500000e+01 2.90250947e-07
7.45000000e+01 2.90810093e-07
7.45500000e+01 2.90242713e-07
7.46000000e+01 2.89677007e-07
7.46500000e+01 2.89112903e-07
7.47000000e+01 2.89658530e-07
7.47500000e+01 2.89095540e-07
7.48000000e+01 2.88534187e-07
7.48500000e+01 2.87974433e-07
7.49000000e+01 2.87416303e-07
7.49500000e+01 2.87948130e-07
7.50000000e+01 2.87391113e-07
7.50500000e+01 2.86835693e-07
7.51000000e+01 2.86281863e-07
7.51500000e+01 2.85729640e-07
7.52000000e+01 2.86248073e-07
7.52500000e+01 2.85696917e-07
7.53000000e+01 2.85147340e-07
7.53500000e+01 2.84599320e-07
7.54000000e+01 2.84052873e-07
7.54500000e+01 2.84558247e-07
7.55000000e+01 2.84012913e-07
7.55500000e+01 2.87309160e-07
7.56000000e+01 2.86759663e-07
7.56500000e+01 2.86211670e-07
7.57000000e+01 2.86696403e-07
7.57500000e+01 2.86149567e-07
7.58000000e+01 2.85604263e-07
7.58500000e+01 2.85060480e-07
7.59000000e+01 2.84518243e-07
7.59500000e+01 2.84990700e-07
7.60000000e+01 2.84449587e-07
7.60500000e+01 2.83910043e-07
7.61000000e+01 2.83371983e-07
7.61500000e+01 2.82835417e-07
7.62000000e+01 2.83295843e-07
7.62500000e+01 2.82760420e-07
7.63000000e+01 2.82226477e-07
7.63500000e+01 2.81694017e-07
7.64000000e+01 2.81163053e-07
7.64500000e+01 2.81611807e-07
7.65000000e+01 2.81081997e-07
7.65500000e+01 2.80553643e-07
7.66000000e+01 2.80026747e-07
7.66500000e+01 2.79501303e-07
7.67000000e+01 2.79938630e-07
7.67500000e+01 2.79414307e-07
7.68000000e+01 2.78891447e-07
7.68500000e+01 2.78370023e-07
7.69000000e+01 2.77850040e-07
7.69500000e+01 2.78276223e-07
7.70000000e+01 2.77757400e-07
7.70500000e+01 2.77239957e-07
7.71000000e+01 2.80395217e-07
7.71500000e+01 2.79873853e-07
7.72000000e+01 2.80281853e-07
7.72500000e+01 2.79761610e-07
7.73000000e+01 2.79242827e-07
7.73500000e+01 2.78725470e-07
7.74000000e+01 2.78209493e-07
7.74500000e+01 2.78607053e-07
7.75000000e+01 2.78092213e-07
7.75500000e+01 2.77578790e-07
7.76000000e+01 2.77066773e-07
7.76500000e+01 2.76556137e-07
7.77000000e+01 2.76943400e-07
7.77500000e+01 2.76433913e-07
7.78000000e+01 2.75925793e-07
7.78500000e+01 2.75419067e-07
7.79000000e+01 2.74913713e-07
7.79500000e+01 2.75291003e-07
7.80000000e+01 2.74786777e-07
7.80500000e+01 2.74283877e-07
7.81000000e+01 2.73782340e-07
7.81500000e+01 2.73282167e-07
7.82000000e+01 2.73649730e-07
7.82500000e+01 2.73150667e-07
7.83000000e+01 2.72652970e-07
7.83500000e+01 2.72156600e-07
7.84000000e+01 2.71661550e-07
7.84500000e+01 2.71167820e-07
7.85000000e+01 2.71525663e-07
7.85500000e+01 2.71033050e-07
7.86000000e+01 2.70541740e-07
7.86500000e+01 2.70051730e-07
7.87000000e+01 2.69563037e-07
7.87500000e+01 2.69911633e-07
7.88000000e+01 2.72920983e-07
7.88500000e+01 2.72428463e-07
7.89000000e+01 2.71937223e-07
7.89500000e+01 2.71447273e-07
7.90000000e+01 2.71780110e-07
7.90500000e+01 2.71291300e-07
7.91000000e+01 2.70803767e-07
7.91500000e+01 2.70317530e-07
7.92000000e+01 2.69832603e-07
7.92500000e+01 2.70156707e-07
7.93000000e+01 2.69672923e-07
7.93500000e+01 2.69190347e-07
7.94000000e+01 2.68709070e-07
7.94500000e+01 2.68229027e-07
7.95000000e+01 2.68544623e-07
7.95500000e+01 2.68065713e-07
7.96000000e+01 2.67588047e-07
7.96500000e+01 2.67111660e-07
7.97000000e+01 2.66636490e-07
7.97500000e+01 2.66162607e-07
7.98000000e+01 2.66469760e-07
7.98500000e+01 2.65996917e-07
7.99000000e+01 2.65525340e-07
7.99500000e+01 2.65054957e-07
8.00000000e+01 2.64585830e-07
