 &plot nbnd=  40, nks=   221 /
            0.000000  0.000000  0.000000
 -100.678 -100.009  -58.443  -58.422  -57.476  -57.470  -57.437  -57.197   -7.409   -5.998
    3.605    4.892    6.317    6.698    7.119    7.145    7.277    7.774    7.844    8.457
    8.892    9.374    9.576    9.882   11.811   13.603   13.885   18.443   20.552   25.753
   28.127   28.791   29.113   29.395   30.469   31.021   32.953   33.786   33.930   34.964
            0.015698 -0.021192  0.000000
 -100.678 -100.008  -58.443  -58.422  -57.476  -57.470  -57.437  -57.197   -7.405   -5.997
    3.612    4.892    6.315    6.700    7.116    7.138    7.276    7.770    7.842    8.452
    8.890    9.382    9.553    9.885   11.808   13.591   13.917   18.473   20.537   25.691
   28.076   28.811   29.077   29.430   30.452   30.993   32.953   33.836   33.982   34.958
            0.031396 -0.042385  0.000000
 -100.678 -100.008  -58.443  -58.422  -57.477  -57.470  -57.437  -57.197   -7.392   -5.993
    3.633    4.894    6.309    6.705    7.100    7.124    7.275    7.757    7.839    8.437
    8.887    9.406    9.488    9.896   11.799   13.556   14.011   18.563   20.492   25.514
   27.962   28.705   29.172   29.451   30.393   30.950   32.962   33.938   34.129   35.001
            0.047093 -0.063577  0.000000
 -100.677 -100.008  -58.443  -58.422  -57.477  -57.470  -57.438  -57.197   -7.371   -5.986
    3.667    4.897    6.297    6.714    7.060    7.112    7.274    7.737    7.833    8.416
    8.880    9.391    9.442    9.909   11.784   13.500   14.162   18.708   20.418   25.243
   27.814   28.500   29.352   29.432   30.274   30.956   33.000   33.991   34.351   35.185
            0.062791 -0.084769  0.000000
 -100.677 -100.008  -58.443  -58.422  -57.478  -57.470  -57.438  -57.197   -7.341   -5.977
    3.713    4.901    6.280    6.721    7.001    7.098    7.276    7.713    7.826    8.391
    8.870    9.276    9.489    9.921   11.765   13.432   14.360   18.898   20.314   24.905
   27.615   28.291   29.293   29.620   30.128   31.007   33.086   33.963   34.635   35.503
            0.078489 -0.105962  0.000000
 -100.677 -100.008  -58.443  -58.422  -57.478  -57.470  -57.439  -57.197   -7.304   -5.966
    3.770    4.906    6.255    6.716    6.938    7.078    7.280    7.688    7.817    8.367
    8.852    9.159    9.543    9.924   11.741   13.360   14.593   19.128   20.183   24.523
   27.347   28.101   29.178   29.769   30.069   31.064   33.225   33.899   34.954   35.881
            0.094187 -0.127154  0.000000
 -100.677 -100.008  -58.443  -58.422  -57.479  -57.470  -57.439  -57.197   -7.261   -5.952
    3.838    4.912    6.221    6.673    6.895    7.053    7.289    7.666    7.807    8.345
    8.819    9.061    9.601    9.916   11.716   13.291   14.852   19.388   20.025   24.117
   27.031   27.907   29.060   29.736   30.225   31.113   33.407   33.835   35.272   36.278
            0.109884 -0.148346  0.000000
 -100.677 -100.008  -58.443  -58.422  -57.480  -57.469  -57.440  -57.197   -7.212   -5.936
    3.914    4.918    6.176    6.579    6.891    7.021    7.301    7.648    7.797    8.327
    8.761    9.000    9.662    9.892   11.690   13.229   15.129   19.666   19.847   23.700
   26.694   27.687   28.948   29.675   30.437   31.169   33.595   33.812   35.549   36.682
            0.125582 -0.169539  0.000000
 -100.677 -100.008  -58.443  -58.422  -57.481  -57.469  -57.441  -57.197   -7.158   -5.919
    3.995    4.925    6.118    6.455    6.907    6.988    7.317    7.635    7.788    8.311
    8.685    8.975    9.722    9.852   11.665   13.179   15.418   19.625   19.985   23.281
   26.360   27.436   28.842   29.639   30.619   31.269   33.672   33.939   35.761   37.039
            0.141280 -0.190731  0.000000
 -100.677 -100.008  -58.443  -58.422  -57.482  -57.469  -57.441  -57.197   -7.100   -5.900
    4.081    4.932    6.041    6.323    6.910    6.972    7.336    7.627    7.782    8.299
    8.610    8.970    9.770    9.807   11.641   13.142   15.712   19.403   20.298   22.866
   26.042   27.164   28.740   29.613   30.749   31.440   33.678   34.157   35.906   37.218
            0.156978 -0.211924  0.000000
 -100.677 -100.008  -58.443  -58.423  -57.483  -57.469  -57.442  -57.197   -7.040   -5.881
    4.168    4.940    5.940    6.200    6.876    6.996    7.356    7.621    7.781    8.289
    8.545    8.978    9.720    9.844   11.619   13.117   16.008   19.165   20.622   22.460
   25.746   26.881   28.640   29.581   30.848   31.674   33.694   34.372   36.000   37.307
            0.172675 -0.233116  0.000000
 -100.677 -100.008  -58.443  -58.423  -57.485  -57.469  -57.443  -57.197   -6.979   -5.861
    4.254    4.948    5.813    6.096    6.830    7.035    7.377    7.616    7.789    8.281
    8.492    8.994    9.643    9.897   11.597   13.102   16.302   18.921   20.950   22.067
   25.477   26.599   28.541   29.531   30.945   31.940   33.725   34.556   36.064   37.422
            0.188373 -0.254308  0.000000
 -100.677 -100.008  -58.443  -58.423  -57.486  -57.469  -57.444  -57.197   -6.919   -5.841
    4.335    4.957    5.670    6.010    6.783    7.080    7.396    7.613    7.803    8.274
    8.451    9.016    9.561    9.946   11.575   13.094   16.589   18.679   21.276   21.690
   25.234   26.324   28.444   29.465   31.055   32.219   33.771   34.694   36.118   37.583
            0.204071 -0.275501  0.000000
 -100.677 -100.008  -58.443  -58.423  -57.487  -57.469  -57.444  -57.197   -6.862   -5.822
    4.410    4.966    5.523    5.936    6.737    7.128    7.411    7.613    7.821    8.264
    8.423    9.039    9.482    9.990   11.555   13.091   16.865   18.450   21.311   21.617
   25.015   26.064   28.351   29.386   31.176   32.498   33.829   34.784   36.166   37.781
            0.219769 -0.296693  0.000000
 -100.677 -100.008  -58.443  -58.423  -57.488  -57.469  -57.445  -57.197   -6.808   -5.804
    4.477    4.975    5.383    5.872    6.695    7.179    7.423    7.615    7.841    8.251
    8.410    9.057    9.414   10.029   11.536   13.089   17.118   18.252   20.968   21.933
   24.815   25.823   28.262   29.303   31.304   32.760   33.905   34.836   36.201   37.968
            0.235466 -0.317885  0.000000
 -100.677 -100.008  -58.443  -58.423  -57.488  -57.469  -57.446  -57.197   -6.759   -5.788
    4.533    4.983    5.256    5.818    6.657    7.232    7.431    7.619    7.855    8.236
    8.408    9.063    9.367   10.062   11.518   13.088   17.324   18.117   20.638   22.245
   24.629   25.607   28.180   29.222   31.432   32.982   34.017   34.865   36.211   37.741
            0.251164 -0.339078  0.000000
 -100.677 -100.008  -58.443  -58.423  -57.489  -57.469  -57.446  -57.197   -6.717   -5.774
    4.579    4.991    5.147    5.773    6.624    7.284    7.437    7.625    7.862    8.224
    8.414    9.047    9.348   10.089   11.502   13.085   17.425   18.106   20.325   22.547
   24.448   25.421   28.109   29.150   31.553   33.136   34.190   34.883   36.196   37.303
            0.266862 -0.360270  0.000000
 -100.678 -100.008  -58.443  -58.423  -57.490  -57.468  -57.447  -57.197   -6.683   -5.763
    4.614    4.996    5.060    5.738    6.598    7.333    7.441    7.630    7.859    8.218
    8.424    9.016    9.352   10.110   11.490   13.081   17.409   18.234   20.033   22.837
   24.264   25.272   28.050   29.089   31.661   33.218   34.431   34.900   36.164   36.854
            0.282560 -0.381462  0.000000
 -100.678 -100.008  -58.443  -58.423  -57.490  -57.468  -57.447  -57.197   -6.658   -5.755
    4.639    4.979    5.017    5.713    6.579    7.373    7.446    7.634    7.848    8.217
    8.434    8.983    9.366   10.125   11.480   13.077   17.353   18.425   19.768   23.110
   24.071   25.163   28.006   29.044   31.747   33.248   34.707   34.939   36.119   36.422
            0.298257 -0.402655  0.000000
 -100.678 -100.008  -58.443  -58.423  -57.490  -57.468  -57.447  -57.196   -6.642   -5.749
    4.654    4.944    5.015    5.698    6.568    7.398    7.451    7.637    7.837    8.218
    8.443    8.959    9.378   10.134   11.474   13.073   17.307   18.604   19.554   23.364
   23.868   25.098   27.979   29.016   31.803   33.253   34.846   35.147   35.943   36.153
            0.313955 -0.423847  0.000000
 -100.678 -100.008  -58.443  -58.423  -57.490  -57.468  -57.447  -57.196   -6.637   -5.748
    4.659    4.930    5.015    5.693    6.564    7.407    7.454    7.638    7.832    8.218
    8.446    8.950    9.382   10.137   11.472   13.072   17.290   18.687   19.461   23.536
   23.713   25.076   27.970   29.006   31.822   33.253   34.862   35.402   35.668   36.125
            0.313693 -0.425873 -0.010457
 -100.678 -100.008  -58.443  -58.423  -57.490  -57.468  -57.447  -57.196   -6.637   -5.749
    4.657    4.933    5.015    5.695    6.565    7.407    7.453    7.639    7.832    8.216
    8.446    8.950    9.383   10.134   11.474   13.071   17.290   18.691   19.461   23.481
   23.765   25.081   27.970   29.009   31.802   33.262   34.820   35.399   35.701   36.143
            0.313432 -0.427899 -0.020914
 -100.678 -100.008  -58.443  -58.423  -57.490  -57.468  -57.447  -57.196   -6.635   -5.751
    4.650    4.940    5.015    5.701    6.569    7.406    7.452    7.641    7.833    8.209
    8.446    8.948    9.384   10.126   11.478   13.069   17.288   18.703   19.462   23.381
   23.858   25.098   27.969   29.015   31.745   33.287   34.715   35.389   35.769   36.208
            0.313170 -0.429926 -0.031371
 -100.678 -100.008  -58.443  -58.423  -57.490  -57.468  -57.447  -57.196   -6.632   -5.755
    4.640    4.949    5.015    5.710    6.576    7.405    7.449    7.643    7.834    8.197
    8.446    8.945    9.387   10.113   11.484   13.066   17.286   18.723   19.462   23.270
   23.954   25.125   27.969   29.026   31.654   33.324   34.581   35.373   35.821   36.334
            0.312908 -0.431952 -0.041828
 -100.678 -100.008  -58.443  -58.423  -57.490  -57.468  -57.447  -57.196   -6.629   -5.760
    4.628    4.960    5.017    5.724    6.585    7.404    7.446    7.647    7.836    8.181
    8.445    8.942    9.390   10.095   11.493   13.061   17.285   18.750   19.464   23.157
   24.049   25.164   27.968   29.040   31.537   33.368   34.438   35.351   35.844   36.516
            0.312647 -0.433978 -0.052286
 -100.678 -100.008  -58.443  -58.423  -57.490  -57.468  -57.447  -57.196   -6.624   -5.766
    4.614    4.967    5.024    5.740    6.597    7.403    7.442    7.651    7.838    8.160
    8.445    8.937    9.394   10.073   11.504   13.055   17.283   18.781   19.468   23.042
   24.139   25.215   27.967   29.058   31.398   33.415   34.296   35.323   35.847   36.732
            0.312385 -0.436004 -0.062743
 -100.678 -100.008  -58.443  -58.423  -57.490  -57.468  -57.447  -57.196   -6.618   -5.775
    4.599    4.969    5.037    5.761    6.610    7.402    7.438    7.655    7.841    8.137
    8.444    8.932    9.398   10.047   11.516   13.048   17.283   18.816   19.474   22.926
   24.223   25.276   27.965   29.079   31.244   33.458   34.161   35.289   35.838   36.965
            0.312123 -0.438030 -0.073200
 -100.678 -100.008  -58.443  -58.423  -57.490  -57.468  -57.447  -57.196   -6.611   -5.784
    4.583    4.966    5.055    5.784    6.625    7.400    7.434    7.660    7.843    8.110
    8.443    8.926    9.403   10.018   11.530   13.040   17.285   18.852   19.483   22.811
   24.302   25.348   27.963   29.103   31.079   33.492   34.039   35.251   35.822   37.206
            0.311862 -0.440056 -0.083657
 -100.678 -100.008  -58.443  -58.423  -57.490  -57.468  -57.447  -57.196   -6.603   -5.795
    4.568    4.961    5.077    5.811    6.642    7.398    7.430    7.664    7.845    8.081
    8.441    8.919    9.407    9.986   11.544   13.031   17.289   18.886   19.498   22.697
   24.376   25.430   27.959   29.128   30.907   33.503   33.940   35.208   35.802   37.445
            0.311600 -0.442082 -0.094114
 -100.678 -100.008  -58.443  -58.423  -57.490  -57.468  -57.447  -57.196   -6.594   -5.807
    4.554    4.954    5.100    5.840    6.660    7.396    7.427    7.668    7.846    8.050
    8.439    8.912    9.412    9.951   11.558   13.021   17.297   18.917   19.520   22.584
   24.445   25.520   27.954   29.154   30.734   33.475   33.880   35.163   35.779   37.669
            0.311338 -0.444109 -0.104571
 -100.678 -100.008  -58.443  -58.423  -57.490  -57.468  -57.447  -57.196   -6.584   -5.820
    4.540    4.947    5.124    5.872    6.679    7.394    7.424    7.672    7.845    8.019
    8.436    8.906    9.416    9.914   11.573   13.011   17.307   18.942   19.551   22.472
   24.511   25.617   27.947   29.179   30.562   33.403   33.864   35.115   35.754   37.861
            0.311077 -0.446135 -0.115028
 -100.678 -100.008  -58.443  -58.423  -57.490  -57.468  -57.447  -57.196   -6.573   -5.835
    4.528    4.938    5.148    5.906    6.698    7.393    7.422    7.674    7.841    7.991
    8.431    8.900    9.420    9.876   11.587   13.001   17.321   18.960   19.590   22.362
   24.574   25.720   27.936   29.202   30.397   33.301   33.874   35.067   35.728   38.002
            0.310815 -0.448161 -0.125485
 -100.678 -100.008  -58.443  -58.423  -57.490  -57.468  -57.447  -57.196   -6.561   -5.850
    4.516    4.930    5.173    5.943    6.717    7.392    7.420    7.676    7.833    7.966
    8.425    8.894    9.423    9.838   11.600   12.990   17.338   18.971   19.638   22.253
   24.635   25.827   27.921   29.218   30.244   33.183   33.896   35.020   35.702   38.082
            0.310553 -0.450187 -0.135943
 -100.678 -100.008  -58.443  -58.423  -57.490  -57.468  -57.447  -57.196   -6.549   -5.867
    4.506    4.921    5.198    5.980    6.736    7.391    7.419    7.675    7.819    7.947
    8.417    8.890    9.425    9.799   11.613   12.980   17.359   18.974   19.695   22.147
   24.695   25.937   27.900   29.225   30.112   33.058   33.920   34.976   35.676   38.115
            0.310292 -0.452213 -0.146400
 -100.678 -100.008  -58.443  -58.423  -57.490  -57.468  -57.447  -57.196   -6.536   -5.884
    4.497    4.913    5.222    6.019    6.754    7.390    7.418    7.672    7.801    7.934
    8.407    8.887    9.427    9.759   11.625   12.969   17.382   18.972   19.759   22.042
   24.755   26.049   27.871   29.216   30.007   32.929   33.941   34.936   35.649   38.120
            0.310030 -0.454239 -0.156857
 -100.678 -100.008  -58.443  -58.423  -57.490  -57.468  -57.447  -57.196   -6.522   -5.902
    4.489    4.904    5.247    6.059    6.772    7.390    7.419    7.663    7.783    7.926
    8.395    8.885    9.428    9.721   11.636   12.960   17.408   18.964   19.828   21.940
   24.814   26.162   27.832   29.189   29.937   32.797   33.957   34.902   35.624   38.113
            0.309768 -0.456266 -0.167314
 -100.678 -100.008  -58.443  -58.423  -57.490  -57.469  -57.447  -57.196   -6.508   -5.921
    4.483    4.896    5.270    6.099    6.788    7.389    7.421    7.649    7.768    7.920
    8.380    8.886    9.428    9.683   11.646   12.951   17.436   18.953   19.902   21.841
   24.873   26.273   27.781   29.145   29.903   32.665   33.967   34.876   35.600   38.102
            0.309507 -0.458292 -0.177771
 -100.678 -100.008  -58.443  -58.423  -57.490  -57.469  -57.447  -57.196   -6.493   -5.940
    4.478    4.889    5.293    6.139    6.802    7.387    7.424    7.628    7.759    7.915
    8.364    8.889    9.428    9.647   11.655   12.942   17.465   18.939   19.980   21.744
   24.932   26.384   27.716   29.090   29.901   32.532   33.968   34.858   35.577   38.091
            0.309245 -0.460318 -0.188228
 -100.678 -100.008  -58.443  -58.423  -57.490  -57.469  -57.447  -57.196   -6.479   -5.959
    4.475    4.882    5.315    6.178    6.815    7.385    7.428    7.603    7.754    7.909
    8.347    8.893    9.427    9.612   11.663   12.935   17.495   18.923   20.060   21.650
   24.990   26.490   27.639   29.036   29.922   32.399   33.962   34.848   35.556   38.082
            0.308983 -0.462344 -0.198685
 -100.678 -100.008  -58.443  -58.423  -57.490  -57.469  -57.447  -57.196   -6.464   -5.978
    4.473    4.876    5.336    6.216    6.826    7.382    7.433    7.577    7.753    7.903
    8.329    8.900    9.425    9.579   11.670   12.929   17.524   18.907   20.141   21.559
   25.047   26.592   27.551   28.987   29.959   32.266   33.948   34.846   35.537   38.076
            0.308722 -0.464370 -0.209142
 -100.678 -100.009  -58.443  -58.423  -57.490  -57.469  -57.446  -57.196   -6.449   -5.997
    4.473    4.870    5.355    6.251    6.835    7.378    7.438    7.552    7.754    7.895
    8.310    8.908    9.423    9.548   11.677   12.924   17.552   18.892   20.224   21.471
   25.102   26.685   27.457   28.948   30.009   32.135   33.929   34.851   35.522   38.073
            0.317596 -0.441152 -0.198685
 -100.678 -100.008  -58.443  -58.423  -57.490  -57.469  -57.447  -57.196   -6.461   -5.970
    4.470    4.872    5.326    6.213    6.837    7.372    7.420    7.594    7.781    7.897
    8.301    8.918    9.405    9.574   11.645   12.964   17.507   18.956   20.079   21.563
   25.046   26.547   27.582   28.987   30.064   32.072   33.949   35.070   35.574   37.990
            0.326471 -0.417933 -0.188228
 -100.678 -100.008  -58.443  -58.423  -57.490  -57.469  -57.447  -57.197   -6.470   -5.945
    4.481    4.878    5.301    6.164    6.836    7.321    7.434    7.639    7.816    7.899
    8.288    8.932    9.384    9.612   11.588   13.003   17.472   19.026   19.955   21.675
   24.955   26.438   27.617   29.093   30.028   32.062   33.962   35.187   35.634   38.001
            0.335346 -0.394715 -0.177771
 -100.678 -100.008  -58.443  -58.423  -57.490  -57.469  -57.447  -57.197   -6.477   -5.922
    4.504    4.887    5.283    6.110    6.830    7.256    7.450    7.676    7.852    7.913
    8.274    8.948    9.358    9.658   11.511   13.042   17.451   19.093   19.856   21.800
   24.828   26.362   27.556   29.289   29.916   32.107   33.958   35.032   35.855   37.968
            0.344220 -0.371496 -0.167314
 -100.678 -100.008  -58.443  -58.423  -57.490  -57.469  -57.447  -57.197   -6.481   -5.901
    4.537    4.900    5.270    6.057    6.817    7.190    7.465    7.701    7.862    7.965
    8.261    8.964    9.327    9.708   11.419   13.081   17.451   19.143   19.790   21.932
   24.669   26.309   27.430   29.541   29.777   32.174   33.912   34.737   36.149   37.737
            0.353095 -0.348278 -0.156857
 -100.677 -100.008  -58.444  -58.423  -57.490  -57.468  -57.447  -57.197   -6.483   -5.883
    4.576    4.917    5.266    6.010    6.792    7.130    7.475    7.714    7.855    8.039
    8.256    8.978    9.290    9.756   11.317   13.119   17.471   19.157   19.774   22.062
   24.485   26.264   27.285   29.539   29.934   32.218   33.803   34.427   36.446   37.487
            0.361970 -0.325059 -0.146400
 -100.677 -100.008  -58.444  -58.424  -57.490  -57.468  -57.447  -57.198   -6.483   -5.867
    4.619    4.938    5.268    5.973    6.748    7.083    7.483    7.719    7.842    8.112
    8.264    8.990    9.248    9.797   11.212   13.158   17.514   19.118   19.818   22.178
   24.292   26.208   27.160   29.381   30.295   32.185   33.641   34.158   36.715   37.267
            0.370844 -0.301841 -0.135943
 -100.677 -100.008  -58.444  -58.424  -57.490  -57.468  -57.447  -57.198   -6.479   -5.853
    4.661    4.967    5.276    5.950    6.682    7.055    7.487    7.717    7.826    8.164
    8.299    9.000    9.203    9.831   11.107   13.195   17.575   19.034   19.915   22.263
   24.109   26.125   27.081   29.236   30.690   32.035   33.458   33.961   36.832   37.112
            0.379719 -0.278622 -0.125485
 -100.677 -100.008  -58.445  -58.424  -57.490  -57.468  -57.447  -57.198   -6.474   -5.842
    4.698    5.004    5.288    5.945    6.596    7.042    7.490    7.711    7.808    8.188
    8.359    9.003    9.161    9.859   11.005   13.232   17.649   18.923   20.048   22.299
   23.958   26.018   27.056   29.114   31.095   31.786   33.231   33.884   36.445   37.288
            0.388594 -0.255404 -0.115028
 -100.677 -100.007  -58.445  -58.424  -57.490  -57.468  -57.446  -57.199   -6.465   -5.833
    4.730    5.052    5.300    5.957    6.496    7.038    7.493    7.701    7.790    8.201
    8.425    8.988    9.137    9.885   10.906   13.266   17.722   18.805   20.204   22.269
   23.858   25.900   27.073   29.014   31.335   31.650   32.943   33.928   35.857   37.526
            0.397468 -0.232185 -0.104571
 -100.677 -100.007  -58.446  -58.424  -57.490  -57.468  -57.446  -57.199   -6.453   -5.828
    4.755    5.108    5.312    5.988    6.385    7.038    7.497    7.689    7.774    8.207
    8.486    8.944    9.144    9.913   10.809   13.298   17.768   18.706   20.377   22.176
   23.815   25.790   27.115   28.926   31.080   31.977   32.634   34.047   35.222   37.757
            0.406343 -0.208967 -0.094114
 -100.677 -100.007  -58.446  -58.424  -57.490  -57.468  -57.446  -57.200   -6.439   -5.825
    4.777    5.171    5.322    6.035    6.270    7.039    7.503    7.677    7.761    8.205
    8.539    8.883    9.174    9.949   10.710   13.328   17.750   18.664   20.558   22.039
   23.813   25.701   27.166   28.839   30.796   32.115   32.500   34.183   34.677   37.950
            0.415217 -0.185748 -0.083657
 -100.677 -100.007  -58.447  -58.425  -57.490  -57.468  -57.446  -57.200   -6.422   -5.824
    4.795    5.239    5.331    6.082    6.165    7.038    7.511    7.667    7.748    8.194
    8.584    8.818    9.214    9.998   10.610   13.354   17.646   18.697   20.741   21.890
   23.834   25.640   27.214   28.740   30.566   31.824   32.603   34.129   34.584   38.064
            0.424092 -0.162530 -0.073200
 -100.677 -100.007  -58.447  -58.425  -57.490  -57.468  -57.446  -57.201   -6.403   -5.826
    4.808    5.308    5.341    6.018    6.182    7.037    7.521    7.661    7.737    8.171
    8.610    8.767    9.255   10.062   10.506   13.378   17.476   18.783   20.918   21.756
   23.863   25.608   27.242   28.621   30.408   31.461   32.421   34.172   34.839   38.082
            0.432967 -0.139311 -0.062743
 -100.676 -100.007  -58.448  -58.425  -57.490  -57.468  -57.446  -57.201   -6.381   -5.830
    4.815    5.347    5.378    5.917    6.254    7.039    7.528    7.660    7.726    8.138
    8.587    8.765    9.292   10.141   10.401   13.397   17.270   18.886   21.076   21.664
   23.892   25.604   27.235   28.488   30.319   31.080   32.047   34.432   35.190   38.031
            0.441841 -0.116093 -0.052286
 -100.676 -100.007  -58.448  -58.425  -57.490  -57.468  -57.445  -57.202   -6.358   -5.835
    4.813    5.355    5.437    5.838    6.330    7.048    7.531    7.667    7.714    8.096
    8.527    8.800    9.321   10.227   10.305   13.413   17.051   18.978   21.208   21.633
   23.918   25.627   27.180   28.345   30.277   30.709   31.666   34.747   35.597   37.959
            0.450716 -0.092874 -0.041828
 -100.676 -100.007  -58.449  -58.425  -57.490  -57.468  -57.445  -57.202   -6.333   -5.842
    4.799    5.356    5.477    5.801    6.403    7.068    7.527    7.681    7.702    8.046
    8.459    8.842    9.336   10.187   10.352   13.425   16.836   19.042   21.317   21.663
   23.938   25.671   27.079   28.188   30.209   30.442   31.340   35.059   36.007   37.930
            0.459591 -0.069656 -0.031371
 -100.676 -100.007  -58.449  -58.425  -57.489  -57.468  -57.445  -57.203   -6.308   -5.850
    4.774    5.343    5.499    5.813    6.469    7.100    7.515    7.688    7.704    7.988
    8.397    8.880    9.336   10.105   10.459   13.432   16.636   19.070   21.429   21.723
   23.950   25.730   26.945   28.000   30.033   30.392   31.072   35.348   36.335   38.033
            0.468465 -0.046437 -0.020914
 -100.676 -100.007  -58.450  -58.425  -57.489  -57.468  -57.445  -57.203   -6.283   -5.858
    4.737    5.319    5.517    5.856    6.528    7.145    7.497    7.672    7.733    7.921
    8.348    8.907    9.320   10.042   10.563   13.434   16.464   19.066   21.562   21.783
   23.949   25.790   26.804   27.782   29.906   30.408   30.858   35.591   36.529   38.332
            0.477340 -0.023219 -0.010457
 -100.676 -100.007  -58.450  -58.425  -57.489  -57.468  -57.445  -57.204   -6.259   -5.866
    4.692    5.296    5.535    5.909    6.576    7.200    7.476    7.652    7.770    7.842
    8.318    8.917    9.297   10.002   10.654   13.431   16.330   19.038   21.708   21.827
   23.931   25.824   26.672   27.584   29.868   30.424   30.692   35.744   36.654   38.784
            0.486215  0.000000  0.000000
 -100.676 -100.007  -58.451  -58.425  -57.489  -57.468  -57.444  -57.204   -6.237   -5.873
    4.645    5.281    5.554    5.957    6.613    7.259    7.454    7.628    7.751    7.815
    8.310    8.905    9.276    9.986   10.724   13.421   16.244   18.997   21.820   21.880
   23.898   25.806   26.545   27.484   29.896   30.421   30.577   35.777   36.809   39.218
            0.460346 -0.044488 -0.009243
 -100.676 -100.007  -58.450  -58.425  -57.489  -57.468  -57.445  -57.203   -6.308   -5.864
    4.785    5.290    5.531    5.806    6.534    7.183    7.487    7.647    7.744    7.920
    8.379    8.887    9.330   10.046   10.601   13.408   16.481   18.989   21.605   21.925
   23.948   25.901   26.739   27.781   29.924   30.357   30.819   35.712   36.390   38.420
            0.434477 -0.088976 -0.018486
 -100.676 -100.007  -58.448  -58.425  -57.489  -57.468  -57.445  -57.202   -6.386   -5.849
    4.890    5.260    5.505    5.747    6.413    7.153    7.519    7.655    7.684    8.056
    8.492    8.793    9.369   10.184   10.459   13.386   16.823   18.930   21.337   21.958
   23.955   25.805   27.016   28.273   30.141   30.410   31.236   35.373   35.952   37.725
            0.408609 -0.133464 -0.027729
 -100.676 -100.007  -58.447  -58.425  -57.489  -57.468  -57.445  -57.201   -6.464   -5.833
    4.926    5.185    5.380    5.926    6.268    7.164    7.546    7.604    7.677    8.158
    8.611    8.694    9.351   10.204   10.525   13.357   17.182   18.796   21.031   22.066
   23.913   25.725   27.263   28.674   30.197   31.075   31.865   34.692   35.546   37.351
            0.382740 -0.177952 -0.036973
 -100.677 -100.007  -58.446  -58.424  -57.489  -57.468  -57.446  -57.200   -6.533   -5.817
    4.912    5.060    5.307    6.111    6.182    7.188    7.541    7.579    7.685    8.215
    8.579    8.763    9.298   10.119   10.769   13.323   17.464   18.630   20.698   22.290
   23.814   25.736   27.428   28.959   30.413   31.897   32.785   33.888   35.188   37.030
            0.356872 -0.222440 -0.046216
 -100.677 -100.007  -58.445  -58.424  -57.490  -57.468  -57.446  -57.198   -6.588   -5.803
    4.860    4.957    5.259    5.988    6.401    7.206    7.500    7.625    7.691    8.226
    8.512    8.881    9.239   10.074   11.018   13.287   17.567   18.529   20.382   22.593
   23.664   25.814   27.558   29.171   30.848   32.624   33.131   33.869   34.978   36.685
            0.331003 -0.266928 -0.055459
 -100.677 -100.008  -58.444  -58.424  -57.490  -57.468  -57.446  -57.198   -6.625   -5.794
    4.773    4.929    5.199    5.893    6.558    7.230    7.474    7.680    7.698    8.216
    8.445    8.986    9.192   10.064   11.238   13.250   17.484   18.527   20.134   22.913
   23.492   25.881   27.732   29.344   31.260   32.687   33.238   34.263   35.323   36.742
            0.305134 -0.311415 -0.064702
 -100.677 -100.008  -58.443  -58.423  -57.490  -57.468  -57.446  -57.197   -6.643   -5.790
    4.697    4.945    5.123    5.840    6.630    7.285    7.454    7.690    7.745    8.211
    8.369    9.061    9.168   10.056   11.415   13.214   17.340   18.565   19.972   23.153
   23.378   25.863   27.966   29.386   31.373   32.744   33.482   34.433   35.787   37.364
            0.279266 -0.355903 -0.073945
 -100.678 -100.008  -58.443  -58.423  -57.490  -57.468  -57.447  -57.197   -6.640   -5.792
    4.646    4.982    5.053    5.822    6.637    7.355    7.437    7.692    7.784    8.222
    8.301    9.074    9.186   10.014   11.535   13.183   17.240   18.639   19.867   23.109
   23.523   25.752   28.121   29.242   31.395   32.853   33.681   34.889   36.061   37.441
            0.253397 -0.400391 -0.083188
 -100.678 -100.008  -58.443  -58.423  -57.490  -57.468  -57.447  -57.197   -6.616   -5.799
    4.621    4.960    5.083    5.829    6.597    7.413    7.420    7.702    7.798    8.215
    8.304    9.039    9.215    9.929   11.575   13.157   17.225   18.785   19.783   22.987
   23.714   25.576   27.986   29.099   31.294   33.294   33.749   35.336   35.728   37.568
            0.227528 -0.444879 -0.092431
 -100.678 -100.008  -58.443  -58.423  -57.490  -57.468  -57.447  -57.197   -6.573   -5.812
    4.624    4.921    5.179    5.845    6.516    7.386    7.463    7.717    7.784    8.200
    8.390    8.981    9.225    9.824   11.516   13.137   17.302   18.998   19.722   22.846
   23.874   25.378   27.633   28.957   31.109   33.587   34.096   34.887   35.659   38.073
            0.201660 -0.489367 -0.101674
 -100.677 -100.008  -58.444  -58.424  -57.490  -57.468  -57.447  -57.198   -6.514   -5.829
    4.655    4.907    5.300    5.859    6.393    7.335    7.507    7.713    7.760    8.223
    8.519    8.904    9.216    9.738   11.355   13.120   17.448   19.126   19.814   22.667
   23.986   25.217   27.264   28.759   30.853   33.069   34.635   34.819   35.622   38.772
            0.175791 -0.533855 -0.110918
 -100.677 -100.008  -58.445  -58.424  -57.490  -57.468  -57.447  -57.199   -6.440   -5.850
    4.705    4.919    5.438    5.872    6.230    7.267    7.546    7.677    7.756    8.284
    8.656    8.825    9.201    9.694   11.115   13.104   17.625   19.009   20.177   22.454
   24.011   25.159   26.969   28.554   30.537   32.304   34.226   35.294   36.082   38.508
            0.149923 -0.578343 -0.120161
 -100.677 -100.007  -58.446  -58.424  -57.490  -57.468  -57.446  -57.200   -6.358   -5.871
    4.755    4.956    5.578    5.894    6.059    7.178    7.566    7.659    7.756    8.369
    8.654    8.861    9.196    9.697   10.842   13.085   17.765   18.785   20.642   22.240
   23.952   25.215   26.765   28.375   30.233   31.600   33.483   35.569   36.439   38.635
            0.124054 -0.622831 -0.129404
 -100.677 -100.007  -58.447  -58.425  -57.491  -57.468  -57.446  -57.201   -6.272   -5.891
    4.784    5.005    5.640    5.895    6.042    7.074    7.550    7.679    7.758    8.422
    8.585    8.921    9.223    9.738   10.608   13.065   17.741   18.612   21.080   22.064
   23.887   25.341   26.622   28.213   29.995   31.080   32.582   35.402   36.690   38.723
            0.098185 -0.667319 -0.138647
 -100.676 -100.007  -58.449  -58.425  -57.491  -57.468  -57.446  -57.202   -6.190   -5.904
    4.783    5.041    5.561    5.957    6.212    6.959    7.494    7.713    7.761    8.332
    8.631    8.918    9.270    9.763   10.510   13.041   17.477   18.582   21.401   21.950
   23.902   25.508   26.511   28.055   29.827   30.783   31.643   35.085   36.734   39.005
            0.072317 -0.711807 -0.147890
 -100.676 -100.007  -58.450  -58.425  -57.491  -57.468  -57.446  -57.203   -6.124   -5.907
    4.743    5.074    5.485    6.065    6.445    6.840    7.390    7.709    7.787    8.178
    8.675    8.945    9.307    9.745   10.569   13.016   17.109   18.603   21.518   21.918
   24.049   25.654   26.476   27.918   29.698   30.655   30.758   34.845   36.608   39.422
            0.046448 -0.756295 -0.157133
 -100.676 -100.007  -58.451  -58.425  -57.491  -57.468  -57.446  -57.204   -6.080   -5.896
    4.686    5.129    5.450    6.157    6.674    6.754    7.237    7.669    7.814    7.999
    8.661    9.078    9.330    9.732   10.674   12.991   16.776   18.618   21.416   21.960
   24.326   25.631   26.655   27.862   29.549   29.977   30.638   34.730   36.417   39.460
            0.020580 -0.800783 -0.166376
 -100.676 -100.007  -58.451  -58.425  -57.491  -57.468  -57.445  -57.205   -6.059   -5.877
    4.651    5.217    5.440    6.166    6.626    6.955    7.089    7.619    7.746    7.880
    8.658    9.239    9.359    9.758   10.715   12.971   16.572   18.625   21.207   21.997
   24.660   25.436   27.027   27.939   29.311   29.389   30.695   34.645   36.207   39.113
           -0.005289 -0.845270 -0.175620
 -100.676 -100.007  -58.452  -58.425  -57.491  -57.468  -57.445  -57.205   -6.052   -5.863
    4.659    5.336    5.446    6.061    6.534    6.926    7.252    7.545    7.594    7.877
    8.683    9.289    9.437    9.854   10.637   12.961   16.551   18.633   20.978   22.011
   24.910   25.218   27.426   28.080   28.920   29.259   30.807   34.446   36.033   38.767
           -0.031158 -0.889758 -0.184863
 -100.676 -100.007  -58.452  -58.425  -57.491  -57.468  -57.445  -57.205   -6.055   -5.860
    4.709    5.415    5.523    5.914    6.377    6.872    7.338    7.514    7.587    7.892
    8.726    9.265    9.467   10.021   10.451   12.961   16.719   18.639   20.797   21.999
   24.749   25.319   27.662   27.882   29.128   29.403   30.947   34.095   35.903   38.465
           -0.002707 -0.843244 -0.193429
 -100.676 -100.007  -58.452  -58.425  -57.491  -57.468  -57.445  -57.205   -6.054   -5.866
    4.740    5.297    5.495    5.983    6.447    6.950    7.232    7.539    7.595    7.877
    8.743    9.283    9.505    9.856   10.616   12.885   16.699   18.463   21.090   21.913
   25.027   25.286   27.564   28.172   28.828   29.047   30.875   34.219   35.940   38.453
            0.025744 -0.796730 -0.201995
 -100.676 -100.007  -58.451  -58.425  -57.491  -57.468  -57.445  -57.205   -6.060   -5.892
    4.806    5.161    5.530    6.005    6.511    6.911    7.090    7.561    7.787    7.900
    8.774    9.273    9.426    9.746   10.687   12.829   16.876   18.351   21.381   21.825
   24.916   25.510   27.268   27.976   29.011   29.330   30.804   34.319   35.888   38.468
            0.054195 -0.750216 -0.210561
 -100.676 -100.007  -58.450  -58.425  -57.491  -57.468  -57.446  -57.204   -6.070   -5.938
    4.824    5.155    5.574    5.932    6.605    6.660    7.198    7.581    7.814    8.086
    8.805    9.209    9.272    9.720   10.678   12.800   17.191   18.317   21.543   21.832
   24.755   25.583   26.960   27.822   29.180   30.056   30.771   34.372   35.883   38.593
            0.082646 -0.703702 -0.219127
 -100.676 -100.007  -58.449  -58.425  -57.491  -57.468  -57.446  -57.203   -6.086   -5.994
    4.769    5.245    5.611    5.889    6.354    6.776    7.322    7.594    7.788    8.279
    8.797    9.007    9.259    9.708   10.649   12.801   17.528   18.373   21.491   21.947
   24.624   25.574   26.740   27.809   29.319   30.686   31.016   34.409   36.049   38.873
            0.111097 -0.657188 -0.227693
 -100.676 -100.007  -58.448  -58.425  -57.491  -57.468  -57.446  -57.201   -6.125   -6.035
    4.715    5.206    5.697    5.994    6.107    6.912    7.429    7.589    7.767    8.395
    8.719    8.854    9.260    9.682   10.692   12.826   17.749   18.536   21.381   21.909
   24.609   25.685   26.629   27.803   29.374   30.935   31.803   34.483   36.460   39.145
            0.139548 -0.610674 -0.236259
 -100.677 -100.008  -58.446  -58.424  -57.490  -57.468  -57.446  -57.200   -6.191   -6.048
    4.673    5.056    5.832    5.875    6.238    7.028    7.497    7.588    7.763    8.336
    8.698    8.721    9.266    9.621   10.865   12.867   17.820   18.744   21.245   21.668
   24.734   26.034   26.623   27.733   29.366   31.379   32.480   34.668   37.008   38.943
            0.167999 -0.564160 -0.244826
 -100.677 -100.008  -58.445  -58.424  -57.490  -57.469  -57.446  -57.199   -6.260   -6.050
    4.621    4.925    5.679    6.003    6.481    7.130    7.516    7.628    7.768    8.149
    8.538    8.774    9.280    9.535   11.133   12.917   17.797   18.895   21.070   21.348
   24.935   26.488   26.806   27.644   29.393   31.970   32.895   34.957   37.126   37.846
            0.196449 -0.517646 -0.253392
 -100.677 -100.008  -58.444  -58.424  -57.490  -57.469  -57.446  -57.198   -6.318   -6.049
    4.542    4.861    5.539    6.170    6.671    7.231    7.516    7.676    7.773    7.963
    8.344    8.850    9.301    9.453   11.415   12.968   17.725   18.962   20.822   21.122
   25.131   26.676   27.208   27.788   29.578   32.244   33.361   34.965   36.374   37.744
            0.224900 -0.471132 -0.261958
 -100.678 -100.009  -58.443  -58.423  -57.490  -57.469  -57.447  -57.197   -6.358   -6.048
    4.468    4.845    5.448    6.321    6.786    7.318    7.479    7.710    7.780    7.861
    8.160    8.919    9.318    9.390   11.633   13.012   17.644   18.974   20.591   21.010
   25.260   26.769   27.259   28.385   29.992   31.884   33.881   34.723   35.801   38.141
            0.253351 -0.424618 -0.270524
 -100.678 -100.009  -58.443  -58.423  -57.490  -57.469  -57.447  -57.196   -6.377   -6.049
    4.435    4.845    5.410    6.406    6.839    7.351    7.436    7.715    7.799    7.860
    8.031    8.959    9.326    9.369   11.731   13.033   17.598   18.967   20.493   20.966
   25.311   26.761   27.308   28.798   30.598   31.195   33.763   34.982   35.580   38.139
            0.281802 -0.378104 -0.279090
 -100.678 -100.009  -58.443  -58.423  -57.490  -57.469  -57.447  -57.197   -6.371   -6.053
    4.453    4.850    5.425    6.371    6.837    7.337    7.451    7.685    7.798    7.894
    8.036    8.948    9.327    9.398   11.690   13.017   17.614   18.963   20.561   20.981
   25.293   26.663   27.425   28.711   30.285   31.438   33.730   34.807   35.699   38.212
            0.310253 -0.331589 -0.287656
 -100.677 -100.008  -58.444  -58.423  -57.490  -57.469  -57.446  -57.197   -6.341   -6.061
    4.516    4.865    5.495    6.243    6.778    7.252    7.513    7.649    7.780    7.934
    8.185    8.899    9.318    9.465   11.521   12.969   17.681   18.954   20.790   21.048
   25.216   26.516   27.567   28.158   29.724   31.933   33.452   34.718   36.136   37.775
            0.338704 -0.285075 -0.296222
 -100.677 -100.008  -58.444  -58.424  -57.490  -57.469  -57.446  -57.198   -6.290   -6.069
    4.592    4.916    5.615    6.081    6.643    7.146    7.523    7.617    7.763    8.066
    8.376    8.835    9.303    9.546   11.268   12.907   17.757   18.907   21.142   21.154
   25.094   26.329   27.397   27.733   29.457   31.917   32.914   34.762   36.893   37.536
            0.367155 -0.238561 -0.304789
 -100.677 -100.008  -58.446  -58.424  -57.490  -57.468  -57.446  -57.199   -6.223   -6.076
    4.645    5.035    5.781    5.921    6.426    7.052    7.502    7.573    7.753    8.239
    8.569    8.775    9.289    9.625   10.999   12.844   17.801   18.786   21.271   21.549
   24.977   26.086   26.783   27.879   29.385   31.415   32.507   34.483   37.127   38.348
            0.395606 -0.192047 -0.313355
 -100.676 -100.007  -58.447  -58.425  -57.490  -57.468  -57.446  -57.201   -6.145   -6.079
    4.679    5.205    5.757    5.995    6.179    6.952    7.441    7.554    7.755    8.349
    8.740    8.765    9.273    9.688   10.792   12.788   17.784   18.579   21.371   21.904
   24.926   25.776   26.501   28.008   29.342   30.946   31.889   34.275   36.660   38.962
            0.424057 -0.145533 -0.321921
 -100.676 -100.007  -58.448  -58.425  -57.490  -57.468  -57.446  -57.202   -6.085   -6.059
    4.724    5.341    5.638    5.958    6.249    6.824    7.339    7.554    7.777    8.303
    8.818    8.937    9.253    9.723   10.694   12.745   17.670   18.341   21.452   22.082
   24.959   25.581   26.512   28.067   29.209   30.674   31.130   34.222   36.171   38.566
            0.452508 -0.099019 -0.330487
 -100.676 -100.007  -58.450  -58.425  -57.490  -57.468  -57.446  -57.203   -6.079   -5.987
    4.795    5.275    5.646    5.867    6.507    6.679    7.219    7.543    7.809    8.152
    8.855    9.179    9.236    9.734   10.682   12.726   17.425   18.186   21.527   22.021
   25.059   25.557   26.749   28.059   29.001   30.111   30.813   34.222   35.898   38.205
            0.480958 -0.052505 -0.339053
 -100.676 -100.007  -58.451  -58.425  -57.490  -57.468  -57.445  -57.204   -6.073   -5.926
    4.874    5.151    5.621    5.920    6.495    6.811    7.111    7.526    7.814    7.965
    8.847    9.238    9.446    9.728   10.680   12.735   17.133   18.147   21.598   21.800
   25.161   25.563   27.149   28.105   28.771   29.389   30.825   34.190   35.833   38.063
            0.509409 -0.005991 -0.347619
 -100.676 -100.007  -58.452  -58.425  -57.490  -57.468  -57.445  -57.205   -6.066   -5.885
    4.870    5.184    5.575    5.938    6.375    6.973    7.144    7.510    7.672    7.894
    8.825    9.253    9.594    9.801   10.621   12.775   16.926   18.202   21.453   21.737
   25.197   25.450   27.523   28.257   28.716   28.854   30.890   34.084   35.883   38.093
            0.537860  0.040523 -0.356185
 -100.676 -100.007  -58.452  -58.425  -57.490  -57.468  -57.445  -57.205   -6.061   -5.867
    4.821    5.332    5.561    5.860    6.290    6.936    7.330    7.497    7.535    7.907
    8.810    9.262    9.530    9.996   10.489   12.837   16.888   18.335   21.149   21.831
   24.962   25.406   27.648   27.954   29.043   29.128   30.965   33.932   35.915   38.174
            0.508585  0.038497 -0.352509
 -100.676 -100.007  -58.452  -58.425  -57.490  -57.468  -57.445  -57.205   -6.077   -5.882
    4.857    5.236    5.569    5.939    6.320    6.947    7.264    7.493    7.561    7.927
    8.837    9.253    9.529    9.935   10.552   12.787   16.919   18.250   21.438   21.766
   25.060   25.481   27.406   28.040   28.891   29.160   30.855   34.166   35.868   38.206
            0.479310  0.036471 -0.348833
 -100.676 -100.007  -58.452  -58.425  -57.490  -57.468  -57.445  -57.205   -6.101   -5.906
    4.901    5.145    5.595    6.020    6.358    6.953    7.177    7.484    7.613    7.943
    8.875    9.222    9.537    9.869   10.597   12.738   16.987   18.177   21.688   21.794
   25.176   25.574   27.138   28.102   28.772   29.217   30.754   34.349   35.852   38.175
            0.450035  0.034445 -0.345157
 -100.676 -100.007  -58.451  -58.425  -57.489  -57.468  -57.444  -57.205   -6.133   -5.941
    4.922    5.100    5.634    6.088    6.406    6.956    7.099    7.470    7.662    7.950
    8.930    9.179    9.550    9.795   10.623   12.693   17.086   18.118   21.655   22.156
   25.322   25.659   26.850   28.134   28.713   29.289   30.664   34.432   35.920   38.081
            0.420760  0.032419 -0.341481
 -100.676 -100.007  -58.451  -58.425  -57.488  -57.468  -57.444  -57.204   -6.172   -5.984
    4.875    5.146    5.686    6.128    6.463    6.944    7.058    7.448    7.705    7.946
    9.006    9.130    9.561    9.714   10.632   12.654   17.205   18.071   21.638   22.549
   25.509   25.707   26.555   28.154   28.719   29.367   30.591   34.388   36.105   37.931
            0.391485  0.030392 -0.337805
 -100.676 -100.007  -58.451  -58.425  -57.487  -57.469  -57.443  -57.204   -6.215   -6.035
    4.804    5.242    5.750    6.136    6.516    6.925    7.060    7.416    7.739    7.934
    9.086    9.101    9.567    9.629   10.628   12.624   17.331   18.033   21.658   22.951
   25.700   25.727   26.285   28.190   28.776   29.437   30.549   34.237   36.385   37.742
            0.362210  0.028366 -0.334129
 -100.676 -100.007  -58.450  -58.425  -57.487  -57.469  -57.443  -57.204   -6.262   -6.093
    4.737    5.360    5.825    6.114    6.545    6.928    7.085    7.376    7.763    7.920
    9.056    9.207    9.538    9.568   10.617   12.604   17.449   17.997   21.726   23.352
   25.635   25.773   26.262   28.246   28.878   29.477   30.565   34.018   36.706   37.548
            0.332935  0.026340 -0.330453
 -100.676 -100.007  -58.449  -58.425  -57.486  -57.469  -57.442  -57.203   -6.313   -6.156
    4.681    5.489    5.909    6.069    6.546    6.956    7.120    7.332    7.768    7.913
    9.045    9.320    9.458    9.553   10.605   12.595   17.541   17.955   21.854   23.746
   25.496   25.571   26.602   28.305   29.024   29.475   30.661   33.765   36.912   37.487
            0.303660  0.024314 -0.326777
 -100.676 -100.007  -58.449  -58.425  -57.485  -57.469  -57.442  -57.202   -6.365   -6.223
    4.637    5.624    5.990    6.021    6.528    6.987    7.158    7.298    7.748    7.916
    9.052    9.384    9.427    9.542   10.597   12.597   17.593   17.900   22.048   24.131
   25.246   25.428   27.053   28.352   29.172   29.482   30.840   33.501   36.799   37.741
            0.274384  0.022288 -0.323101
 -100.676 -100.007  -58.448  -58.424  -57.484  -57.469  -57.441  -57.202   -6.418   -6.291
    4.607    5.747    5.945    6.107    6.502    6.993    7.191    7.295    7.712    7.921
    9.059    9.357    9.438    9.604   10.598   12.613   17.599   17.824   22.310   24.501
   24.999   25.309   27.536   28.380   29.214   29.632   31.090   33.247   36.565   38.051
            0.245109  0.020262 -0.319425
 -100.676 -100.007  -58.447  -58.424  -57.483  -57.469  -57.441  -57.201   -6.470   -6.359
    4.591    5.787    5.953    6.214    6.475    6.970    7.213    7.332    7.666    7.922
    9.038    9.385    9.393    9.717   10.612   12.643   17.554   17.721   22.635   24.707
   24.898   25.258   27.958   28.391   29.254   29.890   31.403   33.022   36.314   38.156
            0.215834  0.018235 -0.315748
 -100.676 -100.007  -58.447  -58.424  -57.482  -57.469  -57.440  -57.200   -6.522   -6.427
    4.590    5.730    6.027    6.323    6.465    6.932    7.230    7.386    7.618    7.918
    8.992    9.314    9.478    9.834   10.641   12.688   17.465   17.589   23.005   24.547
   24.974   25.472   28.165   28.392   29.502   30.173   31.770   32.846   36.070   37.918
            0.186559  0.016209 -0.312072
 -100.676 -100.008  -58.446  -58.424  -57.481  -57.469  -57.440  -57.200   -6.571   -6.491
    4.602    5.656    6.059    6.412    6.515    6.896    7.245    7.440    7.576    7.908
    8.937    9.230    9.588    9.948   10.690   12.748   17.337   17.429   23.389   24.394
   24.964   25.866   28.134   28.398   29.975   30.441   32.182   32.751   35.846   37.476
            0.157284  0.014183 -0.308396
 -100.677 -100.008  -58.445  -58.423  -57.480  -57.469  -57.439  -57.199   -6.616   -6.551
    4.628    5.583    6.025    6.474    6.628    6.873    7.260    7.473    7.561    7.896
    8.883    9.138    9.700   10.050   10.763   12.822   17.182   17.246   23.734   24.274
   25.016   26.303   27.998   28.421   30.527   30.666   32.548   32.850   35.658   36.974
            0.128009  0.012157 -0.304720
 -100.677 -100.008  -58.445  -58.423  -57.479  -57.469  -57.439  -57.199   -6.658   -6.605
    4.667    5.516    5.949    6.525    6.737    6.886    7.274    7.467    7.594    7.881
    8.833    9.040    9.804   10.133   10.864   12.908   17.007   17.050   23.968   24.189
   25.194   26.748   27.842   28.477   30.802   31.077   32.715   33.294   35.526   36.417
            0.098734  0.010131 -0.301044
 -100.677 -100.008  -58.444  -58.423  -57.478  -57.470  -57.438  -57.198   -6.694   -6.653
    4.718    5.457    5.851    6.555    6.792    6.967    7.289    7.460    7.641    7.865
    8.789    8.939    9.895   10.192   10.989   13.002   16.820   16.855   24.063   24.146
   25.491   27.135   27.752   28.591   30.855   31.548   32.899   33.814   35.451   35.812
            0.069459  0.008105 -0.297368
 -100.677 -100.008  -58.444  -58.423  -57.478  -57.470  -57.438  -57.198   -6.724   -6.694
    4.779    5.408    5.745    6.564    6.817    7.074    7.304    7.470    7.687    7.849
    8.750    8.838    9.972   10.228   11.127   13.099   16.629   16.677   24.065   24.143
   25.824   27.240   27.956   28.796   30.818   31.885   33.120   34.262   35.014   35.750
            0.040184  0.006078 -0.293692
 -100.677 -100.008  -58.444  -58.422  -57.477  -57.470  -57.437  -57.197   -6.748   -6.727
    4.846    5.369    5.637    6.561    6.834    7.164    7.323    7.499    7.727    7.836
    8.715    8.746   10.037   10.244   11.260   13.190   16.454   16.523   24.056   24.136
   26.122   27.130   28.384   29.110   30.706   31.999   33.332   34.480   34.602   35.621
            0.010909  0.004052 -0.290016
 -100.677 -100.008  -58.444  -58.422  -57.477  -57.470  -57.437  -57.197   -6.766   -6.751
    4.914    5.341    5.538    6.555    6.844    7.221    7.348    7.535    7.753    7.834
    8.652    8.702   10.089   10.246   11.370   13.266   16.312   16.403   24.056   24.122
   26.359   26.986   28.844   29.511   30.543   31.819   33.495   34.098   34.924   35.589
           -0.018366  0.002026 -0.286340
 -100.677 -100.008  -58.444  -58.422  -57.476  -57.470  -57.437  -57.197   -6.775   -6.767
    4.971    5.326    5.460    6.549    6.848    7.248    7.373    7.563    7.758    7.849
    8.593    8.686   10.126   10.240   11.443   13.317   16.219   16.325   24.064   24.105
   26.544   26.842   29.282   29.813   30.493   31.396   33.611   33.867   35.265   35.619
           -0.047642  0.000000 -0.282664
 -100.677 -100.008  -58.443  -58.422  -57.476  -57.470  -57.437  -57.197   -6.778   -6.772
    4.995    5.322    5.428    6.547    6.849    7.255    7.383    7.573    7.757    7.858
    8.571    8.681   10.140   10.235   11.469   13.335   16.187   16.299   24.072   24.094
   26.696   26.701   29.652   29.658   30.874   30.878   33.701   33.742   35.534   35.538
           -0.029562  0.021192 -0.268531
 -100.677 -100.008  -58.444  -58.422  -57.476  -57.470  -57.437  -57.197   -6.832   -6.712
    4.965    5.246    5.537    6.548    6.849    7.240    7.383    7.573    7.764    7.862
    8.571    8.693   10.117   10.239   11.448   13.338   16.089   16.435   23.814   24.354
   26.636   26.664   29.457   29.868   30.593   31.193   33.634   33.810   35.429   35.659
           -0.011482  0.042385 -0.254397
 -100.677 -100.008  -58.444  -58.422  -57.476  -57.470  -57.437  -57.197   -6.881   -6.644
    4.875    5.190    5.692    6.550    6.848    7.201    7.382    7.569    7.775    7.882
    8.570    8.728   10.062   10.237   11.387   13.346   15.987   16.648   23.551   24.614
   26.466   26.558   29.306   30.046   30.390   31.493   33.615   33.812   35.351   35.818
            0.006598  0.063577 -0.240264
 -100.677 -100.008  -58.444  -58.422  -57.476  -57.470  -57.437  -57.197   -6.921   -6.574
    4.755    5.174    5.842    6.554    6.839    7.147    7.381    7.556    7.778    7.927
    8.569    8.783    9.994   10.220   11.293   13.358   15.919   16.894   23.296   24.834
   26.202   26.424   29.210   30.111   30.332   31.720   33.546   33.839   35.306   36.034
            0.024678  0.084769 -0.226131
 -100.677 -100.008  -58.444  -58.422  -57.476  -57.470  -57.437  -57.198   -6.951   -6.502
    4.636    5.176    5.976    6.561    6.817    7.090    7.379    7.535    7.773    7.989
    8.569    8.848    9.925   10.186   11.177   13.373   15.886   17.163   23.047   24.951
   25.871   26.338   29.158   30.073   30.406   31.835   33.244   34.112   35.276   36.230
            0.042758  0.105962 -0.211998
 -100.677 -100.008  -58.445  -58.423  -57.477  -57.470  -57.437  -57.198   -6.971   -6.431
    4.534    5.185    6.090    6.569    6.773    7.035    7.376    7.515    7.767    8.057
    8.570    8.910    9.865   10.141   11.055   13.390   15.883   17.446   22.802   24.884
   25.511   26.387   29.134   30.020   30.522   31.838   32.852   34.526   35.245   36.322
            0.060837  0.127154 -0.197865
 -100.677 -100.008  -58.445  -58.423  -57.477  -57.470  -57.437  -57.199   -6.981   -6.362
    4.455    5.198    6.181    6.571    6.707    6.988    7.369    7.500    7.763    8.122
    8.574    8.949    9.817   10.093   10.947   13.407   15.910   17.733   22.560   24.634
   25.164   26.566   29.121   29.947   30.678   31.760   32.457   34.962   35.246   36.382
            0.078917  0.148346 -0.183732
 -100.677 -100.008  -58.446  -58.423  -57.477  -57.470  -57.437  -57.200   -6.981   -6.298
    4.402    5.212    6.243    6.556    6.630    6.952    7.359    7.495    7.765    8.178
    8.581    8.950    9.774   10.051   10.878   13.422   15.963   18.012   22.323   24.264
   24.857   26.801   29.109   29.844   30.854   31.636   32.143   35.050   35.534   36.538
            0.096997  0.169539 -0.169598
 -100.677 -100.008  -58.446  -58.423  -57.477  -57.470  -57.437  -57.200   -6.971   -6.238
    4.375    5.226    6.250    6.514    6.583    6.930    7.349    7.499    7.772    8.220
    8.594    8.909    9.723   10.018   10.871   13.434   16.040   18.267   22.099   23.836
   24.596   27.027   29.097   29.702   30.996   31.482   32.025   34.968   35.800   36.911
            0.115077  0.190731 -0.155465
 -100.677 -100.008  -58.447  -58.424  -57.477  -57.470  -57.437  -57.201   -6.952   -6.185
    4.373    5.239    6.165    6.508    6.551    6.920    7.340    7.509    7.782    8.241
    8.612    8.834    9.663    9.989   10.930   13.441   16.142   18.478   21.905   23.386
   24.382   27.184   29.100   29.521   31.073   31.334   32.143   34.863   35.925   37.437
            0.133157  0.211924 -0.141332
 -100.677 -100.008  -58.448  -58.424  -57.477  -57.470  -57.437  -57.202   -6.925   -6.137
    4.393    5.248    6.021    6.513    6.540    6.919    7.331    7.527    7.796    8.241
    8.632    8.742    9.600    9.966   11.035   13.444   16.265   18.622   21.759   22.938
   24.210   27.222   29.121   29.337   31.083   31.288   32.404   34.755   35.999   37.894
            0.151237  0.233116 -0.127199
 -100.677 -100.008  -58.449  -58.424  -57.477  -57.470  -57.437  -57.203   -6.893   -6.097
    4.432    5.252    5.859    6.475    6.570    6.925    7.322    7.552    7.810    8.220
    8.596    8.704    9.541    9.957   11.157   13.442   16.408   18.682   21.672   22.520
   24.078   27.128   29.025   29.305   31.060   31.381   32.714   34.662   36.065   38.050
            0.169316  0.254308 -0.113066
 -100.677 -100.008  -58.449  -58.424  -57.477  -57.470  -57.437  -57.203   -6.856   -6.063
    4.485    5.247    5.703    6.436    6.587    6.938    7.316    7.583    7.823    8.180
    8.494    8.747    9.487    9.966   11.272   13.436   16.569   18.654   21.589   22.207
   23.980   26.929   28.837   29.370   31.099   31.549   33.012   34.602   36.137   38.001
            0.187396  0.275501 -0.098932
 -100.677 -100.008  -58.450  -58.424  -57.477  -57.470  -57.437  -57.204   -6.816   -6.035
    4.545    5.223    5.574    6.398    6.577    6.962    7.314    7.619    7.834    8.127
    8.391    8.815    9.439    9.992   11.362   13.426   16.739   18.560   21.358   22.147
   23.909   26.670   28.652   29.397   31.216   31.778   33.253   34.593   36.213   37.912
            0.205476  0.296693 -0.084799
 -100.677 -100.008  -58.451  -58.424  -57.477  -57.470  -57.437  -57.205   -6.775   -6.013
    4.605    5.166    5.499    6.362    6.537    7.000    7.319    7.656    7.842    8.064
    8.300    8.906    9.397   10.029   11.418   13.412   16.910   18.437   21.013   22.290
   23.860   26.384   28.483   29.370   31.370   32.077   33.415   34.645   36.272   37.864
            0.223556  0.317885 -0.070666
 -100.677 -100.008  -58.451  -58.424  -57.477  -57.470  -57.437  -57.205   -6.736   -5.996
    4.657    5.079    5.484    6.325    6.472    7.049    7.333    7.687    7.847    7.998
    8.224    9.018    9.362   10.072   11.434   13.397   17.061   18.333   20.650   22.514
   23.827   26.093   28.332   29.305   31.514   32.438   33.518   34.741   36.283   37.848
            0.241636  0.339078 -0.056533
 -100.677 -100.008  -58.452  -58.425  -57.477  -57.470  -57.437  -57.206   -6.700   -5.984
    4.697    4.986    5.513    6.279    6.399    7.106    7.354    7.704    7.849    7.937
    8.163    9.142    9.338   10.114   11.410   13.382   17.168   18.294   20.300   22.772
   23.805   25.811   28.204   29.222   31.630   32.813   33.624   34.851   36.238   37.627
            0.259716  0.360270 -0.042400
 -100.677 -100.008  -58.452  -58.425  -57.477  -57.470  -57.437  -57.206   -6.670   -5.976
    4.723    4.904    5.572    6.206    6.345    7.165    7.380    7.695    7.843    7.900
    8.117    9.242    9.353   10.151   11.356   13.368   17.211   18.348   19.972   23.035
   23.789   25.548   28.101   29.139   31.716   33.090   33.849   34.954   36.160   37.185
            0.277795  0.381462 -0.028266
 -100.677 -100.008  -58.453  -58.425  -57.477  -57.470  -57.437  -57.207   -6.647   -5.971
    4.737    4.842    5.652    6.108    6.317    7.220    7.408    7.656    7.827    7.896
    8.087    9.259    9.449   10.178   11.288   13.357   17.209   18.481   19.674   23.279
   23.774   25.319   28.025   29.070   31.775   33.208   34.238   35.049   36.073   36.678
            0.295875  0.402655 -0.014133
 -100.677 -100.008  -58.453  -58.425  -57.477  -57.470  -57.437  -57.207   -6.632   -5.968
    4.743    4.803    5.742    6.004    6.304    7.263    7.435    7.608    7.815    7.900
    8.070    9.253    9.539   10.194   11.230   13.350   17.192   18.646   19.425   23.472
   23.752   25.153   27.979   29.024   31.809   33.246   34.644   35.182   35.935   36.226
            0.313955  0.423847  0.000000
 -100.677 -100.008  -58.453  -58.425  -57.477  -57.470  -57.437  -57.207   -6.627   -5.967
    4.746    4.789    5.801    5.940    6.299    7.279    7.451    7.583    7.811    7.902
    8.065    9.251    9.574   10.199   11.207   13.347   17.184   18.738   19.307   23.557
   23.732   25.090   27.964   29.008   31.820   33.254   34.811   35.432   35.627   36.104
            0.298257  0.402655  0.000000
 -100.677 -100.008  -58.453  -58.425  -57.477  -57.470  -57.437  -57.207   -6.632   -5.968
    4.759    4.782    5.746    6.002    6.303    7.270    7.431    7.604    7.812    7.900
    8.073    9.250    9.562   10.197   11.211   13.349   17.202   18.626   19.428   23.378
   23.895   25.110   27.973   29.018   31.801   33.254   34.799   35.148   35.924   36.136
            0.282560  0.381462  0.000000
 -100.677 -100.008  -58.453  -58.425  -57.477  -57.470  -57.437  -57.207   -6.648   -5.969
    4.758    4.799    5.658    6.107    6.315    7.243    7.392    7.649    7.816    7.897
    8.095    9.248    9.533   10.192   11.220   13.354   17.253   18.413   19.674   23.119
   24.106   25.172   28.000   29.047   31.745   33.245   34.695   34.900   36.093   36.417
            0.266862  0.360270  0.000000
 -100.677 -100.008  -58.452  -58.425  -57.477  -57.470  -57.437  -57.206   -6.674   -5.971
    4.721    4.865    5.572    6.218    6.337    7.203    7.350    7.693    7.822    7.894
    8.130    9.237    9.497   10.183   11.231   13.362   17.318   18.199   19.960   22.840
   24.307   25.276   28.045   29.093   31.660   33.210   34.436   34.845   36.140   36.850
            0.251164  0.339078  0.000000
 -100.677 -100.008  -58.452  -58.425  -57.477  -57.470  -57.437  -57.206   -6.708   -5.974
    4.672    4.954    5.490    6.307    6.391    7.157    7.309    7.725    7.831    7.902
    8.172    9.209    9.474   10.168   11.241   13.374   17.347   18.050   20.266   22.548
   24.497   25.420   28.104   29.155   31.554   33.121   34.198   34.826   36.174   37.300
            0.235466  0.317885  0.000000
 -100.677 -100.008  -58.451  -58.425  -57.477  -57.470  -57.437  -57.205   -6.751   -5.977
    4.611    5.063    5.416    6.351    6.494    7.110    7.271    7.734    7.836    7.930
    8.221    9.162    9.475   10.147   11.246   13.388   17.256   18.048   20.589   22.243
   24.681   25.603   28.176   29.229   31.434   32.960   34.027   34.807   36.192   37.741
            0.219769  0.296693  0.000000
 -100.677 -100.008  -58.451  -58.424  -57.477  -57.470  -57.437  -57.205   -6.800   -5.980
    4.540    5.180    5.359    6.382    6.609    7.065    7.236    7.727    7.835    7.977
    8.274    9.102    9.501   10.120   11.244   13.404   17.052   18.183   20.925   21.930
   24.868   25.817   28.259   29.311   31.307   32.735   33.912   34.779   36.188   37.988
            0.204071  0.275501  0.000000
 -100.677 -100.008  -58.450  -58.424  -57.477  -57.470  -57.437  -57.204   -6.855   -5.984
    4.462    5.229    5.391    6.412    6.719    7.027    7.206    7.710    7.831    8.033
    8.331    9.041    9.545   10.088   11.237   13.422   16.797   18.387   21.265   21.621
   25.066   26.058   28.348   29.396   31.180   32.471   33.830   34.728   36.163   37.793
            0.188373  0.254308  0.000000
 -100.677 -100.008  -58.449  -58.424  -57.477  -57.470  -57.437  -57.203   -6.914   -5.988
    4.377    5.189    5.532    6.438    6.815    7.001    7.182    7.689    7.824    8.090
    8.391    8.987    9.604   10.050   11.225   13.441   16.519   18.623   21.250   21.677
   25.281   26.319   28.443   29.477   31.061   32.190   33.766   34.641   36.127   37.583
            0.172675  0.233116  0.000000
 -100.677 -100.008  -58.449  -58.424  -57.477  -57.470  -57.437  -57.203   -6.974   -5.991
    4.287    5.140    5.696    6.459    6.884    6.997    7.166    7.668    7.815    8.147
    8.457    8.942    9.672   10.008   11.215   13.462   16.231   18.873   20.930   22.049
   25.520   26.594   28.540   29.547   30.954   31.907   33.715   34.506   36.088   37.412
            0.156978  0.211924  0.000000
 -100.677 -100.008  -58.448  -58.424  -57.477  -57.470  -57.437  -57.202   -7.036   -5.994
    4.195    5.094    5.863    6.473    6.917    7.021    7.160    7.651    7.807    8.200
    8.529    8.909    9.744    9.961   11.211   13.483   15.938   19.125   20.602   22.444
   25.783   26.878   28.638   29.598   30.861   31.637   33.679   34.328   36.035   37.288
            0.141280  0.190731  0.000000
 -100.677 -100.008  -58.447  -58.424  -57.477  -57.470  -57.437  -57.201   -7.097   -5.996
    4.103    5.053    6.024    6.481    6.937    7.047    7.168    7.643    7.798    8.249
    8.608    8.886    9.814    9.912   11.220   13.504   15.645   19.370   20.278   22.852
   26.073   27.161   28.738   29.633   30.768   31.399   33.661   34.118   35.946   37.200
            0.125582  0.169539  0.000000
 -100.677 -100.008  -58.446  -58.423  -57.477  -57.470  -57.437  -57.200   -7.155   -5.998
    4.012    5.018    6.167    6.487    6.962    7.060    7.183    7.646    7.791    8.293
    8.697    8.873    9.858    9.875   11.249   13.524   15.355   19.602   19.962   23.269
   26.385   27.435   28.840   29.660   30.640   31.226   33.654   33.904   35.798   37.043
            0.109884  0.148346  0.000000
 -100.677 -100.008  -58.446  -58.423  -57.477  -57.470  -57.437  -57.200   -7.210   -5.999
    3.926    4.988    6.274    6.502    6.995    7.069    7.194    7.660    7.787    8.331
    8.794    8.868    9.809    9.913   11.303   13.543   15.072   19.658   19.817   23.690
   26.714   27.686   28.945   29.699   30.453   31.132   33.580   33.781   35.579   36.705
            0.094187  0.127154  0.000000
 -100.677 -100.008  -58.445  -58.423  -57.477  -57.470  -57.437  -57.199   -7.259   -6.000
    3.847    4.962    6.329    6.543    7.032    7.080    7.200    7.682    7.787    8.364
    8.864    8.903    9.758    9.934   11.380   13.561   14.802   19.374   20.006   24.109
   27.045   27.906   29.056   29.764   30.232   31.083   33.394   33.807   35.293   36.307
            0.078489  0.105962  0.000000
 -100.677 -100.008  -58.445  -58.423  -57.477  -57.470  -57.437  -57.198   -7.303   -6.000
    3.777    4.941    6.343    6.595    7.069    7.094    7.205    7.708    7.791    8.392
    8.869    9.012    9.710    9.936   11.474   13.577   14.551   19.115   20.171   24.517
   27.358   28.098   29.172   29.803   30.068   31.039   33.217   33.872   34.968   35.911
            0.062791  0.084769  0.000000
 -100.677 -100.008  -58.444  -58.422  -57.476  -57.470  -57.437  -57.198   -7.341   -6.000
    3.717    4.923    6.339    6.639    7.096    7.112    7.216    7.733    7.801    8.415
    8.874    9.121    9.666    9.927   11.573   13.590   14.328   18.888   20.307   24.901
   27.622   28.288   29.284   29.642   30.139   30.986   33.082   33.939   34.643   35.528
            0.047093  0.063577  0.000000
 -100.677 -100.008  -58.444  -58.422  -57.476  -57.470  -57.437  -57.197   -7.370   -5.999
    3.669    4.909    6.331    6.668    7.111    7.126    7.235    7.752    7.814    8.433
    8.881    9.221    9.628    9.911   11.667   13.599   14.141   18.701   20.414   25.241
   27.818   28.496   29.347   29.442   30.291   30.938   32.999   33.971   34.357   35.203
            0.031396  0.042385  0.000000
 -100.678 -100.008  -58.444  -58.422  -57.476  -57.470  -57.437  -57.197   -7.392   -5.999
    3.634    4.900    6.324    6.686    7.117    7.135    7.256    7.765    7.829    8.447
    8.886    9.303    9.600    9.896   11.744   13.604   14.000   18.560   20.490   25.513
   27.964   28.701   29.182   29.444   30.406   30.939   32.962   33.928   34.131   35.010
            0.015698  0.021192  0.000000
 -100.678 -100.008  -58.443  -58.422  -57.476  -57.470  -57.437  -57.197   -7.405   -5.998
    3.613    4.894    6.319    6.695    7.119    7.142    7.272    7.772    7.840    8.455
    8.890    9.356    9.582    9.885   11.794   13.604   13.914   18.473   20.537   25.691
   28.077   28.808   29.084   29.426   30.456   30.990   32.953   33.834   33.983   34.960
            0.000000  0.000000  0.000000
 -100.678 -100.009  -58.443  -58.422  -57.476  -57.470  -57.437  -57.197   -7.409   -5.998
    3.605    4.892    6.317    6.698    7.119    7.145    7.277    7.774    7.844    8.457
    8.892    9.374    9.576    9.882   11.811   13.603   13.885   18.443   20.552   25.753
   28.127   28.791   29.113   29.395   30.469   31.021   32.953   33.786   33.930   34.964
           -0.002382  0.000000 -0.014133
 -100.678 -100.009  -58.443  -58.422  -57.476  -57.470  -57.437  -57.197   -7.408   -6.001
    3.611    4.892    6.318    6.696    7.118    7.144    7.278    7.773    7.843    8.451
    8.890    9.379    9.581    9.872   11.810   13.603   13.895   18.430   20.569   25.754
   28.117   28.750   29.128   29.403   30.488   31.018   32.945   33.796   33.930   34.959
           -0.004764  0.000000 -0.028266
 -100.678 -100.008  -58.443  -58.422  -57.476  -57.470  -57.437  -57.197   -7.402   -6.009
    3.628    4.894    6.319    6.691    7.115    7.144    7.279    7.769    7.843    8.434
    8.884    9.394    9.598    9.842   11.806   13.601   13.925   18.394   20.617   25.757
   28.087   28.645   29.159   29.425   30.542   31.009   32.922   33.824   33.934   34.947
           -0.007146  0.000000 -0.042400
 -100.678 -100.008  -58.443  -58.422  -57.476  -57.470  -57.437  -57.197   -7.393   -6.023
    3.656    4.897    6.322    6.682    7.110    7.145    7.280    7.762    7.841    8.406
    8.876    9.417    9.624    9.796   11.799   13.596   13.975   18.337   20.695   25.762
   28.041   28.501   29.188   29.460   30.625   30.996   32.880   33.870   33.949   34.928
           -0.009528  0.000000 -0.056533
 -100.678 -100.008  -58.443  -58.422  -57.476  -57.470  -57.437  -57.197   -7.381   -6.041
    3.695    4.901    6.325    6.669    7.100    7.148    7.283    7.754    7.839    8.370
    8.864    9.448    9.653    9.740   11.790   13.588   14.045   18.263   20.799   25.768
   27.980   28.332   29.210   29.503   30.727   30.978   32.821   33.932   33.983   34.904
           -0.011910  0.000000 -0.070666
 -100.677 -100.008  -58.443  -58.422  -57.476  -57.470  -57.437  -57.197   -7.365   -6.065
    3.744    4.906    6.328    6.653    7.088    7.152    7.286    7.743    7.837    8.328
    8.850    9.485    9.634    9.725   11.777   13.577   14.131   18.174   20.924   25.775
   27.909   28.145   29.227   29.550   30.840   30.956   32.750   34.008   34.038   34.876
           -0.014292  0.000000 -0.084799
 -100.677 -100.008  -58.443  -58.422  -57.476  -57.470  -57.437  -57.197   -7.345   -6.093
    3.804    4.911    6.330    6.633    7.073    7.157    7.291    7.732    7.834    8.282
    8.834    9.528    9.556    9.765   11.762   13.563   14.233   18.075   21.068   25.783
   27.831   27.945   29.242   29.600   30.932   30.957   32.671   34.095   34.117   34.846
           -0.016675  0.000000 -0.098932
 -100.677 -100.008  -58.443  -58.422  -57.476  -57.470  -57.437  -57.197   -7.322   -6.125
    3.874    4.918    6.331    6.610    7.055    7.163    7.296    7.719    7.831    8.233
    8.815    9.463    9.576    9.815   11.743   13.546   14.347   17.968   21.227   25.789
   27.730   27.754   29.255   29.647   30.907   31.069   32.596   34.191   34.213   34.819
           -0.019057  0.000000 -0.113066
 -100.677 -100.008  -58.443  -58.422  -57.476  -57.470  -57.437  -57.197   -7.296   -6.162
    3.953    4.925    6.328    6.585    7.035    7.170    7.302    7.706    7.828    8.183
    8.796    9.367    9.627    9.867   11.721   13.527   14.471   17.854   21.400   25.793
   27.523   27.662   29.270   29.692   30.882   31.170   32.533   34.292   34.321   34.799
           -0.021439  0.000000 -0.127199
 -100.677 -100.008  -58.443  -58.422  -57.476  -57.470  -57.437  -57.197   -7.267   -6.202
    4.041    4.933    6.318    6.560    7.014    7.178    7.309    7.692    7.824    8.133
    8.775    9.269    9.680    9.921   11.697   13.506   14.604   17.736   21.584   25.791
   27.311   27.573   29.286   29.731   30.858   31.249   32.496   34.384   34.440   34.795
           -0.023821  0.000000 -0.141332
 -100.677 -100.008  -58.443  -58.422  -57.476  -57.470  -57.437  -57.197   -7.235   -6.246
    4.137    4.941    6.297    6.540    6.992    7.186    7.317    7.679    7.820    8.085
    8.753    9.173    9.735    9.973   11.672   13.485   14.743   17.613   21.778   25.778
   27.108   27.483   29.304   29.763   30.835   31.297   32.493   34.448   34.568   34.823
           -0.026203  0.000000 -0.155465
 -100.677 -100.008  -58.443  -58.422  -57.476  -57.470  -57.437  -57.197   -7.199   -6.292
    4.241    4.949    6.260    6.526    6.969    7.195    7.325    7.666    7.816    8.039
    8.730    9.081    9.790   10.023   11.644   13.462   14.887   17.487   21.982   25.747
   26.921   27.393   29.326   29.788   30.814   31.311   32.531   34.470   34.700   34.891
           -0.028585  0.000000 -0.169598
 -100.677 -100.008  -58.443  -58.422  -57.476  -57.470  -57.437  -57.197   -7.161   -6.341
    4.352    4.957    6.207    6.520    6.948    7.204    7.334    7.652    7.811    7.997
    8.707    8.995    9.846   10.069   11.616   13.440   15.035   17.358   22.194   25.685
   26.763   27.305   29.352   29.805   30.797   31.295   32.606   34.457   34.834   34.990
           -0.030967  0.000000 -0.183732
 -100.677 -100.008  -58.443  -58.422  -57.476  -57.470  -57.437  -57.197   -7.120   -6.392
    4.468    4.965    6.139    6.519    6.927    7.213    7.342    7.639    7.805    7.959
    8.685    8.918    9.900   10.112   11.588   13.419   15.185   17.227   22.413   25.583
   26.647   27.218   29.381   29.813   30.784   31.255   32.711   34.420   34.965   35.100
           -0.033349  0.000000 -0.197865
 -100.677 -100.008  -58.443  -58.422  -57.476  -57.470  -57.437  -57.197   -7.077   -6.445
    4.590    4.972    6.057    6.523    6.908    7.222    7.351    7.626    7.798    7.928
    8.662    8.851    9.952   10.148   11.561   13.399   15.336   17.093   22.638   25.436
   26.576   27.133   29.414   29.812   30.776   31.202   32.837   34.365   35.091   35.211
           -0.035731  0.000000 -0.211998
 -100.677 -100.008  -58.443  -58.422  -57.476  -57.470  -57.437  -57.197   -7.031   -6.499
    4.716    4.978    5.964    6.528    6.891    7.231    7.359    7.613    7.789    7.903
    8.640    8.795   10.001   10.179   11.536   13.381   15.488   16.957   22.869   25.252
   26.545   27.051   29.450   29.802   30.775   31.143   32.977   34.294   35.207   35.313
           -0.038113  0.000000 -0.226131
 -100.677 -100.008  -58.443  -58.422  -57.476  -57.470  -57.437  -57.197   -6.983   -6.554
    4.844    4.984    5.861    6.534    6.877    7.239    7.367    7.601    7.780    7.884
    8.619    8.751   10.045   10.202   11.513   13.365   15.640   16.820   23.105   25.041
   26.544   26.972   29.489   29.785   30.780   31.082   33.124   34.206   35.310   35.400
           -0.040495  0.000000 -0.240264
 -100.677 -100.008  -58.443  -58.422  -57.476  -57.470  -57.437  -57.197   -6.934   -6.609
    4.975    4.989    5.750    6.539    6.865    7.245    7.373    7.590    7.771    7.872
    8.600    8.719   10.083   10.219   11.495   13.352   15.791   16.680   23.346   24.813
   26.564   26.897   29.529   29.760   30.792   31.023   33.275   34.104   35.397   35.467
           -0.042877  0.000000 -0.254397
 -100.677 -100.008  -58.443  -58.422  -57.476  -57.470  -57.437  -57.197   -6.882   -6.665
    4.992    5.106    5.633    6.543    6.856    7.251    7.379    7.581    7.764    7.864
    8.584    8.697   10.114   10.229   11.481   13.343   15.940   16.539   23.590   24.574
   26.599   26.826   29.571   29.729   30.813   30.968   33.427   33.988   35.465   35.514
           -0.045259  0.000000 -0.268531
 -100.677 -100.008  -58.443  -58.422  -57.476  -57.470  -57.437  -57.197   -6.829   -6.720
    4.994    5.233    5.514    6.546    6.851    7.254    7.382    7.576    7.759    7.859
    8.574    8.685   10.133   10.234   11.472   13.337   16.084   16.399   23.836   24.330
   26.645   26.759   29.613   29.694   30.841   30.919   33.575   33.861   35.512   35.537
           -0.047642  0.000000 -0.282664
 -100.677 -100.008  -58.443  -58.422  -57.476  -57.470  -57.437  -57.197   -6.778   -6.772
    4.995    5.322    5.428    6.547    6.849    7.255    7.383    7.573    7.757    7.858
    8.571    8.681   10.140   10.235   11.469   13.335   16.187   16.299   24.072   24.094
   26.696   26.701   29.652   29.658   30.874   30.878   33.701   33.742   35.534   35.538
           -0.039250 -0.042385 -0.282664
 -100.677 -100.008  -58.443  -58.422  -57.477  -57.470  -57.437  -57.197   -6.772   -6.763
    4.977    5.323    5.457    6.535    6.843    7.237    7.383    7.578    7.757    7.837
    8.605    8.672   10.129   10.222   11.459   13.290   16.248   16.357   24.061   24.093
   26.448   26.539   29.672   29.860   30.746   31.053   33.753   33.824   35.589   35.693
           -0.030858 -0.084769 -0.282664
 -100.677 -100.008  -58.444  -58.422  -57.477  -57.470  -57.437  -57.197   -6.752   -6.738
    4.934    5.326    5.530    6.499    6.825    7.185    7.388    7.585    7.746    7.797
    8.648    8.692   10.098   10.185   11.429   13.169   16.414   16.527   24.035   24.076
   25.912   26.131   29.620   29.917   30.950   31.439   33.877   34.038   35.775   36.019
           -0.022466 -0.127154 -0.282664
 -100.677 -100.008  -58.444  -58.422  -57.478  -57.470  -57.438  -57.197   -6.718   -6.698
    4.885    5.331    5.627    6.440    6.794    7.107    7.401    7.581    7.708    7.786
    8.617    8.802   10.053   10.134   11.384   13.003   16.647   16.783   23.965   24.047
   25.292   25.684   29.316   29.648   31.480   32.103   34.010   34.353   35.903   36.243
           -0.014074 -0.169539 -0.282664
 -100.677 -100.008  -58.444  -58.422  -57.479  -57.470  -57.439  -57.197   -6.672   -6.646
    4.839    5.336    5.730    6.358    6.754    7.016    7.421    7.541    7.694    7.786
    8.590    8.908   10.001   10.081   11.323   12.822   16.917   17.087   23.791   24.005
   24.711   25.340   28.894   29.288   31.967   32.764   34.157   34.730   35.898   36.380
           -0.005683 -0.211924 -0.282664
 -100.677 -100.008  -58.444  -58.423  -57.480  -57.469  -57.439  -57.198   -6.617   -6.583
    4.799    5.338    5.823    6.255    6.715    6.924    7.444    7.475    7.714    7.784
    8.580    8.990    9.946   10.036   11.249   12.655   17.198   17.402   23.496   23.807
   24.356   25.165   28.461   28.909   32.238   33.042   34.444   35.080   36.219   36.691
            0.002709 -0.254308 -0.282664
 -100.677 -100.008  -58.444  -58.423  -57.481  -57.469  -57.440  -57.198   -6.554   -6.512
    4.769    5.334    5.882    6.150    6.692    6.837    7.404    7.469    7.752    7.777
    8.592    9.037    9.889    9.999   11.164   12.523   17.466   17.698   23.131   23.372
   24.326   25.130   28.063   28.540   32.222   32.937   34.759   35.527   36.835   37.089
            0.011101 -0.296693 -0.282664
 -100.677 -100.008  -58.445  -58.423  -57.482  -57.469  -57.441  -57.198   -6.488   -6.436
    4.748    5.316    5.867    6.086    6.689    6.764    7.343    7.494    7.763    7.806
    8.625    9.047    9.831    9.956   11.070   12.445   17.702   17.959   22.759   22.915
   24.407   25.180   27.725   28.196   31.984   32.687   35.045   36.104   36.790   37.374
            0.019493 -0.339078 -0.282664
 -100.677 -100.008  -58.445  -58.423  -57.484  -57.469  -57.442  -57.199   -6.420   -6.360
    4.737    5.275    5.796    6.071    6.639    6.767    7.299    7.519    7.747    7.869
    8.669    9.034    9.775    9.890   10.972   12.433   17.892   18.178   22.417   22.503
   24.519   25.271   27.464   27.889   31.623   32.432   35.200   36.400   36.807   37.010
            0.027884 -0.381462 -0.282664
 -100.677 -100.008  -58.445  -58.424  -57.485  -57.469  -57.443  -57.199   -6.354   -6.286
    4.736    5.209    5.737    6.063    6.551    6.810    7.285    7.543    7.725    7.945
    8.708    9.015    9.722    9.792   10.876   12.481   18.029   18.358   22.102   22.169
   24.623   25.369   27.295   27.625   31.211   32.241   34.898   36.150   36.737   37.465
            0.036276 -0.423847 -0.282664
 -100.677 -100.008  -58.446  -58.424  -57.487  -57.469  -57.444  -57.200   -6.292   -6.218
    4.743    5.129    5.711    6.054    6.453    6.840    7.312    7.565    7.697    8.034
    8.723    9.007    9.659    9.686   10.787   12.573   18.111   18.504   21.798   21.936
   24.689   25.447   27.215   27.413   30.809   32.139   34.257   35.647   36.975   38.132
            0.044668 -0.466232 -0.282664
 -100.677 -100.008  -58.446  -58.424  -57.488  -57.469  -57.445  -57.200   -6.235   -6.159
    4.756    5.060    5.710    6.047    6.352    6.844    7.379    7.584    7.662    8.138
    8.709    9.008    9.528    9.648   10.712   12.683   18.143   18.620   21.543   21.775
   24.705   25.488   27.158   27.302   30.469   32.126   33.548   35.077   37.336   38.765
            0.053060 -0.508616 -0.282664
 -100.677 -100.007  -58.447  -58.424  -57.489  -57.469  -57.445  -57.201   -6.185   -6.112
    4.766    5.027    5.723    6.042    6.252    6.828    7.465    7.598    7.623    8.256
    8.673    9.002    9.401    9.630   10.658   12.786   18.134   18.698   21.354   21.674
   24.685   25.489   27.021   27.356   30.234   32.178   32.869   34.511   37.631   39.297
            0.061451 -0.551001 -0.282664
 -100.677 -100.007  -58.447  -58.425  -57.490  -57.469  -57.446  -57.201   -6.145   -6.076
    4.762    5.047    5.735    6.044    6.166    6.800    7.531    7.580    7.625    8.383
    8.625    8.984    9.297    9.625   10.629   12.861   18.089   18.722   21.247   21.626
   24.662   25.464   26.864   27.479   30.108   32.144   32.371   33.958   37.723   39.473
            0.069843 -0.593386 -0.282664
 -100.676 -100.007  -58.447  -58.425  -57.490  -57.469  -57.446  -57.201   -6.115   -6.052
    4.750    5.116    5.725    6.059    6.106    6.768    7.506    7.568    7.684    8.495
    8.577    8.966    9.232    9.630   10.622   12.895   18.019   18.681   21.225   21.629
   24.673   25.439   26.707   27.643   30.042   31.661   32.354   33.464   37.520   39.157
            0.078235 -0.635771 -0.282664
 -100.676 -100.007  -58.448  -58.425  -57.491  -57.468  -57.446  -57.202   -6.098   -6.036
    4.741    5.220    5.683    6.056    6.117    6.732    7.449    7.554    7.741    8.466
    8.638    8.972    9.207    9.648   10.630   12.884   17.931   18.573   21.264   21.688
   24.745   25.443   26.571   27.839   29.943   31.232   32.132   33.219   37.106   38.671
            0.086627 -0.678155 -0.282664
 -100.676 -100.007  -58.448  -58.425  -57.491  -57.468  -57.446  -57.202   -6.098   -6.024
    4.739    5.346    5.623    6.024    6.197    6.692    7.384    7.531    7.773    8.379
    8.719    9.020    9.207    9.686   10.640   12.835   17.842   18.413   21.323   21.813
   24.880   25.501   26.485   28.058   29.709   30.906   31.637   33.288   36.646   38.161
            0.095018 -0.720540 -0.282664
 -100.676 -100.007  -58.449  -58.425  -57.490  -57.468  -57.446  -57.203   -6.111   -6.014
    4.746    5.477    5.572    5.986    6.303    6.646    7.315    7.503    7.781    8.281
    8.784    9.107    9.216    9.739   10.639   12.766   17.769   18.225   21.377   21.989
   25.046   25.622   26.492   28.285   29.338   30.494   31.245   33.489   36.229   37.675
            0.103410 -0.762925 -0.282664
 -100.676 -100.007  -58.449  -58.425  -57.490  -57.468  -57.445  -57.203   -6.134   -6.008
    4.761    5.494    5.651    5.942    6.414    6.604    7.248    7.471    7.776    8.178
    8.846    9.171    9.275    9.787   10.618   12.699   17.730   18.038   21.424   22.182
   25.196   25.753   26.661   28.495   28.905   29.912   31.107   33.740   35.885   37.233
            0.111802 -0.805309 -0.282664
 -100.676 -100.007  -58.450  -58.425  -57.489  -57.468  -57.445  -57.203   -6.165   -6.005
    4.781    5.457    5.794    5.901    6.432    6.650    7.191    7.435    7.771    8.074
    8.904    9.160    9.425    9.803   10.568   12.653   17.740   17.877   21.468   22.357
   25.291   25.846   26.976   28.469   28.657   29.425   31.064   33.990   35.634   36.879
            0.120194 -0.847694 -0.282664
 -100.676 -100.007  -58.450  -58.425  -57.488  -57.468  -57.444  -57.204   -6.200   -6.005
    4.802    5.421    5.856    5.952    6.343    6.784    7.151    7.397    7.773    7.976
    8.956    9.124    9.604    9.774   10.495   12.637   17.753   17.812   21.509   22.483
   25.302   25.923   27.133   28.268   28.694   29.261   31.047   34.155   35.509   36.699
            0.129882 -0.826502 -0.268531
 -100.676 -100.007  -58.450  -58.425  -57.489  -57.468  -57.444  -57.203   -6.189   -6.034
    4.765    5.437    5.859    5.897    6.480    6.727    7.152    7.421    7.773    8.015
    8.985    9.147    9.443    9.761   10.586   12.609   17.672   17.874   21.571   22.625
   25.395   25.952   26.833   28.292   28.701   29.311   30.888   34.311   35.595   36.962
            0.139570 -0.805309 -0.254397
 -100.676 -100.007  -58.449  -58.425  -57.489  -57.468  -57.444  -57.203   -6.177   -6.066
    4.735    5.452    5.789    5.921    6.513    6.759    7.169    7.447    7.767    8.050
    9.006    9.146    9.314    9.752   10.667   12.589   17.592   17.962   21.610   22.759
   25.489   25.913   26.514   28.354   28.699   29.484   30.746   34.318   35.847   37.318
            0.149258 -0.784117 -0.240264
 -100.676 -100.007  -58.449  -58.425  -57.489  -57.468  -57.445  -57.202   -6.167   -6.095
    4.713    5.458    5.728    5.948    6.454    6.857    7.207    7.472    7.755    8.080
    8.980    9.105    9.275    9.750   10.731   12.577   17.541   18.051   21.621   22.874
   25.595   25.733   26.308   28.401   28.721   29.745   30.623   34.302   36.127   37.769
            0.158946 -0.762925 -0.226131
 -100.676 -100.007  -58.448  -58.425  -57.489  -57.468  -57.445  -57.202   -6.174   -6.106
    4.700    5.439    5.691    5.976    6.377    6.942    7.271    7.495    7.742    8.105
    8.871    9.102    9.285    9.758   10.778   12.576   17.519   18.135   21.600   22.961
   25.435   25.709   26.240   28.409   28.799   30.044   30.541   34.326   36.369   38.277
            0.168634 -0.741732 -0.211998
 -100.676 -100.007  -58.448  -58.425  -57.489  -57.468  -57.445  -57.201   -6.205   -6.093
    4.695    5.393    5.677    6.006    6.299    7.001    7.349    7.514    7.730    8.126
    8.751    9.110    9.304    9.777   10.812   12.587   17.525   18.212   21.542   23.011
   25.120   25.798   26.267   28.393   28.916   30.266   30.609   34.407   36.561   38.744
            0.178322 -0.720540 -0.197865
 -100.676 -100.007  -58.447  -58.425  -57.489  -57.468  -57.445  -57.201   -6.245   -6.069
    4.694    5.331    5.671    6.039    6.227    7.046    7.422    7.527    7.724    8.142
    8.647    9.110    9.323    9.803   10.841   12.610   17.555   18.279   21.445   23.021
   24.840   25.824   26.392   28.376   29.040   30.328   30.921   34.538   36.695   39.016
            0.188010 -0.699348 -0.183732
 -100.676 -100.007  -58.447  -58.425  -57.489  -57.468  -57.445  -57.200   -6.287   -6.041
    4.696    5.263    5.658    6.076    6.167    7.086    7.475    7.537    7.730    8.150
    8.569    9.098    9.339    9.829   10.876   12.643   17.601   18.334   21.312   22.991
   24.619   25.795   26.577   28.381   29.154   30.407   31.317   34.701   36.748   39.037
            0.197698 -0.678155 -0.169598
 -100.677 -100.007  -58.446  -58.424  -57.490  -57.468  -57.446  -57.200   -6.330   -6.011
    4.697    5.196    5.630    6.090    6.149    7.125    7.504    7.545    7.748    8.145
    8.525    9.072    9.353    9.850   10.924   12.685   17.656   18.378   21.149   22.925
   24.468   25.735   26.773   28.425   29.252   30.561   31.743   34.875   36.691   38.895
            0.207386 -0.656963 -0.155465
 -100.677 -100.008  -58.446  -58.424  -57.490  -57.468  -57.446  -57.199   -6.373   -5.979
    4.695    5.135    5.585    6.057    6.193    7.164    7.512    7.554    7.772    8.124
    8.515    9.033    9.363    9.861   10.989   12.732   17.708   18.414   20.963   22.835
   24.389   25.650   26.945   28.522   29.347   30.792   32.192   35.033   36.510   38.643
            0.217074 -0.635771 -0.141332
 -100.677 -100.008  -58.445  -58.424  -57.490  -57.468  -57.446  -57.199   -6.414   -5.947
    4.689    5.081    5.528    6.023    6.250    7.204    7.512    7.565    7.796    8.096
    8.532    8.983    9.371    9.868   11.068   12.781   17.742   18.451   20.760   22.745
   24.369   25.542   27.082   28.665   29.462   31.087   32.658   35.146   36.227   38.374
            0.226762 -0.614578 -0.127199
 -100.677 -100.008  -58.445  -58.424  -57.490  -57.468  -57.446  -57.199   -6.454   -5.914
    4.679    5.036    5.464    5.989    6.308    7.241    7.508    7.580    7.812    8.071
    8.565    8.924    9.376    9.876   11.154   12.830   17.746   18.501   20.544   22.677
   24.391   25.412   27.192   28.820   29.625   31.434   33.134   35.187   35.893   38.161
            0.236451 -0.593386 -0.113066
 -100.677 -100.008  -58.445  -58.424  -57.490  -57.468  -57.446  -57.198   -6.490   -5.883
    4.664    5.002    5.397    5.954    6.364    7.274    7.502    7.600    7.821    8.057
    8.601    8.866    9.378    9.889   11.239   12.877   17.715   18.566   20.320   22.648
   24.437   25.265   27.290   28.946   29.858   31.820   33.603   35.125   35.573   38.034
            0.246139 -0.572193 -0.098932
 -100.677 -100.008  -58.444  -58.424  -57.490  -57.468  -57.446  -57.198   -6.523   -5.854
    4.650    4.977    5.329    5.915    6.415    7.301    7.493    7.622    7.823    8.059
    8.625    8.822    9.380    9.909   11.314   12.921   17.655   18.643   20.096   22.665
   24.491   25.113   27.388   29.028   30.155   32.235   34.025   34.921   35.376   38.001
            0.255827 -0.551001 -0.084799
 -100.677 -100.008  -58.444  -58.424  -57.490  -57.468  -57.447  -57.197   -6.553   -5.827
    4.638    4.959    5.265    5.874    6.458    7.326    7.483    7.641    7.822    8.076
    8.617    8.814    9.380    9.938   11.376   12.960   17.580   18.717   19.885   22.724
   24.524   24.981   27.490   29.071   30.493   32.665   34.307   34.630   35.379   38.054
            0.265515 -0.529809 -0.070666
 -100.677 -100.008  -58.444  -58.423  -57.490  -57.468  -57.447  -57.197   -6.578   -5.804
    4.631    4.946    5.203    5.831    6.493    7.348    7.473    7.652    7.822    8.104
    8.581    8.838    9.381    9.975   11.422   12.993   17.501   18.774   19.704   22.820
   24.485   24.917   27.596   29.087   30.842   33.089   34.284   34.457   35.580   38.177
            0.275203 -0.508616 -0.056533
 -100.678 -100.008  -58.443  -58.423  -57.490  -57.468  -57.447  -57.197   -6.599   -5.784
    4.632    4.937    5.147    5.788    6.520    7.368    7.463    7.654    7.824    8.137
    8.537    8.872    9.381   10.018   11.452   13.021   17.429   18.796   19.571   22.945
   24.360   24.933   27.703   29.082   31.173   33.442   34.096   34.470   35.846   37.903
            0.284891 -0.487424 -0.042400
 -100.678 -100.008  -58.443  -58.423  -57.490  -57.468  -57.447  -57.197   -6.616   -5.768
    4.637    4.932    5.097    5.750    6.540    7.385    7.456    7.650    7.827    8.170
    8.499    8.904    9.381   10.061   11.467   13.043   17.369   18.779   19.496   23.092
   24.192   24.981   27.804   29.063   31.454   33.521   34.175   34.570   36.045   37.271
            0.294579 -0.466232 -0.028266
 -100.678 -100.008  -58.443  -58.423  -57.490  -57.468  -57.447  -57.197   -6.628   -5.757
    4.647    4.930    5.055    5.720    6.554    7.398    7.453    7.645    7.830    8.196
    8.470    8.929    9.382   10.100   11.473   13.059   17.326   18.739   19.468   23.254
   24.011   25.030   27.890   29.037   31.661   33.400   34.451   34.805   36.114   36.668
            0.304267 -0.445039 -0.014133
 -100.678 -100.008  -58.443  -58.423  -57.490  -57.468  -57.447  -57.197   -6.635   -5.750
    4.656    4.930    5.026    5.700    6.561    7.405    7.453    7.640    7.831    8.212
    8.452    8.945    9.382   10.127   11.473   13.069   17.299   18.701   19.461   23.421
   23.832   25.064   27.949   29.015   31.783   33.292   34.726   35.124   35.985   36.214
            0.313955 -0.423847  0.000000
 -100.678 -100.008  -58.443  -58.423  -57.490  -57.468  -57.447  -57.196   -6.637   -5.748
    4.659    4.930    5.015    5.693    6.564    7.407    7.454    7.638    7.832    8.218
    8.446    8.950    9.382   10.137   11.472   13.072   17.290   18.687   19.461   23.536
   23.713   25.076   27.970   29.006   31.822   33.253   34.862   35.402   35.668   36.125
