920	-0.3
920.05	-0.28687
920.1	-0.29817
920.15	-0.30686
920.2	-0.30427
920.25	-0.3003
920.3	-0.28962
920.35	-0.28962
920.4	-0.30625
920.45	-0.30457
920.5	-0.30122
920.55	-0.28672
920.6	-0.28062
920.65	-0.29023
920.7	-0.28382
920.75	-0.29267
920.8	-0.2794
920.85	-0.27482
920.9	-0.28001
920.95	-0.2559
921	-0.25315
921.05	-0.26414
921.1	-0.26597
921.15	-0.2707
921.2	-0.26978
921.25	-0.26109
921.3	-0.25147
921.35	-0.2562
921.4	-0.27711
921.45	-0.26917
921.5	-0.26139
921.55	-0.25102
921.6	-0.24812
921.65	-0.25376
921.7	-0.25803
921.75	-0.26826
921.8	-0.26521
921.85	-0.24888
921.9	-0.24781
921.95	-0.24781
922	-0.24949
922.05	-0.24979
922.1	-0.24751
922.15	-0.23698
922.2	-0.23026
922.25	-0.2414
922.3	-0.24903
922.35	-0.24812
922.4	-0.24216
922.45	-0.22858
922.5	-0.24796
922.55	-0.2533
922.6	-0.24873
922.65	-0.23454
922.7	-0.22981
922.75	-0.22935
922.8	-0.22614
922.85	-0.22797
922.9	-0.22553
922.95	-0.22889
923	-0.2295
923.05	-0.23316
923.1	-0.23286
923.15	-0.23026
923.2	-0.24354
923.25	-0.24384
923.3	-0.23408
923.35	-0.21989
923.4	-0.21638
923.45	-0.21836
923.5	-0.21043
923.55	-0.21928
923.6	-0.21714
923.65	-0.21195
923.7	-0.2031
923.75	-0.19715
923.8	-0.20417
923.85	-0.2205
923.9	-0.21043
923.95	-0.20081
924	-0.19242
924.05	-0.18983
924.1	-0.19288
924.15	-0.20905
924.2	-0.20783
924.25	-0.20188
924.3	-0.20142
924.35	-0.19562
924.4	-0.18845
924.45	-0.18128
924.5	-0.1793
924.55	-0.18204
924.6	-0.18754
924.65	-0.19395
924.7	-0.19486
924.75	-0.2028
924.8	-0.19959
924.85	-0.19196
924.9	-0.18128
924.95	-0.17091
925	-0.17014
925.05	-0.17625
925.1	-0.18128
925.15	-0.18616
925.2	-0.18067
925.25	-0.18098
925.3	-0.1645
925.35	-0.18479
925.4	-0.19822
925.45	-0.20295
925.5	-0.18739
925.55	-0.16968
925.6	-0.17091
925.65	-0.17014
925.7	-0.17411
925.75	-0.18739
925.8	-0.18296
925.85	-0.17365
925.9	-0.16618
925.95	-0.15839
926	-0.16572
926.05	-0.17228
926.1	-0.16297
926.15	-0.14786
926.2	-0.15504
926.25	-0.15641
926.3	-0.15641
926.35	-0.15061
926.4	-0.14252
926.45	-0.14893
926.5	-0.15473
926.55	-0.15641
926.6	-0.15656
926.65	-0.15259
926.7	-0.1561
926.75	-0.17762
926.8	-0.16648
926.85	-0.14435
926.9	-0.13184
926.95	-0.14191
927	-0.14817
927.05	-0.14191
927.1	-0.14954
927.15	-0.14207
927.2	-0.12864
927.25	-0.1323
927.3	-0.13016
927.35	-0.13077
927.4	-0.12467
927.45	-0.12055
927.5	-0.11872
927.55	-0.11948
927.6	-0.12375
927.65	-0.12238
927.7	-0.13749
927.75	-0.13718
927.8	-0.12864
927.85	-0.12711
927.9	-0.11033
927.95	-0.09125
928	-0.09324
928.05	-0.10773
928.1	-0.1085
928.15	-0.12192
928.2	-0.12879
928.25	-0.13459
928.3	-0.13901
928.35	-0.13047
928.4	-0.11811
928.45	-0.12253
928.5	-0.12452
928.55	-0.12299
928.6	-0.1236
928.65	-0.11933
928.7	-0.1114
928.75	-0.10956
928.8	-0.10941
928.85	-0.10789
928.9	-0.11872
928.95	-0.13093
929	-0.09995
929.05	-0.09583
929.1	-0.10804
929.15	-0.1117
929.2	-0.10132
929.25	-0.11078
929.3	-0.11552
929.35	-0.1175
929.4	-0.10941
929.45	-0.09431
929.5	-0.09354
929.55	-0.08057
929.6	-0.08591
929.65	-0.09751
929.7	-0.10331
929.75	-0.09019
929.8	-0.09217
929.85	-0.09629
929.9	-0.09049
929.95	-0.06623
930	-0.06058
930.05	-0.07676
930.1	-0.0879
930.15	-0.09781
930.2	-0.09171
930.25	-0.0879
930.3	-0.08072
930.35	-0.07584
930.4	-0.07493
930.45	-0.07279
930.5	-0.06028
930.55	-0.02335
930.6	-0.01984
930.65	-0.02076
930.7	-0.01023
930.75	-0.01069
930.8	0.01144
930.85	0.01129
930.9	-0.00443
930.95	-0.00748
931	0.01709
931.05	0.01556
931.1	0.00412
931.15	-0.00626
931.2	-0.00168
931.25	-0.00565
931.3	-0.00779
931.35	-0.00596
931.4	-0.02396
931.45	-0.03876
931.5	-0.04319
931.55	-0.05356
931.6	-0.06226
931.65	-0.07233
931.7	-0.06562
931.75	-0.0615
931.8	-0.05082
931.85	-0.05723
931.9	-0.05875
931.95	-0.05265
932	-0.0557
932.05	-0.0618
932.1	-0.06775
932.15	-0.07874
932.2	-0.08561
932.25	-0.08301
932.3	-0.07523
932.35	-0.07691
932.4	-0.07691
932.45	-0.07081
932.5	-0.06836
932.55	-0.05478
932.6	-0.07065
932.65	-0.07615
932.7	-0.0795
932.75	-0.07798
932.8	-0.07081
932.85	-0.05112
932.9	-0.04242
932.95	-0.06989
933	-0.0792
933.05	-0.06608
933.1	-0.05967
933.15	-0.06302
933.2	-0.05967
933.25	-0.06424
933.3	-0.05188
933.35	-0.05356
933.4	-0.06913
933.45	-0.08652
933.5	-0.07462
933.55	-0.0615
933.6	-0.0557
933.65	-0.06074
933.7	-0.06409
933.75	-0.06089
933.8	-0.06653
933.85	-0.04212
933.9	-0.04777
933.95	-0.05188
934	-0.04075
934.05	-0.04242
934.1	-0.03937
934.15	-0.05021
934.2	-0.07599
934.25	-0.06898
934.3	-0.05723
934.35	-0.04822
934.4	-0.04792
934.45	-0.04899
934.5	-0.04151
934.55	-0.05066
934.6	-0.04303
934.65	-0.0412
934.7	-0.05478
934.75	-0.03876
934.8	-0.03083
934.85	-0.0351
934.9	-0.03861
934.95	-0.03846
935	-0.03571
935.05	-0.0232
935.1	-0.01282
935.15	-0.01008
935.2	-0.02045
935.25	-0.02335
935.3	-0.02228
935.35	-0.02015
935.4	-0.02717
935.45	-0.01801
935.5	-0.02335
935.55	-0.01923
935.6	-0.01297
935.65	-0.01435
935.7	-0.01557
935.75	-0.01175
935.8	-0.0058
935.85	-0.01404
935.9	-0.0206
935.95	-0.02366
936	-0.03876
936.05	-0.02701
936.1	-0.02442
936.15	-0.02472
936.2	-0.02701
936.25	-0.01664
936.3	-0.01221
936.35	0.0093
936.4	0.00625
936.45	0.00457
936.5	6.0608E-4
936.55	-0.00977
936.6	-0.01786
936.65	-0.01587
936.7	0.00488
936.75	0.00991
936.8	-0.00962
936.85	-0.00382
936.9	-0.00214
936.95	0.00213
937	-0.00245
937.05	-9.19822E-4
937.1	-0.00885
937.15	-0.00779
937.2	0.00122
937.25	0.01327
937.3	0.00915
937.35	0.01617
937.4	0.01632
937.45	0.01068
937.5	-4.28092E-6
937.55	-0.00397
937.6	-0.0087
937.65	-0.00611
937.7	0.00839
937.75	0.01495
937.8	4.5349E-4
937.85	-0.00946
937.9	-0.00336
937.95	-0.00168
938	0.01098
938.05	0.01495
938.1	0.01602
938.15	0.0148
938.2	0.0241
938.25	0.02273
938.3	0.00915
938.35	6.0608E-4
938.4	0.00961
938.45	0.01419
938.5	0.01052
938.55	0.01236
938.6	0.01724
938.65	0.02655
938.7	0.03189
938.75	0.01648
938.8	0.01266
938.85	0.01541
938.9	0.01525
938.95	0.02517
939	0.03555
939.05	0.02456
939.1	0.00976
939.15	0.0148
939.2	0.03769
939.25	0.02426
939.3	0.01571
939.35	0.03402
939.4	0.03387
939.45	0.03173
939.5	0.02349
939.55	0.02884
939.6	0.01861
939.65	0.01312
939.7	0.0241
939.75	0.02349
939.8	0.02716
939.85	0.03982
939.9	4.5349E-4
939.95	0.00854
940	0.04013
940.05	0.04181
940.1	0.0386
940.15	0.0383
940.2	0.02731
940.25	0.03479
940.3	0.04654
940.35	0.04257
940.4	0.04684
940.45	0.04028
940.5	0.03997
940.55	0.04257
940.6	0.03509
940.65	0.01266
940.7	0.02914
940.75	0.03357
940.8	0.05752
940.85	0.05767
940.9	0.03967
940.95	0.03357
941	0.0444
941.05	0.04532
941.1	0.04104
941.15	0.04181
941.2	0.04516
941.25	0.03723
941.3	0.05172
941.35	0.05966
941.4	0.06073
941.45	0.05813
941.5	0.06378
941.55	0.0592
941.6	0.0563
941.65	0.05554
941.7	0.04074
941.75	0.05127
941.8	0.06683
941.85	0.05706
941.9	0.06088
941.95	0.07309
942	0.08148
942.05	0.07812
942.1	0.07705
942.15	0.07995
942.2	0.0708
942.25	0.06317
942.3	0.06332
942.35	0.06241
942.4	0.04882
942.45	0.03692
942.5	0.04867
942.55	0.0534
942.6	0.04135
942.65	0.03112
942.7	0.03997
942.75	0.05096
942.8	0.0534
942.85	0.06424
942.9	0.08102
942.95	0.06363
943	0.08224
943.05	0.07385
943.1	0.06347
943.15	0.07736
943.2	0.07202
943.25	0.06408
943.3	0.08682
943.35	0.09414
943.4	0.09918
943.45	0.08926
943.5	0.07873
943.55	0.07278
943.6	0.07049
943.65	0.07217
943.7	0.07934
943.75	0.0972
943.8	0.09582
943.85	0.08438
943.9	0.06744
943.95	0.07064
944	0.06347
944.05	0.0711
944.1	0.07888
944.15	0.07919
944.2	0.08285
944.25	0.08499
944.3	0.07797
944.35	0.06027
944.4	0.04684
944.45	0.05859
944.5	0.06607
944.55	0.07049
944.6	0.08331
944.65	0.0856
944.7	0.08224
944.75	0.0682
944.8	0.065
944.85	0.06439
944.9	0.08667
944.95	0.08682
945	0.0885
945.05	0.06073
945.1	0.06759
945.15	0.07812
945.2	0.08484
945.25	0.09857
945.3	0.11047
945.35	0.07782
945.4	0.0711
945.45	0.06103
945.5	0.06576
945.55	0.06988
945.6	0.08392
945.65	0.09948
945.7	0.12298
945.75	0.13016
945.8	0.10177
945.85	0.08194
945.9	0.07934
945.95	0.09536
946	0.09765
946.05	0.1004
946.1	0.10345
946.15	0.08712
946.2	0.0859
946.25	0.065
946.3	0.05798
946.35	0.09338
946.4	0.09643
946.45	0.08499
946.5	0.08651
946.55	0.08285
946.6	0.09124
946.65	0.08545
946.7	0.07583
946.75	0.09155
946.8	0.08758
946.85	0.06622
946.9	0.08148
946.95	0.09643
947	0.11886
947.05	0.12405
947.1	0.11596
947.15	0.10925
947.2	0.08606
947.25	0.08697
947.3	0.09704
947.35	0.08163
947.4	0.07019
947.45	0.07843
947.5	0.0914
947.55	0.09216
947.6	0.08148
947.65	0.10193
947.7	0.09796
947.75	0.10284
947.8	0.09308
947.85	0.0972
947.9	0.10895
947.95	0.11291
948	0.09659
948.05	0.10711
948.1	0.10803
948.15	0.10437
948.2	0.09323
948.25	0.08774
948.3	0.09567
948.35	0.09491
948.4	0.09659
948.45	0.1062
948.5	0.10071
948.55	0.08224
948.6	0.07827
948.65	0.09704
948.7	0.09948
948.75	0.11108
948.8	0.14129
948.85	0.15411
948.9	0.1062
948.95	0.0914
949	0.10421
949.05	0.12298
949.1	0.11902
949.15	0.10528
949.2	0.09964
949.25	0.08972
949.3	0.09826
949.35	0.10772
949.4	0.11337
949.45	0.11963
949.5	0.11581
949.55	0.10437
949.6	0.11032
949.65	0.11001
949.7	0.10421
949.75	0.11154
949.8	0.1004
949.85	0.10574
949.9	0.12222
949.95	0.13748
950	0.13244
950.05	0.11703
950.1	0.11581
950.15	0.12665
950.2	0.14007
950.25	0.13977
950.3	0.11123
950.35	0.10681
950.4	0.11917
950.45	0.12039
950.5	0.11139
950.55	0.11551
950.6	0.12756
950.65	0.12176
950.7	0.11917
950.75	0.1242
950.8	0.12832
950.85	0.12253
950.9	0.10635
950.95	0.11062
951	0.12054
951.05	0.12039
951.1	0.1178
951.15	0.1271
951.2	0.13199
951.25	0.13443
951.3	0.13641
951.35	0.12375
951.4	0.11184
951.45	0.12054
951.5	0.1329
951.55	0.12832
951.6	0.12939
951.65	0.1358
951.7	0.13107
951.75	0.12359
951.8	0.11291
951.85	0.09338
951.9	0.09674
951.95	0.09186
952	0.10544
952.05	0.10696
952.1	0.09781
952.15	0.10299
952.2	0.11322
952.25	0.12451
952.3	0.12268
952.35	0.11734
952.4	0.10452
952.45	0.11047
952.5	0.1091
952.55	0.11795
952.6	0.1213
952.65	0.10559
952.7	0.10833
952.75	0.12451
952.8	0.13077
952.85	0.13183
952.9	0.10833
952.95	0.10635
953	0.10803
953.05	0.09811
953.1	0.09887
953.15	0.09048
953.2	0.0946
953.25	0.11322
953.3	0.10376
953.35	0.11093
953.4	0.11856
953.45	0.112
953.5	0.10833
953.55	0.09643
953.6	0.09781
953.65	0.09231
953.7	0.09475
953.75	0.09063
953.8	0.09475
953.85	0.08987
953.9	0.10437
953.95	0.12954
954	0.12954
954.05	0.11581
954.1	0.10742
954.15	0.11245
954.2	0.09979
954.25	0.10803
954.3	0.10406
954.35	0.08957
954.4	0.09323
954.45	0.10223
954.5	0.10345
954.55	0.10559
954.6	0.10742
954.65	0.11245
954.7	0.11688
954.75	0.10818
954.8	0.09735
954.85	0.10727
954.9	0.09399
954.95	0.08407
955	0.08453
955.05	0.09445
955.1	0.0975
955.15	0.09536
955.2	0.09124
955.25	0.11139
955.3	0.12481
955.35	0.12192
955.4	0.12008
955.45	0.112
955.5	0.10238
955.55	0.09552
955.6	0.0856
955.65	0.10513
955.7	0.12008
955.75	0.12375
955.8	0.12558
955.85	0.11612
955.9	0.10772
955.95	0.09582
956	0.08621
956.05	0.08728
956.1	0.10254
956.15	0.10788
956.2	0.09903
956.25	0.08468
956.3	0.09277
956.35	0.11123
956.4	0.11978
956.45	0.11795
956.5	0.10772
956.55	0.11062
956.6	0.12253
956.65	0.12359
956.7	0.10818
956.75	0.11627
956.8	0.12161
956.85	0.11169
956.9	0.10406
956.95	0.09842
957	0.11032
957.05	0.10086
957.1	0.0885
957.15	0.08712
957.2	0.10055
957.25	0.10284
957.3	0.10345
957.35	0.10162
957.4	0.08194
957.45	0.08316
957.5	0.09994
957.55	0.11703
957.6	0.11307
957.65	0.0943
957.7	0.08636
957.75	0.09002
957.8	0.08331
957.85	0.074
957.9	0.08697
957.95	0.0946
958	0.0888
958.05	0.08377
958.1	0.08575
958.15	0.08987
958.2	0.09018
958.25	0.09323
958.3	0.08423
958.35	0.06942
958.4	0.05829
958.45	0.07034
958.5	0.09094
958.55	0.09674
958.6	0.08453
958.65	0.0943
958.7	0.10345
958.75	0.09918
958.8	0.09384
958.85	0.09735
958.9	0.11352
958.95	0.09872
959	0.09186
959.05	0.0914
959.1	0.10299
959.15	0.09704
959.2	0.10391
959.25	0.1004
959.3	0.083
959.35	0.09506
959.4	0.10742
959.45	0.12222
959.5	0.12222
959.55	0.09842
959.6	0.09491
959.65	0.07293
959.7	0.07995
959.75	0.10742
959.8	0.11352
959.85	0.11139
959.9	0.11322
959.95	0.08499
960	0.07721
960.05	0.09216
960.1	0.09109
960.15	0.08194
960.2	0.07766
960.25	0.08499
960.3	0.0795
960.35	0.06851
960.4	0.07095
960.45	0.08575
960.5	0.09292
960.55	0.12069
960.6	0.12985
960.65	0.10376
960.7	0.10269
960.75	0.09597
960.8	0.09613
960.85	0.09964
960.9	0.11566
960.95	0.11963
961	0.13168
961.05	0.10833
961.1	0.09323
961.15	0.09201
961.2	0.08835
961.25	0.08712
961.3	0.10483
961.35	0.12283
961.4	0.11657
961.45	0.11749
961.5	0.09414
961.55	0.07278
961.6	0.09536
961.65	0.10757
961.7	0.11612
961.75	0.11688
961.8	0.10208
961.85	0.09216
961.9	0.10696
961.95	0.11001
962	0.09613
962.05	0.10696
962.1	0.11154
962.15	0.09399
962.2	0.08743
962.25	0.09857
962.3	0.11352
962.35	0.11474
962.4	0.10116
962.45	0.10315
962.5	0.10101
962.55	0.10772
962.6	0.11429
962.65	0.10421
962.7	0.10086
962.75	0.09704
962.8	0.10559
962.85	0.09567
962.9	0.08651
962.95	0.09964
963	0.09643
963.05	0.0975
963.1	0.09903
963.15	0.0946
963.2	0.08209
963.25	0.07232
963.3	0.07126
963.35	0.06759
963.4	0.07934
963.45	0.08835
963.5	0.09506
963.55	0.08575
963.6	0.074
963.65	0.06958
963.7	0.08331
963.75	0.10177
963.8	0.10833
963.85	0.10055
963.9	0.08239
963.95	0.07873
964	0.06881
964.05	0.07156
964.1	0.09826
964.15	0.09491
964.2	0.09445
964.25	0.08392
964.3	0.08484
964.35	0.08743
964.4	0.0859
964.45	0.08957
964.5	0.08255
964.55	0.09201
964.6	0.083
964.65	0.06744
964.7	0.0621
964.75	0.06942
964.8	0.07995
964.85	0.09323
964.9	0.09002
964.95	0.09002
965	0.07919
965.05	0.06988
965.1	0.06775
965.15	0.07217
965.2	0.0795
965.25	0.08499
965.3	0.10681
965.35	0.10009
965.4	0.09811
965.45	0.08026
965.5	0.08255
965.55	0.08697
965.6	0.08636
965.65	0.0975
965.7	0.10818
965.75	0.09872
965.8	0.09765
965.85	0.0975
965.9	0.09109
965.95	0.07888
966	0.07919
966.05	0.08102
966.1	0.06729
966.15	0.06271
966.2	0.09216
966.25	0.09048
966.3	0.08194
966.35	0.08911
966.4	0.10025
966.45	0.07431
966.5	0.03982
966.55	0.06302
966.6	0.07187
966.65	0.08529
966.7	0.08636
966.75	0.09475
966.8	0.10315
966.85	0.10055
966.9	0.08957
966.95	0.08255
967	0.08697
967.05	0.09262
967.1	0.08957
967.15	0.08667
967.2	0.10086
967.25	0.09948
967.3	0.0856
967.35	0.08621
967.4	0.09597
967.45	0.09903
967.5	0.09109
967.55	0.07766
967.6	0.07904
967.65	0.0795
967.7	0.09353
967.75	0.083
967.8	0.07476
967.85	0.09186
967.9	0.09048
967.95	0.0914
968	0.10071
968.05	0.08514
968.1	0.07858
968.15	0.06729
968.2	0.08117
968.25	0.07965
968.3	0.08163
968.35	0.074
968.4	0.06653
968.45	0.05951
968.5	0.05386
968.55	0.05706
968.6	0.06027
968.65	0.06088
968.7	0.06607
968.75	0.06775
968.8	0.05783
968.85	0.06256
968.9	0.06225
968.95	0.06653
969	0.06927
969.05	0.07431
969.1	0.06332
969.15	0.04684
969.2	0.06027
969.25	0.04425
969.3	0.04593
969.35	0.07354
969.4	0.08835
969.45	0.07873
969.5	0.07461
969.55	0.07309
969.6	0.06363
969.65	0.05859
969.7	0.04074
969.75	0.03677
969.8	0.04776
969.85	0.06363
969.9	0.06683
969.95	0.07583
970	0.07629
