920	0.2
920.05	0.20412
920.1	0.21831
920.15	0.21236
920.2	0.21617
920.25	0.2267
920.3	0.22975
920.35	0.21663
920.4	0.22029
920.45	0.21068
920.5	0.19649
920.55	0.18504
920.6	0.17924
920.65	0.17848
920.7	0.18413
920.75	0.19313
920.8	0.19527
920.85	0.19756
920.9	0.19618
920.95	0.1852
921	0.18687
921.05	0.19542
921.1	0.19191
921.15	0.18199
921.2	0.17238
921.25	0.1707
921.3	0.18398
921.35	0.16765
921.4	0.16429
921.45	0.17345
921.5	0.17528
921.55	0.16933
921.6	0.15773
921.65	0.144
921.7	0.13591
921.75	0.13972
921.8	0.1411
921.85	0.15102
921.9	0.14568
921.95	0.14415
922	0.14491
922.05	0.14522
922.1	0.153
922.15	0.14293
922.2	0.13209
922.25	0.12263
922.3	0.11211
922.35	0.11134
922.4	0.11226
922.45	0.13621
922.5	0.15361
922.55	0.14888
922.6	0.1327
922.65	0.11821
922.7	0.10249
922.75	0.10493
922.8	0.11745
922.85	0.11928
922.9	0.12462
922.95	0.11638
923	0.14766
923.05	0.14064
923.1	0.13362
923.15	0.11775
923.2	0.11302
923.25	0.11363
923.3	0.10341
923.35	0.10661
923.4	0.1057
923.45	0.09471
923.5	0.08113
923.55	0.08601
923.6	0.09715
923.65	0.10722
923.7	0.11104
923.75	0.09685
923.8	0.08769
923.85	0.06419
923.9	0.09044
923.95	0.08998
924	0.07945
924.05	0.08998
924.1	0.08815
924.15	0.08571
924.2	0.08128
924.25	0.0645
924.3	0.07731
924.35	0.08891
924.4	0.09303
924.45	0.0999
924.5	0.10127
924.55	0.10036
924.6	0.08952
924.65	0.07747
924.7	0.06251
924.75	0.0703
924.8	0.08479
924.85	0.0822
924.9	0.06892
924.95	0.06831
925	0.06694
925.05	0.06206
925.1	0.0439
925.15	0.04878
925.2	0.04466
925.25	0.04512
925.3	0.05488
925.35	0.06328
925.4	0.04298
925.45	0.05229
925.5	0.06099
925.55	0.06007
925.6	0.04802
925.65	0.03016
925.7	0.03444
925.75	0.0384
925.8	0.041
925.85	0.04359
925.9	0.02376
925.95	0.01414
926	0.00941
926.05	0.02208
926.1	0.04436
926.15	0.0497
926.2	0.041
926.25	0.03291
926.3	0.02864
926.35	0.02238
926.4	0.01689
926.45	0.01429
926.5	0.02376
926.55	0.0178
926.6	0.00758
926.65	0.00926
926.7	0.0117
926.75	4.0913E-4
926.8	0.003
926.85	0.01994
926.9	0.01338
926.95	-0.00707
927	-0.01546
927.05	-0.01531
927.1	-0.01516
927.15	-0.00936
927.2	-0.02278
927.25	-0.02813
927.3	-0.04064
927.35	-0.01943
927.4	-0.01165
927.45	-0.05529
927.5	-0.06063
927.55	-0.02736
927.6	-2.01231E-4
927.65	-0.00478
927.7	-0.00127
927.75	-0.01241
927.8	-0.01836
927.85	-0.02919
927.9	-0.03392
927.95	-0.02965
928	-0.03926
928.05	-0.03057
928.1	-0.02309
928.15	-0.03362
928.2	-0.03286
928.25	-0.01897
928.3	-0.02553
928.35	-0.03591
928.4	-0.03926
928.45	-0.03865
928.5	-0.03713
928.55	-0.03865
928.6	-0.04216
928.65	-0.0385
928.7	-0.02645
928.75	-0.03759
928.8	-0.04232
928.85	-0.03637
928.9	-0.05895
928.95	-0.06337
929	-0.06124
929.05	-0.05269
929.1	-0.05696
929.15	-0.06505
929.2	-0.06871
929.25	-0.05284
929.3	-0.05132
929.35	-0.06429
929.4	-0.05941
929.45	-0.06185
929.5	-0.04903
929.55	-0.04735
929.6	-0.04232
929.65	-0.03484
929.7	-0.03331
929.75	-0.03438
929.8	-0.04186
929.85	-0.05696
929.9	-0.06108
929.95	-0.06749
930	-0.07756
930.05	-0.06276
930.1	-0.05193
930.15	-0.04415
930.2	-0.03163
930.25	-0.02767
930.3	-0.03423
930.35	-0.02141
930.4	-0.02248
930.45	-0.01882
930.5	-0.03347
930.55	-0.02645
930.6	-0.02111
930.65	-0.00722
930.7	0.02971
930.75	0.02772
930.8	0.01017
930.85	0.02101
930.9	0.02818
930.95	0.0204
931	0.04222
931.05	0.03886
931.1	0.01399
931.15	-0.00478
931.2	-0.02034
931.25	-0.00814
931.3	0.003
931.35	-0.0147
931.4	-0.03438
931.45	-0.04369
931.5	-0.05422
931.55	-0.06582
931.6	-0.05651
931.65	-0.07299
931.7	-0.09221
931.75	-0.10198
931.8	-0.09526
931.85	-0.09923
931.9	-0.11937
931.95	-0.10717
932	-0.12136
932.05	-0.118
932.1	-0.11068
932.15	-0.12594
932.2	-0.13524
932.25	-0.1531
932.3	-0.14867
932.35	-0.14623
932.4	-0.14104
932.45	-0.13784
932.5	-0.13982
932.55	-0.14348
932.6	-0.13875
932.65	-0.14974
932.7	-0.1711
932.75	-0.17324
932.8	-0.16881
932.85	-0.17019
932.9	-0.15462
932.95	-0.14409
933	-0.15508
933.05	-0.19918
933.1	-0.20116
933.15	-0.1888
933.2	-0.18834
933.25	-0.19552
933.3	-0.17995
933.35	-0.17995
933.4	-0.20437
933.45	-0.19567
933.5	-0.18804
933.55	-0.1856
933.6	-0.18117
933.65	-0.17965
933.7	-0.17721
933.75	-0.19048
933.8	-0.19369
933.85	-0.18392
933.9	-0.17263
933.95	-0.16866
934	-0.19216
934.05	-0.20162
934.1	-0.20284
934.15	-0.18743
934.2	-0.1885
934.25	-0.20757
934.3	-0.20971
934.35	-0.20559
934.4	-0.20559
934.45	-0.18651
934.5	-0.18346
934.55	-0.20681
934.6	-0.20849
934.65	-0.19735
934.7	-0.21657
934.75	-0.20452
934.8	-0.19491
934.85	-0.2036
934.9	-0.19445
934.95	-0.18651
935	-0.20437
935.05	-0.20833
935.1	-0.20971
935.15	-0.20086
935.2	-0.19979
935.25	-0.19613
935.3	-0.19445
935.35	-0.21978
935.4	-0.23443
935.45	-0.22329
935.5	-0.22436
935.55	-0.21474
935.6	-0.20742
935.65	-0.21993
935.7	-0.22878
935.75	-0.22024
935.8	-0.22054
935.85	-0.21581
935.9	-0.20818
935.95	-0.21093
936	-0.21688
936.05	-0.22741
936.1	-0.23153
936.15	-0.22558
936.2	-0.22542
936.25	-0.23534
936.3	-0.23748
936.35	-0.239
936.4	-0.24068
936.45	-0.23672
936.5	-0.24038
936.55	-0.22481
936.6	-0.22848
936.65	-0.22436
936.7	-0.23305
936.75	-0.24892
936.8	-0.24145
936.85	-0.24175
936.9	-0.23244
936.95	-0.22405
937	-0.22329
937.05	-0.21886
937.1	-0.23168
937.15	-0.23702
937.2	-0.24618
937.25	-0.24862
937.3	-0.24816
937.35	-0.2503
937.4	-0.2358
937.45	-0.2358
937.5	-0.23946
937.55	-0.23229
937.6	-0.26418
937.65	-0.26159
937.7	-0.25121
937.75	-0.26006
937.8	-0.26708
937.85	-0.27319
937.9	-0.29012
937.95	-0.25747
938	-0.24694
938.05	-0.25136
938.1	-0.26083
938.15	-0.27776
938.2	-0.27776
938.25	-0.27059
938.3	-0.27502
938.35	-0.27654
938.4	-0.27868
938.45	-0.27517
938.5	-0.28677
938.55	-0.26449
938.6	-0.2654
938.65	-0.26342
938.7	-0.27212
938.75	-0.27044
938.8	-0.2799
938.85	-0.29378
938.9	-0.29638
938.95	-0.28539
939	-0.27227
939.05	-0.28265
939.1	-0.29363
939.15	-0.29317
939.2	-0.30828
939.25	-0.29302
939.3	-0.29119
939.35	-0.29913
939.4	-0.3095
939.45	-0.30218
939.5	-0.31728
939.55	-0.30691
939.6	-0.30767
939.65	-0.30401
939.7	-0.30553
939.75	-0.30233
939.8	-0.28829
939.85	-0.29546
939.9	-0.30355
939.95	-0.30645
940	-0.30782
940.05	-0.30355
940.1	-0.31683
940.15	-0.32354
940.2	-0.32049
940.25	-0.31408
940.3	-0.32598
940.35	-0.35192
940.4	-0.3504
940.45	-0.34322
940.5	-0.33254
940.55	-0.32552
940.6	-0.3121
940.65	-0.31347
940.7	-0.31805
940.75	-0.3182
940.8	-0.32598
940.85	-0.34414
940.9	-0.35085
940.95	-0.33666
941	-0.33315
941.05	-0.32827
941.1	-0.32156
941.15	-0.32888
941.2	-0.33407
941.25	-0.33147
941.3	-0.32812
941.35	-0.32491
941.4	-0.33422
941.45	-0.35329
941.5	-0.35497
941.55	-0.33407
941.6	-0.33743
941.65	-0.3066
941.7	-0.30523
941.75	-0.32125
941.8	-0.33697
941.85	-0.33834
941.9	-0.34429
941.95	-0.3446
942	-0.3504
942.05	-0.35253
942.1	-0.34383
942.15	-0.34933
942.2	-0.35619
942.25	-0.37252
942.3	-0.35589
942.35	-0.34399
942.4	-0.35207
942.45	-0.3568
942.5	-0.36794
942.55	-0.39007
942.6	-0.39709
942.65	-0.39572
942.7	-0.37985
942.75	-0.36627
942.8	-0.34338
942.85	-0.35909
942.9	-0.3742
942.95	-0.35894
943	-0.37542
943.05	-0.39434
943.1	-0.40548
943.15	-0.39648
943.2	-0.38915
943.25	-0.37771
943.3	-0.38641
943.35	-0.39922
943.4	-0.39587
943.45	-0.39388
943.5	-0.38793
943.55	-0.39724
943.6	-0.40823
943.65	-0.40533
943.7	-0.39068
943.75	-0.3655
943.8	-0.36459
943.85	-0.38412
943.9	-0.38854
943.95	-0.38732
944	-0.36962
944.05	-0.39816
944.1	-0.41036
944.15	-0.40319
944.2	-0.40441
944.25	-0.40441
944.3	-0.40304
944.35	-0.40029
944.4	-0.4064
944.45	-0.41265
944.5	-0.41311
944.55	-0.42333
944.6	-0.40762
944.65	-0.39709
944.7	-0.40075
944.75	-0.4038
944.8	-0.39739
944.85	-0.41067
944.9	-0.41677
944.95	-0.41769
945	-0.41433
945.05	-0.4212
945.1	-0.41204
945.15	-0.41815
945.2	-0.41891
945.25	-0.42928
945.3	-0.427
945.35	-0.42425
945.4	-0.42959
945.45	-0.43875
945.5	-0.42135
945.55	-0.43142
945.6	-0.44226
945.65	-0.42791
945.7	-0.42196
945.75	-0.43066
945.8	-0.42761
945.85	-0.43035
945.9	-0.43737
945.95	-0.43493
946	-0.43447
946.05	-0.42959
946.1	-0.42043
946.15	-0.42745
946.2	-0.41708
946.25	-0.42562
946.3	-0.42501
946.35	-0.42761
946.4	-0.43249
946.45	-0.44653
946.5	-0.4334
946.55	-0.44271
946.6	-0.45004
946.65	-0.4627
946.7	-0.45996
946.75	-0.44576
946.8	-0.44119
946.85	-0.44195
946.9	-0.45568
946.95	-0.45858
947	-0.44821
947.05	-0.44241
947.1	-0.43539
947.15	-0.45477
947.2	-0.45751
947.25	-0.45828
947.3	-0.45629
947.35	-0.4627
947.4	-0.45797
947.45	-0.45706
947.5	-0.44912
947.55	-0.44607
947.6	-0.44943
947.65	-0.4569
947.7	-0.46423
947.75	-0.45858
947.8	-0.4537
947.85	-0.46209
947.9	-0.48818
947.95	-0.49719
948	-0.49444
948.05	-0.49215
948.1	-0.4801
948.15	-0.47033
948.2	-0.46697
948.25	-0.4537
948.3	-0.45675
948.35	-0.47872
948.4	-0.501
948.45	-0.49642
948.5	-0.45599
948.55	-0.45461
948.6	-0.4682
948.65	-0.47293
948.7	-0.47491
948.75	-0.47827
948.8	-0.46942
948.85	-0.46942
948.9	-0.47247
948.95	-0.47796
949	-0.4862
949.05	-0.49917
949.1	-0.50253
949.15	-0.49307
949.2	-0.49871
949.25	-0.47888
949.3	-0.48025
949.35	-0.49398
949.4	-0.48483
949.45	-0.4888
949.5	-0.50222
949.55	-0.49093
949.6	-0.4888
949.65	-0.46224
949.7	-0.4743
949.75	-0.47506
949.8	-0.47811
949.85	-0.50894
949.9	-0.51001
949.95	-0.48071
950	-0.49047
950.05	-0.49551
950.1	-0.50024
950.15	-0.50177
950.2	-0.50009
950.25	-0.48895
950.3	-0.48498
950.35	-0.47338
950.4	-0.47293
950.45	-0.46972
950.5	-0.454
950.55	-0.47918
950.6	-0.4833
950.65	-0.47232
950.7	-0.4801
950.75	-0.48559
950.8	-0.4891
950.85	-0.48483
950.9	-0.49047
950.95	-0.50314
951	-0.50024
951.05	-0.49688
951.1	-0.50146
951.15	-0.50344
951.2	-0.49551
951.25	-0.49703
951.3	-0.50924
951.35	-0.51641
951.4	-0.51184
951.45	-0.51809
951.5	-0.52648
951.55	-0.53183
951.6	-0.54388
951.65	-0.54144
951.7	-0.53717
951.75	-0.53717
951.8	-0.52893
951.85	-0.54083
951.9	-0.52526
951.95	-0.51153
952	-0.51672
952.05	-0.53228
952.1	-0.53671
952.15	-0.56051
952.2	-0.55609
952.25	-0.54846
952.3	-0.53152
952.35	-0.53122
952.4	-0.54052
952.45	-0.54449
952.5	-0.54998
952.55	-0.55761
952.6	-0.5567
952.65	-0.55731
952.7	-0.5628
952.75	-0.56524
952.8	-0.56189
952.85	-0.54953
952.9	-0.55975
952.95	-0.58111
953	-0.5689
953.05	-0.55365
953.1	-0.58004
953.15	-0.59042
953.2	-0.5802
953.25	-0.56479
953.3	-0.56707
953.35	-0.56143
953.4	-0.56067
953.45	-0.56372
953.5	-0.57928
953.55	-0.58188
953.6	-0.58294
953.65	-0.58355
953.7	-0.56906
953.75	-0.57196
953.8	-0.57455
953.85	-0.56417
953.9	-0.58142
953.95	-0.63559
954	-0.58996
954.05	-0.58493
954.1	-0.57302
954.15	-0.57592
954.2	-0.57943
954.25	-0.58126
954.3	-0.58386
954.35	-0.58004
954.4	-0.57074
954.45	-0.57776
954.5	-0.58386
954.55	-0.58859
954.6	-0.61163
954.65	-0.59897
954.7	-0.58371
954.75	-0.58798
954.8	-0.59042
954.85	-0.57959
954.9	-0.57867
954.95	-0.5892
955	-0.59454
955.05	-0.59988
955.1	-0.60644
955.15	-0.58477
955.2	-0.59073
955.25	-0.60049
955.3	-0.58371
955.35	-0.56509
955.4	-0.57547
955.45	-0.59835
955.5	-0.60064
955.55	-0.58767
955.6	-0.58386
955.65	-0.59729
955.7	-0.59179
955.75	-0.59332
955.8	-0.59866
955.85	-0.5895
955.9	-0.58096
955.95	-0.59622
956	-0.59652
956.05	-0.5921
956.1	-0.58401
956.15	-0.58584
956.2	-0.5892
956.25	-0.59805
956.3	-0.61697
956.35	-0.58752
956.4	-0.59012
956.45	-0.60156
956.5	-0.6069
956.55	-0.60125
956.6	-0.60507
956.65	-0.61346
956.7	-0.60965
956.75	-0.62231
956.8	-0.60507
956.85	-0.59317
956.9	-0.59729
956.95	-0.60568
957	-0.61834
957.05	-0.62857
957.1	-0.61667
957.15	-0.62201
957.2	-0.63162
957.25	-0.64169
957.3	-0.62399
957.35	-0.613
957.4	-0.62445
957.45	-0.62689
957.5	-0.62887
957.55	-0.63742
957.6	-0.62658
957.65	-0.62735
957.7	-0.61987
957.75	-0.62704
957.8	-0.63818
957.85	-0.64306
957.9	-0.64627
957.95	-0.64963
958	-0.6391
958.05	-0.63238
958.1	-0.63177
958.15	-0.62948
958.2	-0.61346
958.25	-0.62765
958.3	-0.65405
958.35	-0.64901
958.4	-0.64398
958.45	-0.66199
958.5	-0.67236
958.55	-0.6661
958.6	-0.65863
958.65	-0.65741
958.7	-0.66137
958.75	-0.66809
958.8	-0.67679
958.85	-0.6719
958.9	-0.65878
958.95	-0.65848
959	-0.66366
959.05	-0.66092
959.1	-0.64749
959.15	-0.66
959.2	-0.66931
959.25	-0.65954
959.3	-0.65497
959.35	-0.6568
959.4	-0.66305
959.45	-0.66656
959.5	-0.68747
959.55	-0.68869
959.6	-0.67465
959.65	-0.68289
959.7	-0.68594
959.75	-0.66992
959.8	-0.68045
959.85	-0.68472
959.9	-0.68228
959.95	-0.68014
960	-0.669
960.05	-0.66214
960.1	-0.66519
960.15	-0.66748
960.2	-0.67831
960.25	-0.68854
960.3	-0.6954
960.35	-0.69098
960.4	-0.67694
960.45	-0.67511
960.5	-0.66794
960.55	-0.67465
960.6	-0.67068
960.65	-0.68335
960.7	-0.69143
960.75	-0.68945
960.8	-0.67251
960.85	-0.66946
960.9	-0.68533
960.95	-0.71341
961	-0.72119
961.05	-0.70761
961.1	-0.69952
961.15	-0.68686
961.2	-0.67938
961.25	-0.69113
961.3	-0.69189
961.35	-0.70425
961.4	-0.7131
961.45	-0.698
961.5	-0.67984
961.55	-0.68625
961.6	-0.70105
961.65	-0.70624
961.7	-0.70914
961.75	-0.71478
961.8	-0.6954
961.85	-0.71036
961.9	-0.71463
961.95	-0.71066
962	-0.70196
962.05	-0.698
962.1	-0.70212
962.15	-0.70944
962.2	-0.70669
962.25	-0.69998
962.3	-0.69952
962.35	-0.70044
962.4	-0.70151
962.45	-0.71142
962.5	-0.70456
962.55	-0.69922
962.6	-0.70425
962.65	-0.70669
962.7	-0.71066
962.75	-0.71554
962.8	-0.72302
962.85	-0.73294
962.9	-0.72272
962.95	-0.71478
963	-0.7099
963.05	-0.73324
963.1	-0.73553
963.15	-0.73035
963.2	-0.71982
963.25	-0.72531
963.3	-0.72562
963.35	-0.72912
963.4	-0.71951
963.45	-0.70791
963.5	-0.71509
963.55	-0.73035
963.6	-0.74408
963.65	-0.74087
963.7	-0.73233
963.75	-0.74087
963.8	-0.75918
963.85	-0.75033
963.9	-0.73096
963.95	-0.73447
964	-0.74271
964.05	-0.74606
964.1	-0.74774
964.15	-0.73996
964.2	-0.73294
964.25	-0.75705
964.3	-0.76834
964.35	-0.75522
964.4	-0.73828
964.45	-0.73492
964.5	-0.73721
964.55	-0.73202
964.6	-0.74911
964.65	-0.74972
964.7	-0.76422
964.75	-0.76849
964.8	-0.76086
964.85	-0.74469
964.9	-0.75323
964.95	-0.75171
965	-0.74713
965.05	-0.73645
965.1	-0.76254
965.15	-0.763
965.2	-0.75964
965.25	-0.76071
965.3	-0.76269
965.35	-0.75995
965.4	-0.78986
965.45	-0.77994
965.5	-0.77872
965.55	-0.79626
965.6	-0.78772
965.65	-0.77246
965.7	-0.78055
965.75	-0.77673
965.8	-0.77231
965.85	-0.77505
965.9	-0.78238
965.95	-0.78207
966	-0.77277
966.05	-0.76514
966.1	-0.75918
966.15	-0.76697
966.2	-0.7868
966.25	-0.79825
966.3	-0.78543
966.35	-0.77872
966.4	-0.78345
966.45	-0.77048
966.5	-0.76895
966.55	-0.76346
966.6	-0.75766
966.65	-0.77795
966.7	-0.7749
966.75	-0.77978
966.8	-0.77582
966.85	-0.78009
966.9	-0.77872
966.95	-0.79047
967	-0.79459
967.05	-0.78055
967.1	-0.77902
967.15	-0.79687
967.2	-0.80161
967.25	-0.80695
967.3	-0.81808
967.35	-0.81458
967.4	-0.80191
967.45	-0.80374
967.5	-0.81046
967.55	-0.80344
967.6	-0.80496
967.65	-0.79947
967.7	-0.7868
967.75	-0.79993
967.8	-0.80344
967.85	-0.78513
967.9	-0.78879
967.95	-0.8129
968	-0.80389
968.05	-0.80405
968.1	-0.81808
968.15	-0.82358
968.2	-0.82129
968.25	-0.80969
968.3	-0.79901
968.35	-0.82175
968.4	-0.8161
968.45	-0.81076
968.5	-0.79581
968.55	-0.79535
968.6	-0.79901
968.65	-0.79886
968.7	-0.79077
968.75	-0.80618
968.8	-0.81778
968.85	-0.81717
968.9	-0.81259
968.95	-0.81763
969	-0.83182
969.05	-0.83212
969.1	-0.84006
969.15	-0.82907
969.2	-0.80588
969.25	-0.82251
969.3	-0.82983
969.35	-0.82678
969.4	-0.81808
969.45	-0.8222
969.5	-0.82007
969.55	-0.82266
969.6	-0.82465
969.65	-0.8251
969.7	-0.81564
969.75	-0.82358
969.8	-0.83105
969.85	-0.83304
969.9	-0.83182
969.95	-0.83411
970	-0.84189
