-2.00000000e+01 6.07720757e-08
-1.99500000e+01 6.10740023e-08
-1.99000000e+01 6.13785477e-08
-1.98500000e+01 6.16857470e-08
-1.98000000e+01 6.19956313e-08
-1.97500000e+01 6.23082310e-08
-1.97000000e+01 6.26235787e-08
-1.96500000e+01 6.29417287e-08
-1.96000000e+01 6.32627050e-08
-1.95500000e+01 6.35865480e-08
-1.95000000e+01 6.39132903e-08
-1.94500000e+01 6.42429700e-08
-1.94000000e+01 6.45756413e-08
-1.93500000e+01 6.49113360e-08
-1.93000000e+01 6.52500967e-08
-1.92500000e+01 6.55919520e-08
-1.92000000e+01 6.59369630e-08
-1.91500000e+01 6.62851687e-08
-1.91000000e+01 6.66366123e-08
-1.90500000e+01 6.69913347e-08
-1.90000000e+01 6.73493770e-08
-1.89500000e+01 6.77108073e-08
-1.89000000e+01 6.80756560e-08
-1.88500000e+01 6.84439800e-08
-1.88000000e+01 6.88158143e-08
-1.87500000e+01 6.91912243e-08
-1.87000000e+01 6.95702627e-08
-1.86500000e+01 6.99529767e-08
-1.86000000e+01 7.03394230e-08
-1.85500000e+01 7.07296343e-08
-1.85000000e+01 7.11237053e-08
-1.84500000e+01 7.15216703e-08
-1.84000000e+01 7.19235923e-08
-1.83500000e+01 7.23295237e-08
-1.83000000e+01 7.27395233e-08
-1.82500000e+01 7.31536713e-08
-1.82000000e+01 7.35720180e-08
-1.81500000e+01 7.39946317e-08
-1.81000000e+01 7.44215627e-08
-1.80500000e+01 7.48528950e-08
-1.80000000e+01 7.52886973e-08
-1.79500000e+01 7.57290360e-08
-1.79000000e+01 7.61739777e-08
-1.78500000e+01 7.66235887e-08
-1.78000000e+01 7.70779693e-08
-1.77500000e+01 7.75371743e-08
-1.77000000e+01 7.80012930e-08
-1.76500000e+01 7.84703910e-08
-1.76000000e+01 7.89445497e-08
-1.75500000e+01 7.94238730e-08
-1.75000000e+01 7.99084307e-08
-1.74500000e+01 8.03983150e-08
-1.74000000e+01 8.08935950e-08
-1.73500000e+01 8.13943873e-08
-1.73000000e+01 8.19007773e-08
-1.72500000e+01 8.24128590e-08
-1.72000000e+01 8.29307243e-08
-1.71500000e+01 8.34544653e-08
-1.71000000e+01 8.39842123e-08
-1.70500000e+01 8.45200450e-08
-1.70000000e+01 8.50620843e-08
-1.69500000e+01 8.56104160e-08
-1.69000000e+01 8.61651737e-08
-1.68500000e+01 8.67264717e-08
-1.68000000e+01 8.72944217e-08
-1.67500000e+01 8.78691477e-08
-1.67000000e+01 8.84507413e-08
-1.66500000e+01 8.90393833e-08
-1.66000000e+01 8.96351703e-08
-1.65500000e+01 9.02382430e-08
-1.65000000e+01 9.08487270e-08
-1.64500000e+01 9.14667593e-08
-1.64000000e+01 9.20925087e-08
-1.63500000e+01 9.27261037e-08
-1.63000000e+01 9.33677010e-08
-1.62500000e+01 9.40174327e-08
-1.62000000e+01 9.46754817e-08
-1.61500000e+01 9.53420083e-08
-1.61000000e+01 9.60171787e-08
-1.60500000e+01 9.67011543e-08
-1.60000000e+01 9.73941027e-08
-1.59500000e+01 9.80962430e-08
-1.59000000e+01 9.88077253e-08
-1.58500000e+01 9.95287653e-08
-1.58000000e+01 1.00259534e-07
-1.57500000e+01 1.01000231e-07
-1.57000000e+01 1.01751097e-07
-1.56500000e+01 1.02512327e-07
-1.56000000e+01 1.03284147e-07
-1.55500000e+01 1.04066750e-07
-1.55000000e+01 1.04860403e-07
-1.54500000e+01 1.05665343e-07
-1.54000000e+01 1.06481813e-07
-1.53500000e+01 1.07310057e-07
-1.53000000e+01 1.08150323e-07
-1.52500000e+01 1.09002930e-07
-1.52000000e+01 1.09868110e-07
-1.51500000e+01 1.10746177e-07
-1.51000000e+01 1.11637380e-07
-1.50500000e+01 1.12542070e-07
-1.50000000e+01 1.13460557e-07
-1.49500000e+01 1.14393143e-07
-1.49000000e+01 1.15340183e-07
-1.48500000e+01 1.16301970e-07
-1.48000000e+01 1.17278937e-07
-1.47500000e+01 1.18271400e-07
-1.47000000e+01 1.19279760e-07
-1.46500000e+01 1.20304390e-07
-1.46000000e+01 1.21345693e-07
-1.45500000e+01 1.22404123e-07
-1.45000000e+01 1.23480090e-07
-1.44500000e+01 1.24574050e-07
-1.44000000e+01 1.25686433e-07
-1.43500000e+01 1.26817757e-07
-1.43000000e+01 1.27968513e-07
-1.42500000e+01 1.29139220e-07
-1.42000000e+01 1.30330393e-07
-1.41500000e+01 1.31542577e-07
-1.41000000e+01 1.32776397e-07
-1.40500000e+01 1.34032390e-07
-1.40000000e+01 1.35311227e-07
-1.39500000e+01 1.36613473e-07
-1.39000000e+01 1.37939853e-07
-1.38500000e+01 1.39291053e-07
-1.38000000e+01 1.40667783e-07
-1.37500000e+01 1.42070793e-07
-1.37000000e+01 1.43500787e-07
-1.36500000e+01 1.44958693e-07
-1.36000000e+01 1.46445273e-07
-1.35500000e+01 1.47961423e-07
-1.35000000e+01 1.49508037e-07
-1.34500000e+01 1.51086040e-07
-1.34000000e+01 1.52696487e-07
-1.33500000e+01 1.54340357e-07
-1.33000000e+01 1.56018740e-07
-1.32500000e+01 1.57732740e-07
-1.32000000e+01 1.59483533e-07
-1.31500000e+01 1.61272337e-07
-1.31000000e+01 1.63100447e-07
-1.30500000e+01 1.64969180e-07
-1.30000000e+01 1.66879930e-07
-1.29500000e+01 1.68834167e-07
-1.29000000e+01 1.70833407e-07
-1.28500000e+01 1.72879260e-07
-1.28000000e+01 1.74973403e-07
-1.27500000e+01 1.77117607e-07
-1.27000000e+01 1.79313693e-07
-1.26500000e+01 1.81563630e-07
-1.26000000e+01 1.83869423e-07
-1.25500000e+01 1.86233250e-07
-1.25000000e+01 1.88657350e-07
-1.24500000e+01 1.91144067e-07
-1.24000000e+01 1.93695937e-07
-1.23500000e+01 1.96315560e-07
-1.23000000e+01 1.99005730e-07
-1.22500000e+01 2.01769353e-07
-1.22000000e+01 2.04609513e-07
-1.21500000e+01 2.07529510e-07
-1.21000000e+01 2.10532773e-07
-1.20500000e+01 2.13622967e-07
-1.20000000e+01 2.16803913e-07
-1.19500000e+01 2.20079763e-07
-1.19000000e+01 2.23454857e-07
-1.18500000e+01 2.26933797e-07
-1.18000000e+01 2.30521493e-07
-1.17500000e+01 2.34223127e-07
-1.17000000e+01 2.38044307e-07
-1.16500000e+01 2.41990877e-07
-1.16000000e+01 2.46069190e-07
-1.15500000e+01 2.50285933e-07
-1.15000000e+01 2.54648313e-07
-1.14500000e+01 2.59164020e-07
-1.14000000e+01 2.63841263e-07
-1.13500000e+01 2.68688833e-07
-1.13000000e+01 2.73716180e-07
-1.12500000e+01 2.78933513e-07
-1.12000000e+01 2.84351727e-07
-1.11500000e+01 2.89982527e-07
-1.11000000e+01 2.95838610e-07
-1.10500000e+01 3.01933590e-07
-1.10000000e+01 3.08282347e-07
-1.09500000e+01 3.14900820e-07
-1.09000000e+01 3.21806253e-07
-1.08500000e+01 3.29017493e-07
-1.08000000e+01 3.36554897e-07
-1.07500000e+01 3.44440773e-07
-1.07000000e+01 3.52699270e-07
-1.06500000e+01 3.61356857e-07
-1.06000000e+01 3.70442367e-07
-1.05500000e+01 3.79987527e-07
-1.05000000e+01 3.90027170e-07
-1.04500000e+01 4.00599263e-07
-1.04000000e+01 4.11746083e-07
-1.03500000e+01 4.23513797e-07
-1.03000000e+01 4.35954027e-07
-1.02500000e+01 4.49123500e-07
-1.02000000e+01 4.63085197e-07
-1.01500000e+01 4.77909383e-07
-1.01000000e+01 4.93674353e-07
-1.00500000e+01 5.10467757e-07
-1.00000000e+01 5.28387277e-07
-9.95000000e+00 5.47543007e-07
-9.90000000e+00 5.68058557e-07
-9.85000000e+00 5.90073420e-07
-9.80000000e+00 6.13745580e-07
-9.75000000e+00 6.39253340e-07
-9.70000000e+00 6.66799663e-07
-9.65000000e+00 6.96615640e-07
-9.60000000e+00 7.28963497e-07
-9.55000000e+00 7.64144637e-07
-9.50000000e+00 8.02501440e-07
-9.45000000e+00 8.44427560e-07
-9.40000000e+00 8.90372220e-07
-9.35000000e+00 9.40849003e-07
-9.30000000e+00 9.96444773e-07
-9.25000000e+00 1.05782501e-06
-9.20000000e+00 1.12574243e-06
-9.15000000e+00 1.20103663e-06
-9.10000000e+00 1.28463317e-06
-9.05000000e+00 1.37752520e-06
-9.00000000e+00 1.48074433e-06
-8.95000000e+00 1.59529870e-06
-8.90000000e+00 1.72207270e-06
-8.85000000e+00 1.86168703e-06
-8.80000000e+00 2.01428607e-06
-8.75000000e+00 2.17929353e-06
-8.70000000e+00 2.35514017e-06
-8.65000000e+00 2.53906680e-06
-8.60000000e+00 2.72708717e-06
-8.55000000e+00 2.91423657e-06
-8.50000000e+00 3.09514287e-06
-8.45000000e+00 3.26475503e-06
-8.40000000e+00 3.41903133e-06
-8.35000000e+00 3.55525633e-06
-8.30000000e+00 3.67202000e-06
-8.25000000e+00 3.76891660e-06
-8.20000000e+00 3.84622573e-06
-8.15000000e+00 3.90460617e-06
-8.10000000e+00 3.94479753e-06
-8.05000000e+00 3.96744877e-06
-8.00000000e+00 3.97314023e-06
-7.95000000e+00 3.96276060e-06
-7.90000000e+00 3.93798767e-06
-7.85000000e+00 3.90167230e-06
-7.80000000e+00 3.85784013e-06
-7.75000000e+00 3.81125640e-06
-7.70000000e+00 3.76666667e-06
-7.65000000e+00 3.72784497e-06
-7.60000000e+00 3.69678643e-06
-7.55000000e+00 3.67321787e-06
-7.50000000e+00 3.65464457e-06
-7.45000000e+00 3.63695890e-06
-7.40000000e+00 3.61548397e-06
-7.35000000e+00 3.58617377e-06
-7.30000000e+00 3.54656590e-06
-7.25000000e+00 3.49626160e-06
-7.20000000e+00 3.43681887e-06
-7.15000000e+00 3.37123463e-06
-7.10000000e+00 3.30322617e-06
-7.05000000e+00 3.23649720e-06
-7.00000000e+00 3.17414357e-06
-6.95000000e+00 3.11830213e-06
-6.90000000e+00 3.07009877e-06
-6.85000000e+00 3.02981187e-06
-6.80000000e+00 2.99712230e-06
-6.75000000e+00 2.97130073e-06
-6.70000000e+00 2.95123683e-06
-6.65000000e+00 2.93540597e-06
-6.60000000e+00 2.92189370e-06
-6.55000000e+00 2.90861257e-06
-6.50000000e+00 2.89367660e-06
-6.45000000e+00 2.87580943e-06
-6.40000000e+00 2.85460880e-06
-6.35000000e+00 2.83056020e-06
-6.30000000e+00 2.80487560e-06
-6.25000000e+00 2.77925563e-06
-6.20000000e+00 2.75569587e-06
-6.15000000e+00 2.73632380e-06
-6.10000000e+00 2.72324613e-06
-6.05000000e+00 2.71836257e-06
-6.00000000e+00 2.72314933e-06
-5.95000000e+00 2.73847713e-06
-5.90000000e+00 2.76447083e-06
-5.85000000e+00 2.80047003e-06
-5.80000000e+00 2.84506893e-06
-5.75000000e+00 2.89624647e-06
-5.70000000e+00 2.95157823e-06
-5.65000000e+00 3.00849213e-06
-5.60000000e+00 3.06458397e-06
-5.55000000e+00 3.11789950e-06
-5.50000000e+00 3.16718777e-06
-5.45000000e+00 3.21204160e-06
-5.40000000e+00 3.25289807e-06
-5.35000000e+00 3.29090147e-06
-5.30000000e+00 3.32762477e-06
-5.25000000e+00 3.36476583e-06
-5.20000000e+00 3.40384323e-06
-5.15000000e+00 3.44600977e-06
-5.10000000e+00 3.49198130e-06
-5.05000000e+00 3.54206693e-06
-5.00000000e+00 3.59626450e-06
-4.95000000e+00 3.65432353e-06
-4.90000000e+00 3.71579457e-06
-4.85000000e+00 3.77999067e-06
-4.80000000e+00 3.84596313e-06
-4.75000000e+00 3.91251213e-06
-4.70000000e+00 3.97829003e-06
-4.65000000e+00 4.04202727e-06
-4.60000000e+00 4.10278563e-06
-4.55000000e+00 4.16020097e-06
-4.50000000e+00 4.21453823e-06
-4.45000000e+00 4.26656580e-06
-4.40000000e+00 4.31722850e-06
-4.35000000e+00 4.36724080e-06
-4.30000000e+00 4.41673943e-06
-4.25000000e+00 4.46510520e-06
-4.20000000e+00 4.51105267e-06
-4.15000000e+00 4.55293040e-06
-4.10000000e+00 4.58920190e-06
-4.05000000e+00 4.61890047e-06
-4.00000000e+00 4.64195430e-06
-3.95000000e+00 4.65925013e-06
-3.90000000e+00 4.67244223e-06
-3.85000000e+00 4.68359753e-06
-3.80000000e+00 4.69478400e-06
-3.75000000e+00 4.70776247e-06
-3.70000000e+00 4.72379647e-06
-3.65000000e+00 4.74364210e-06
-3.60000000e+00 4.76763323e-06
-3.55000000e+00 4.79584127e-06
-3.50000000e+00 4.82821690e-06
-3.45000000e+00 4.86468220e-06
-3.40000000e+00 4.90515027e-06
-3.35000000e+00 4.94945950e-06
-3.30000000e+00 4.99727810e-06
-3.25000000e+00 5.04798470e-06
-3.20000000e+00 5.10060670e-06
-3.15000000e+00 5.15381047e-06
-3.10000000e+00 5.20597863e-06
-3.05000000e+00 5.25536117e-06
-3.00000000e+00 5.30026990e-06
-2.95000000e+00 5.33929620e-06
-2.90000000e+00 5.37148400e-06
-2.85000000e+00 5.39646507e-06
-2.80000000e+00 5.41448883e-06
-2.75000000e+00 5.42637740e-06
-2.70000000e+00 5.43338977e-06
-2.65000000e+00 5.43703080e-06
-2.60000000e+00 5.43882660e-06
-2.55000000e+00 5.44010557e-06
-2.50000000e+00 5.44183400e-06
-2.45000000e+00 5.44451087e-06
-2.40000000e+00 5.44817403e-06
-2.35000000e+00 5.45249097e-06
-2.30000000e+00 5.45693347e-06
-2.25000000e+00 5.46099553e-06
-2.20000000e+00 5.46440477e-06
-2.15000000e+00 5.46728750e-06
-2.10000000e+00 5.47023203e-06
-2.05000000e+00 5.47425667e-06
-2.00000000e+00 5.48065287e-06
-1.95000000e+00 5.49075777e-06
-1.90000000e+00 5.50569000e-06
-1.85000000e+00 5.52610780e-06
-1.80000000e+00 5.55202280e-06
-1.75000000e+00 5.58271387e-06
-1.70000000e+00 5.61674287e-06
-1.65000000e+00 5.65207603e-06
-1.60000000e+00 5.68629357e-06
-1.55000000e+00 5.71687193e-06
-1.50000000e+00 5.74149957e-06
-1.45000000e+00 5.75835983e-06
-1.40000000e+00 5.76636017e-06
-1.35000000e+00 5.76521600e-06
-1.30000000e+00 5.75540703e-06
-1.25000000e+00 5.73800433e-06
-1.20000000e+00 5.71442580e-06
-1.15000000e+00 5.68619203e-06
-1.10000000e+00 5.65472063e-06
-1.05000000e+00 5.62121460e-06
-1.00000000e+00 5.58663433e-06
-9.50000000e-01 5.55174583e-06
-9.00000000e-01 5.51722880e-06
-8.50000000e-01 5.48379543e-06
-8.00000000e-01 5.45230243e-06
-7.50000000e-01 5.42382580e-06
-7.00000000e-01 5.39967630e-06
-6.50000000e-01 5.38136890e-06
-6.00000000e-01 5.37052757e-06
-5.50000000e-01 5.36877060e-06
-5.00000000e-01 5.37756357e-06
-4.50000000e-01 5.39807403e-06
-4.00000000e-01 5.43103587e-06
-3.50000000e-01 5.47662547e-06
-3.00000000e-01 5.53437203e-06
-2.50000000e-01 5.60309920e-06
-2.00000000e-01 5.68092160e-06
-1.50000000e-01 5.76530030e-06
-1.00000000e-01 5.85317523e-06
-5.00000000e-02 5.94117807e-06
0.00000000e+00 6.02591220e-06
5.00000000e-02 6.10427637e-06
1.00000000e-01 6.17378210e-06
1.50000000e-01 6.23280453e-06
2.00000000e-01 6.28072187e-06
2.50000000e-01 6.31791180e-06
3.00000000e-01 6.34559623e-06
3.50000000e-01 6.36560303e-06
4.00000000e-01 6.38005317e-06
4.50000000e-01 6.39107647e-06
5.00000000e-01 6.40055920e-06
5.50000000e-01 6.40998617e-06
6.00000000e-01 6.42036713e-06
6.50000000e-01 6.43223150e-06
7.00000000e-01 6.44572577e-06
7.50000000e-01 6.46070933e-06
8.00000000e-01 6.47691190e-06
8.50000000e-01 6.49403863e-06
9.00000000e-01 6.51187447e-06
9.50000000e-01 6.53032210e-06
1.00000000e+00 6.54938880e-06
1.05000000e+00 6.56916307e-06
1.10000000e+00 6.58973287e-06
1.15000000e+00 6.61114163e-06
1.20000000e+00 6.63332587e-06
1.25000000e+00 6.65610840e-06
1.30000000e+00 6.67919327e-06
1.35000000e+00 6.70219020e-06
1.40000000e+00 6.72466563e-06
1.45000000e+00 6.74617257e-06
1.50000000e+00 6.76630680e-06
1.55000000e+00 6.78472920e-06
1.60000000e+00 6.80120467e-06
1.65000000e+00 6.81561143e-06
1.70000000e+00 6.82795937e-06
1.75000000e+00 6.83840403e-06
1.80000000e+00 6.84724787e-06
1.85000000e+00 6.85495247e-06
1.90000000e+00 6.86212277e-06
1.95000000e+00 6.86949070e-06
2.00000000e+00 6.87787077e-06
2.05000000e+00 6.88810017e-06
2.10000000e+00 6.90095810e-06
2.15000000e+00 6.91707747e-06
2.20000000e+00 6.93685730e-06
2.25000000e+00 6.96038860e-06
2.30000000e+00 6.98740340e-06
2.35000000e+00 7.01726983e-06
2.40000000e+00 7.04903090e-06
2.45000000e+00 7.08148933e-06
2.50000000e+00 7.11334247e-06
2.55000000e+00 7.14333650e-06
2.60000000e+00 7.17042797e-06
2.65000000e+00 7.19391293e-06
2.70000000e+00 7.21350630e-06
2.75000000e+00 7.22934577e-06
2.80000000e+00 7.24191340e-06
2.85000000e+00 7.25190343e-06
2.90000000e+00 7.26003193e-06
2.95000000e+00 7.26685463e-06
3.00000000e+00 7.27259227e-06
3.05000000e+00 7.27701963e-06
3.10000000e+00 7.27943343e-06
3.15000000e+00 7.27869407e-06
3.20000000e+00 7.27338183e-06
3.25000000e+00 7.26200443e-06
3.30000000e+00 7.24326837e-06
3.35000000e+00 7.21633363e-06
3.40000000e+00 7.18103027e-06
3.45000000e+00 7.13797050e-06
3.50000000e+00 7.08853393e-06
3.55000000e+00 7.03474200e-06
3.60000000e+00 6.97902677e-06
3.65000000e+00 6.92395370e-06
3.70000000e+00 6.87195700e-06
3.75000000e+00 6.82510593e-06
3.80000000e+00 6.78496530e-06
3.85000000e+00 6.75251573e-06
3.90000000e+00 6.72817413e-06
3.95000000e+00 6.71186810e-06
4.00000000e+00 6.70315440e-06
4.05000000e+00 6.70135710e-06
4.10000000e+00 6.70569307e-06
4.15000000e+00 6.71536703e-06
4.20000000e+00 6.72960943e-06
4.25000000e+00 6.74766787e-06
4.30000000e+00 6.76875007e-06
4.35000000e+00 6.79194567e-06
4.40000000e+00 6.81615253e-06
4.45000000e+00 6.84003833e-06
4.50000000e+00 6.86205683e-06
4.55000000e+00 6.88053000e-06
4.60000000e+00 6.89379097e-06
4.65000000e+00 6.90037100e-06
4.70000000e+00 6.89920067e-06
4.75000000e+00 6.88978200e-06
4.80000000e+00 6.87230630e-06
4.85000000e+00 6.84768723e-06
4.90000000e+00 6.81750510e-06
4.95000000e+00 6.78386443e-06
5.00000000e+00 6.74919273e-06
5.05000000e+00 6.71600647e-06
5.10000000e+00 6.68666683e-06
5.15000000e+00 6.66315803e-06
5.20000000e+00 6.64690450e-06
5.25000000e+00 6.63864347e-06
5.30000000e+00 6.63835877e-06
5.35000000e+00 6.64528760e-06
5.40000000e+00 6.65799943e-06
5.45000000e+00 6.67455043e-06
5.50000000e+00 6.69269847e-06
5.55000000e+00 6.71016467e-06
5.60000000e+00 6.72491083e-06
5.65000000e+00 6.73538877e-06
5.70000000e+00 6.74072410e-06
5.75000000e+00 6.74080120e-06
5.80000000e+00 6.73623353e-06
5.85000000e+00 6.72822997e-06
5.90000000e+00 6.71838097e-06
5.95000000e+00 6.70840477e-06
6.00000000e+00 6.69989677e-06
6.05000000e+00 6.69411417e-06
6.10000000e+00 6.69182227e-06
6.15000000e+00 6.69321237e-06
6.20000000e+00 6.69789670e-06
6.25000000e+00 6.70497707e-06
6.30000000e+00 6.71317053e-06
6.35000000e+00 6.72098327e-06
6.40000000e+00 6.72689957e-06
6.45000000e+00 6.72957200e-06
6.50000000e+00 6.72797353e-06
6.55000000e+00 6.72149883e-06
6.60000000e+00 6.71000017e-06
6.65000000e+00 6.69376000e-06
6.70000000e+00 6.67341500e-06
6.75000000e+00 6.64984830e-06
6.80000000e+00 6.62408153e-06
6.85000000e+00 6.59717223e-06
6.90000000e+00 6.57013703e-06
6.95000000e+00 6.54389897e-06
7.00000000e+00 6.51925840e-06
7.05000000e+00 6.49687740e-06
7.10000000e+00 6.47727767e-06
7.15000000e+00 6.46083783e-06
7.20000000e+00 6.44779327e-06
7.25000000e+00 6.43823430e-06
7.30000000e+00 6.43210853e-06
7.35000000e+00 6.42922933e-06
7.40000000e+00 6.42928837e-06
7.45000000e+00 6.43188630e-06
7.50000000e+00 6.43656730e-06
7.55000000e+00 6.44286470e-06
7.60000000e+00 6.45034630e-06
7.65000000e+00 6.45865993e-06
7.70000000e+00 6.46756927e-06
7.75000000e+00 6.47697747e-06
7.80000000e+00 6.48693797e-06
7.85000000e+00 6.49765463e-06
7.90000000e+00 6.50946220e-06
7.95000000e+00 6.52280153e-06
8.00000000e+00 6.53817873e-06
8.05000000e+00 6.55611537e-06
8.10000000e+00 6.57709070e-06
8.15000000e+00 6.60147513e-06
8.20000000e+00 6.62947203e-06
8.25000000e+00 6.66105877e-06
8.30000000e+00 6.69595203e-06
8.35000000e+00 6.73359547e-06
8.40000000e+00 6.77317940e-06
8.45000000e+00 6.81369603e-06
8.50000000e+00 6.85402060e-06
8.55000000e+00 6.89302150e-06
8.60000000e+00 6.92967333e-06
8.65000000e+00 6.96316103e-06
8.70000000e+00 6.99296003e-06
8.75000000e+00 7.01887583e-06
8.80000000e+00 7.04103603e-06
8.85000000e+00 7.05983813e-06
8.90000000e+00 7.07585323e-06
8.95000000e+00 7.08971303e-06
9.00000000e+00 7.10197637e-06
9.05000000e+00 7.11301400e-06
9.10000000e+00 7.12291177e-06
9.15000000e+00 7.13141447e-06
9.20000000e+00 7.13792103e-06
9.25000000e+00 7.14152650e-06
9.30000000e+00 7.14111683e-06
9.35000000e+00 7.13550540e-06
9.40000000e+00 7.12358760e-06
9.45000000e+00 7.10449653e-06
9.50000000e+00 7.07773517e-06
9.55000000e+00 7.04326227e-06
9.60000000e+00 7.00151897e-06
9.65000000e+00 6.95338990e-06
9.70000000e+00 6.90011037e-06
9.75000000e+00 6.84313060e-06
9.80000000e+00 6.78396193e-06
9.85000000e+00 6.72402110e-06
9.90000000e+00 6.66449953e-06
9.95000000e+00 6.60626653e-06
1.00000000e+01 6.54981770e-06
1.00500000e+01 6.49527013e-06
1.01000000e+01 6.44240437e-06
1.01500000e+01 6.39074703e-06
1.02000000e+01 6.33967747e-06
1.02500000e+01 6.28855430e-06
1.03000000e+01 6.23684057e-06
1.03500000e+01 6.18421207e-06
1.04000000e+01 6.13064110e-06
1.04500000e+01 6.07643953e-06
1.05000000e+01 6.02226200e-06
1.05500000e+01 5.96906693e-06
1.06000000e+01 5.91804643e-06
1.06500000e+01 5.87053217e-06
1.07000000e+01 5.82789130e-06
1.07500000e+01 5.79142397e-06
1.08000000e+01 5.76227380e-06
1.08500000e+01 5.74135573e-06
1.09000000e+01 5.72930893e-06
1.09500000e+01 5.72647007e-06
1.10000000e+01 5.73287080e-06
1.10500000e+01 5.74825253e-06
1.11000000e+01 5.77209790e-06
1.11500000e+01 5.80367303e-06
1.12000000e+01 5.84207837e-06
1.12500000e+01 5.88630870e-06
1.13000000e+01 5.93531327e-06
1.13500000e+01 5.98806053e-06
1.14000000e+01 6.04359757e-06
1.14500000e+01 6.10110567e-06
1.15000000e+01 6.15993333e-06
1.15500000e+01 6.21961050e-06
1.16000000e+01 6.27983093e-06
1.16500000e+01 6.34040240e-06
1.17000000e+01 6.40116903e-06
1.17500000e+01 6.46191907e-06
1.18000000e+01 6.52229283e-06
1.18500000e+01 6.58170703e-06
1.19000000e+01 6.63931840e-06
1.19500000e+01 6.69403160e-06
1.20000000e+01 6.74456307e-06
1.20500000e+01 6.78954353e-06
1.21000000e+01 6.82765557e-06
1.21500000e+01 6.85777603e-06
1.22000000e+01 6.87911030e-06
1.22500000e+01 6.89129050e-06
1.23000000e+01 6.89443803e-06
1.23500000e+01 6.88917620e-06
1.24000000e+01 6.87659607e-06
1.24500000e+01 6.85817627e-06
1.25000000e+01 6.83566667e-06
1.25500000e+01 6.81093930e-06
1.26000000e+01 6.78582543e-06
1.26500000e+01 6.76195457e-06
1.27000000e+01 6.74061133e-06
1.27500000e+01 6.72262980e-06
1.28000000e+01 6.70833247e-06
1.28500000e+01 6.69752487e-06
1.29000000e+01 6.68954347e-06
1.29500000e+01 6.68335677e-06
1.30000000e+01 6.67770893e-06
1.30500000e+01 6.67129040e-06
1.31000000e+01 6.66291800e-06
1.31500000e+01 6.65169977e-06
1.32000000e+01 6.63716110e-06
1.32500000e+01 6.61931510e-06
1.33000000e+01 6.59866707e-06
1.33500000e+01 6.57615733e-06
1.34000000e+01 6.55305447e-06
1.34500000e+01 6.53081793e-06
1.35000000e+01 6.51095610e-06
1.35500000e+01 6.49489367e-06
1.36000000e+01 6.48386003e-06
1.36500000e+01 6.47881013e-06
1.37000000e+01 6.48037690e-06
1.37500000e+01 6.48884920e-06
1.38000000e+01 6.50417727e-06
1.38500000e+01 6.52600023e-06
1.39000000e+01 6.55369343e-06
1.39500000e+01 6.58642733e-06
1.40000000e+01 6.62324293e-06
1.40500000e+01 6.66313033e-06
1.41000000e+01 6.70511207e-06
1.41500000e+01 6.74831167e-06
1.42000000e+01 6.79201247e-06
1.42500000e+01 6.83569047e-06
1.43000000e+01 6.87902220e-06
1.43500000e+01 6.92186620e-06
1.44000000e+01 6.96422913e-06
1.44500000e+01 7.00621693e-06
1.45000000e+01 7.04798893e-06
1.45500000e+01 7.08971293e-06
1.46000000e+01 7.13153893e-06
1.46500000e+01 7.17357963e-06
1.47000000e+01 7.21590957e-06
1.47500000e+01 7.25857167e-06
1.48000000e+01 7.30159333e-06
1.48500000e+01 7.34500330e-06
1.49000000e+01 7.38884897e-06
1.49500000e+01 7.43320590e-06
1.50000000e+01 7.47818017e-06
1.50500000e+01 7.52389723e-06
1.51000000e+01 7.57048097e-06
1.51500000e+01 7.61802270e-06
1.52000000e+01 7.66654563e-06
1.52500000e+01 7.71597370e-06
1.53000000e+01 7.76610897e-06
1.53500000e+01 7.81662693e-06
1.54000000e+01 7.86709023e-06
1.54500000e+01 7.91698587e-06
1.55000000e+01 7.96577400e-06
1.55500000e+01 8.01295163e-06
1.56000000e+01 8.05810947e-06
1.56500000e+01 8.10098367e-06
1.57000000e+01 8.14148213e-06
1.57500000e+01 8.17969140e-06
1.58000000e+01 8.21584980e-06
1.58500000e+01 8.25030063e-06
1.59000000e+01 8.28342183e-06
1.59500000e+01 8.31554727e-06
1.60000000e+01 8.34688633e-06
1.60500000e+01 8.37745410e-06
1.61000000e+01 8.40702283e-06
1.61500000e+01 8.43510273e-06
1.62000000e+01 8.46095870e-06
1.62500000e+01 8.48366557e-06
1.63000000e+01 8.50219830e-06
1.63500000e+01 8.51554883e-06
1.64000000e+01 8.52285667e-06
1.64500000e+01 8.52353453e-06
1.65000000e+01 8.51737050e-06
1.65500000e+01 8.50459003e-06
1.66000000e+01 8.48586690e-06
1.66500000e+01 8.46227923e-06
1.67000000e+01 8.43521753e-06
1.67500000e+01 8.40625700e-06
1.68000000e+01 8.37701173e-06
1.68500000e+01 8.34898880e-06
1.69000000e+01 8.32345900e-06
1.69500000e+01 8.30135603e-06
1.70000000e+01 8.28321230e-06
1.70500000e+01 8.26913477e-06
1.71000000e+01 8.25882057e-06
1.71500000e+01 8.25160923e-06
1.72000000e+01 8.24656600e-06
1.72500000e+01 8.24258613e-06
1.73000000e+01 8.23851117e-06
1.73500000e+01 8.23324333e-06
1.74000000e+01 8.22584577e-06
1.74500000e+01 8.21561720e-06
1.75000000e+01 8.20213470e-06
1.75500000e+01 8.18525997e-06
1.76000000e+01 8.16511377e-06
1.76500000e+01 8.14202463e-06
1.77000000e+01 8.11646317e-06
1.77500000e+01 8.08897197e-06
1.78000000e+01 8.06010287e-06
1.78500000e+01 8.03036790e-06
1.79000000e+01 8.00020950e-06
1.79500000e+01 7.96999063e-06
1.80000000e+01 7.94000250e-06
1.80500000e+01 7.91048517e-06
1.81000000e+01 7.88165420e-06
1.81500000e+01 7.85372820e-06
1.82000000e+01 7.82694757e-06
1.82500000e+01 7.80158257e-06
1.83000000e+01 7.77792713e-06
1.83500000e+01 7.75627853e-06
1.84000000e+01 7.73690593e-06
1.84500000e+01 7.72001117e-06
1.85000000e+01 7.70568697e-06
1.85500000e+01 7.69387753e-06
1.86000000e+01 7.68434573e-06
1.86500000e+01 7.67665117e-06
1.87000000e+01 7.67014283e-06
1.87500000e+01 7.66397083e-06
1.88000000e+01 7.65711763e-06
1.88500000e+01 7.64845230e-06
1.89000000e+01 7.63680420e-06
1.89500000e+01 7.62105250e-06
1.90000000e+01 7.60022230e-06
1.90500000e+01 7.57357590e-06
1.91000000e+01 7.54068707e-06
1.91500000e+01 7.50148953e-06
1.92000000e+01 7.45629127e-06
1.92500000e+01 7.40575633e-06
1.93000000e+01 7.35085867e-06
1.93500000e+01 7.29281700e-06
1.94000000e+01 7.23302023e-06
1.94500000e+01 7.17295333e-06
1.95000000e+01 7.11412947e-06
1.95500000e+01 7.05803077e-06
1.96000000e+01 7.00605873e-06
1.96500000e+01 6.95949173e-06
1.97000000e+01 6.91944900e-06
1.97500000e+01 6.88685740e-06
1.98000000e+01 6.86241923e-06
1.98500000e+01 6.84658467e-06
1.99000000e+01 6.83952270e-06
1.99500000e+01 6.84109957e-06
2.00000000e+01 6.85085987e-06
2.00500000e+01 6.86802127e-06
2.01000000e+01 6.89148080e-06
2.01500000e+01 6.91984043e-06
2.02000000e+01 6.95145703e-06
2.02500000e+01 6.98451610e-06
2.03000000e+01 7.01713263e-06
2.03500000e+01 7.04746923e-06
2.04000000e+01 7.07386720e-06
2.04500000e+01 7.09497017e-06
2.05000000e+01 7.10982847e-06
2.05500000e+01 7.11796180e-06
2.06000000e+01 7.11937567e-06
2.06500000e+01 7.11452337e-06
2.07000000e+01 7.10421863e-06
2.07500000e+01 7.08951710e-06
2.08000000e+01 7.07157917e-06
2.08500000e+01 7.05153917e-06
2.09000000e+01 7.03039353e-06
2.09500000e+01 7.00892093e-06
2.10000000e+01 6.98764080e-06
2.10500000e+01 6.96680793e-06
2.11000000e+01 6.94644243e-06
2.11500000e+01 6.92637987e-06
2.12000000e+01 6.90634133e-06
2.12500000e+01 6.88600280e-06
2.13000000e+01 6.86506043e-06
2.13500000e+01 6.84328000e-06
2.14000000e+01 6.82052353e-06
2.14500000e+01 6.79675503e-06
2.15000000e+01 6.77201620e-06
2.15500000e+01 6.74639237e-06
2.16000000e+01 6.71996003e-06
2.16500000e+01 6.69273797e-06
2.17000000e+01 6.66464600e-06
2.17500000e+01 6.63548110e-06
2.18000000e+01 6.60491603e-06
2.18500000e+01 6.57252387e-06
2.19000000e+01 6.53782520e-06
2.19500000e+01 6.50035037e-06
2.20000000e+01 6.45970847e-06
2.20500000e+01 6.41565157e-06
2.21000000e+01 6.36812390e-06
2.21500000e+01 6.31728173e-06
2.22000000e+01 6.26348950e-06
2.22500000e+01 6.20728060e-06
2.23000000e+01 6.14930247e-06
2.23500000e+01 6.09023850e-06
2.24000000e+01 6.03073420e-06
2.24500000e+01 5.97132907e-06
2.25000000e+01 5.91240483e-06
2.25500000e+01 5.85415930e-06
2.26000000e+01 5.79660790e-06
2.26500000e+01 5.73961023e-06
2.27000000e+01 5.68292133e-06
2.27500000e+01 5.62625663e-06
2.28000000e+01 5.56936303e-06
2.28500000e+01 5.51208420e-06
2.29000000e+01 5.45440943e-06
2.29500000e+01 5.39649940e-06
2.30000000e+01 5.33867970e-06
2.30500000e+01 5.28141090e-06
2.31000000e+01 5.22523083e-06
2.31500000e+01 5.17068513e-06
2.32000000e+01 5.11825250e-06
2.32500000e+01 5.06827463e-06
2.33000000e+01 5.02090320e-06
2.33500000e+01 4.97606590e-06
2.34000000e+01 4.93345767e-06
2.34500000e+01 4.89256120e-06
2.35000000e+01 4.85269140e-06
2.35500000e+01 4.81306560e-06
2.36000000e+01 4.77289050e-06
2.36500000e+01 4.73145830e-06
2.37000000e+01 4.68824187e-06
2.37500000e+01 4.64297123e-06
2.38000000e+01 4.59568433e-06
2.38500000e+01 4.54673803e-06
2.39000000e+01 4.49678057e-06
2.39500000e+01 4.44668600e-06
2.40000000e+01 4.39746537e-06
2.40500000e+01 4.35016677e-06
2.41000000e+01 4.30578260e-06
2.41500000e+01 4.26517103e-06
2.42000000e+01 4.22900657e-06
2.42500000e+01 4.19775290e-06
2.43000000e+01 4.17166243e-06
2.43500000e+01 4.15078943e-06
2.44000000e+01 4.13501637e-06
2.44500000e+01 4.12407690e-06
2.45000000e+01 4.11757817e-06
2.45500000e+01 4.11501263e-06
2.46000000e+01 4.11576050e-06
2.46500000e+01 4.11909117e-06
2.47000000e+01 4.12416250e-06
2.47500000e+01 4.13003450e-06
2.48000000e+01 4.13569657e-06
2.48500000e+01 4.14011673e-06
2.49000000e+01 4.14231147e-06
2.49500000e+01 4.14142477e-06
2.50000000e+01 4.13680933e-06
2.50500000e+01 4.12809350e-06
2.51000000e+01 4.11522353e-06
2.51500000e+01 4.09847327e-06
2.52000000e+01 4.07842043e-06
2.52500000e+01 4.05589453e-06
2.53000000e+01 4.03190640e-06
2.53500000e+01 4.00756383e-06
2.54000000e+01 3.98398847e-06
2.54500000e+01 3.96223293e-06
2.55000000e+01 3.94320673e-06
2.55500000e+01 3.92761147e-06
2.56000000e+01 3.91588667e-06
2.56500000e+01 3.90817673e-06
2.57000000e+01 3.90431197e-06
2.57500000e+01 3.90381847e-06
2.58000000e+01 3.90595413e-06
2.58500000e+01 3.90977300e-06
2.59000000e+01 3.91421683e-06
2.59500000e+01 3.91822493e-06
2.60000000e+01 3.92085317e-06
2.60500000e+01 3.92138170e-06
2.61000000e+01 3.91939693e-06
2.61500000e+01 3.91483637e-06
2.62000000e+01 3.90798190e-06
2.62500000e+01 3.89940897e-06
2.63000000e+01 3.88989623e-06
2.63500000e+01 3.88030950e-06
2.64000000e+01 3.87148177e-06
2.64500000e+01 3.86409777e-06
2.65000000e+01 3.85860487e-06
2.65500000e+01 3.85515413e-06
2.66000000e+01 3.85358043e-06
2.66500000e+01 3.85342140e-06
2.67000000e+01 3.85397373e-06
2.67500000e+01 3.85438207e-06
2.68000000e+01 3.85374637e-06
2.68500000e+01 3.85123690e-06
2.69000000e+01 3.84619907e-06
2.69500000e+01 3.83823093e-06
2.70000000e+01 3.82722617e-06
2.70500000e+01 3.81337573e-06
2.71000000e+01 3.79712997e-06
2.71500000e+01 3.77913560e-06
2.72000000e+01 3.76015333e-06
2.72500000e+01 3.74097340e-06
2.73000000e+01 3.72234020e-06
2.73500000e+01 3.70489103e-06
2.74000000e+01 3.68911583e-06
2.74500000e+01 3.67533793e-06
2.75000000e+01 3.66371353e-06
2.75500000e+01 3.65424970e-06
2.76000000e+01 3.64683293e-06
2.76500000e+01 3.64126350e-06
2.77000000e+01 3.63729703e-06
2.77500000e+01 3.63467820e-06
2.78000000e+01 3.63317220e-06
2.78500000e+01 3.63258600e-06
2.79000000e+01 3.63277857e-06
2.79500000e+01 3.63366337e-06
2.80000000e+01 3.63519757e-06
2.80500000e+01 3.63737197e-06
2.81000000e+01 3.64019507e-06
2.81500000e+01 3.64368340e-06
2.82000000e+01 3.64785833e-06
2.82500000e+01 3.65274867e-06
2.83000000e+01 3.65840353e-06
2.83500000e+01 3.66490447e-06
2.84000000e+01 3.67237630e-06
2.84500000e+01 3.68098703e-06
2.85000000e+01 3.69093657e-06
2.85500000e+01 3.70242650e-06
2.86000000e+01 3.71562030e-06
2.86500000e+01 3.73059433e-06
2.87000000e+01 3.74729060e-06
2.87500000e+01 3.76548433e-06
2.88000000e+01 3.78476720e-06
2.88500000e+01 3.80456643e-06
2.89000000e+01 3.82418410e-06
2.89500000e+01 3.84287010e-06
2.90000000e+01 3.85990890e-06
2.90500000e+01 3.87470997e-06
2.91000000e+01 3.88688760e-06
2.91500000e+01 3.89631080e-06
2.92000000e+01 3.90311827e-06
2.92500000e+01 3.90768277e-06
2.93000000e+01 3.91054087e-06
2.93500000e+01 3.91228717e-06
2.94000000e+01 3.91345633e-06
2.94500000e+01 3.91440990e-06
2.95000000e+01 3.91524257e-06
2.95500000e+01 3.91573597e-06
2.96000000e+01 3.91535477e-06
2.96500000e+01 3.91330453e-06
2.97000000e+01 3.90863593e-06
2.97500000e+01 3.90038993e-06
2.98000000e+01 3.88775290e-06
2.98500000e+01 3.87019883e-06
2.99000000e+01 3.84759277e-06
2.99500000e+01 3.82022417e-06
3.00000000e+01 3.78877507e-06
3.00500000e+01 3.75422063e-06
3.01000000e+01 3.71768920e-06
3.01500000e+01 3.68030440e-06
3.02000000e+01 3.64303953e-06
3.02500000e+01 3.60660937e-06
3.03000000e+01 3.57140430e-06
3.03500000e+01 3.53748477e-06
3.04000000e+01 3.50461797e-06
3.04500000e+01 3.47236437e-06
3.05000000e+01 3.44018137e-06
3.05500000e+01 3.40754137e-06
3.06000000e+01 3.37403720e-06
3.06500000e+01 3.33945873e-06
3.07000000e+01 3.30383380e-06
3.07500000e+01 3.26742127e-06
3.08000000e+01 3.23067300e-06
3.08500000e+01 3.19416313e-06
3.09000000e+01 3.15851300e-06
3.09500000e+01 3.12432000e-06
3.10000000e+01 3.09210010e-06
3.10500000e+01 3.06226153e-06
3.11000000e+01 3.03509547e-06
3.11500000e+01 3.01079113e-06
3.12000000e+01 2.98945977e-06
3.12500000e+01 2.97116243e-06
3.13000000e+01 2.95592973e-06
3.13500000e+01 2.94376767e-06
3.14000000e+01 2.93464630e-06
3.14500000e+01 2.92846963e-06
3.15000000e+01 2.92503320e-06
3.15500000e+01 2.92397727e-06
3.16000000e+01 2.92474643e-06
3.16500000e+01 2.92657277e-06
3.17000000e+01 2.92848750e-06
3.17500000e+01 2.92937933e-06
3.18000000e+01 2.92809613e-06
3.18500000e+01 2.92358033e-06
3.19000000e+01 2.91502400e-06
3.19500000e+01 2.90200130e-06
3.20000000e+01 2.88455770e-06
3.20500000e+01 2.86322007e-06
3.21000000e+01 2.83893167e-06
3.21500000e+01 2.81291807e-06
3.22000000e+01 2.78651757e-06
3.22500000e+01 2.76100657e-06
3.23000000e+01 2.73745087e-06
3.23500000e+01 2.71659847e-06
3.24000000e+01 2.69882713e-06
3.24500000e+01 2.68414257e-06
3.25000000e+01 2.67222283e-06
3.25500000e+01 2.66250473e-06
3.26000000e+01 2.65429560e-06
3.26500000e+01 2.64690150e-06
3.27000000e+01 2.63974360e-06
3.27500000e+01 2.63245487e-06
3.28000000e+01 2.62493110e-06
3.28500000e+01 2.61733070e-06
3.29000000e+01 2.61002570e-06
3.29500000e+01 2.60351297e-06
3.30000000e+01 2.59831300e-06
3.30500000e+01 2.59486207e-06
3.31000000e+01 2.59343740e-06
3.31500000e+01 2.59410537e-06
3.32000000e+01 2.59672017e-06
3.32500000e+01 2.60095187e-06
3.33000000e+01 2.60635300e-06
3.33500000e+01 2.61243923e-06
3.34000000e+01 2.61876957e-06
3.34500000e+01 2.62501470e-06
3.35000000e+01 2.63098553e-06
3.35500000e+01 2.63663610e-06
3.36000000e+01 2.64202363e-06
3.36500000e+01 2.64725837e-06
3.37000000e+01 2.65244507e-06
3.37500000e+01 2.65764517e-06
3.38000000e+01 2.66286830e-06
3.38500000e+01 2.66809047e-06
3.39000000e+01 2.67330840e-06
3.39500000e+01 2.67859867e-06
3.40000000e+01 2.68418013e-06
3.40500000e+01 2.69044650e-06
3.41000000e+01 2.69796257e-06
3.41500000e+01 2.70742090e-06
3.42000000e+01 2.71954957e-06
3.42500000e+01 2.73500223e-06
3.43000000e+01 2.75422927e-06
3.43500000e+01 2.77736797e-06
3.44000000e+01 2.80415673e-06
3.44500000e+01 2.83390103e-06
3.45000000e+01 2.86550657e-06
3.45500000e+01 2.89757760e-06
3.46000000e+01 2.92858947e-06
3.46500000e+01 2.95709767e-06
3.47000000e+01 2.98196100e-06
3.47500000e+01 3.00251103e-06
3.48000000e+01 3.01864297e-06
3.48500000e+01 3.03079267e-06
3.49000000e+01 3.03981727e-06
3.49500000e+01 3.04680390e-06
3.50000000e+01 3.05285920e-06
3.50500000e+01 3.05892433e-06
3.51000000e+01 3.06564663e-06
3.51500000e+01 3.07333430e-06
3.52000000e+01 3.08198307e-06
3.52500000e+01 3.09137380e-06
3.53000000e+01 3.10119477e-06
3.53500000e+01 3.11116927e-06
3.54000000e+01 3.12114097e-06
3.54500000e+01 3.13110240e-06
3.55000000e+01 3.14115673e-06
3.55500000e+01 3.15143307e-06
3.56000000e+01 3.16198277e-06
3.56500000e+01 3.17268790e-06
3.57000000e+01 3.18322450e-06
3.57500000e+01 3.19307847e-06
3.58000000e+01 3.20163020e-06
3.58500000e+01 3.20827990e-06
3.59000000e+01 3.21258683e-06
3.59500000e+01 3.21438147e-06
3.60000000e+01 3.21381467e-06
3.60500000e+01 3.21134087e-06
3.61000000e+01 3.20762107e-06
3.61500000e+01 3.20339013e-06
3.62000000e+01 3.19931493e-06
3.62500000e+01 3.19587697e-06
3.63000000e+01 3.19330727e-06
3.63500000e+01 3.19157547e-06
3.64000000e+01 3.19043907e-06
3.64500000e+01 3.18951677e-06
3.65000000e+01 3.18837650e-06
3.65500000e+01 3.18660777e-06
3.66000000e+01 3.18385717e-06
3.66500000e+01 3.17983243e-06
3.67000000e+01 3.17427647e-06
3.67500000e+01 3.16694140e-06
3.68000000e+01 3.15756887e-06
3.68500000e+01 3.14590733e-06
3.69000000e+01 3.13175127e-06
3.69500000e+01 3.11500253e-06
3.70000000e+01 3.09572140e-06
3.70500000e+01 3.07415227e-06
3.71000000e+01 3.05071113e-06
3.71500000e+01 3.02592517e-06
3.72000000e+01 3.00035520e-06
3.72500000e+01 2.97450970e-06
3.73000000e+01 2.94878770e-06
3.73500000e+01 2.92345177e-06
3.74000000e+01 2.89864953e-06
3.74500000e+01 2.87446030e-06
3.75000000e+01 2.85094793e-06
3.75500000e+01 2.82820770e-06
3.76000000e+01 2.80637037e-06
3.76500000e+01 2.78558277e-06
3.77000000e+01 2.76594930e-06
3.77500000e+01 2.74747593e-06
3.78000000e+01 2.73002413e-06
3.78500000e+01 2.71330263e-06
3.79000000e+01 2.69690663e-06
3.79500000e+01 2.68038707e-06
3.80000000e+01 2.66335277e-06
3.80500000e+01 2.64555483e-06
3.81000000e+01 2.62694703e-06
3.81500000e+01 2.60768940e-06
3.82000000e+01 2.58810463e-06
3.82500000e+01 2.56859717e-06
3.83000000e+01 2.54955347e-06
3.83500000e+01 2.53126617e-06
3.84000000e+01 2.51388097e-06
3.84500000e+01 2.49739473e-06
3.85000000e+01 2.48167860e-06
3.85500000e+01 2.46652773e-06
3.86000000e+01 2.45171350e-06
3.86500000e+01 2.43701763e-06
3.87000000e+01 2.42226077e-06
3.87500000e+01 2.40730783e-06
3.88000000e+01 2.39207820e-06
3.88500000e+01 2.37655260e-06
3.89000000e+01 2.36078837e-06
3.89500000e+01 2.34493120e-06
3.90000000e+01 2.32920250e-06
3.90500000e+01 2.31387297e-06
3.91000000e+01 2.29919167e-06
3.91500000e+01 2.28530900e-06
3.92000000e+01 2.27220123e-06
3.92500000e+01 2.25962690e-06
3.93000000e+01 2.24714310e-06
3.93500000e+01 2.23417280e-06
3.94000000e+01 2.22013483e-06
3.94500000e+01 2.20457207e-06
3.95000000e+01 2.18726913e-06
3.95500000e+01 2.16830440e-06
3.96000000e+01 2.14802570e-06
3.96500000e+01 2.12697103e-06
3.97000000e+01 2.10574447e-06
3.97500000e+01 2.08490937e-06
3.98000000e+01 2.06489840e-06
3.98500000e+01 2.04598630e-06
3.99000000e+01 2.02829607e-06
3.99500000e+01 2.01184250e-06
4.00000000e+01 1.99658190e-06
4.00500000e+01 1.98245733e-06
4.01000000e+01 1.96942553e-06
4.01500000e+01 1.95745690e-06
4.02000000e+01 1.94652727e-06
4.02500000e+01 1.93659130e-06
4.03000000e+01 1.92756460e-06
4.03500000e+01 1.91930087e-06
4.04000000e+01 1.91159707e-06
4.04500000e+01 1.90419623e-06
4.05000000e+01 1.89681110e-06
4.05500000e+01 1.88915197e-06
4.06000000e+01 1.88094993e-06
4.06500000e+01 1.87198253e-06
4.07000000e+01 1.86207467e-06
4.07500000e+01 1.85111407e-06
4.08000000e+01 1.83904457e-06
4.08500000e+01 1.82588203e-06
4.09000000e+01 1.81172413e-06
4.09500000e+01 1.79675680e-06
4.10000000e+01 1.78124797e-06
4.10500000e+01 1.76550647e-06
4.11000000e+01 1.74983967e-06
4.11500000e+01 1.73448910e-06
4.12000000e+01 1.71959953e-06
4.12500000e+01 1.70520043e-06
4.13000000e+01 1.69121797e-06
4.13500000e+01 1.67748977e-06
4.14000000e+01 1.66378097e-06
4.14500000e+01 1.64980240e-06
4.15000000e+01 1.63522723e-06
4.15500000e+01 1.61974423e-06
4.16000000e+01 1.60312083e-06
4.16500000e+01 1.58527907e-06
4.17000000e+01 1.56632877e-06
4.17500000e+01 1.54654433e-06
4.18000000e+01 1.52628077e-06
4.18500000e+01 1.50585203e-06
4.19000000e+01 1.48543420e-06
4.19500000e+01 1.46500913e-06
4.20000000e+01 1.44439680e-06
4.20500000e+01 1.42333103e-06
4.21000000e+01 1.40156347e-06
4.21500000e+01 1.37893563e-06
4.22000000e+01 1.35539067e-06
4.22500000e+01 1.33094513e-06
4.23000000e+01 1.30563090e-06
4.23500000e+01 1.27946760e-06
4.24000000e+01 1.25245847e-06
4.24500000e+01 1.22461243e-06
4.25000000e+01 1.19595680e-06
4.25500000e+01 1.16653207e-06
4.26000000e+01 1.13637670e-06
4.26500000e+01 1.10551087e-06
4.27000000e+01 1.07394263e-06
4.27500000e+01 1.04167891e-06
4.28000000e+01 1.00874331e-06
4.28500000e+01 9.75175940e-07
4.29000000e+01 9.41021323e-07
4.29500000e+01 9.06317493e-07
4.30000000e+01 8.71091137e-07
4.30500000e+01 8.35374967e-07
4.31000000e+01 7.99234923e-07
4.31500000e+01 7.62801913e-07
4.32000000e+01 7.26284747e-07
4.32500000e+01 6.89962550e-07
4.33000000e+01 6.54161737e-07
4.33500000e+01 6.19220367e-07
4.34000000e+01 5.85460920e-07
4.34500000e+01 5.53166813e-07
4.35000000e+01 5.22565920e-07
4.35500000e+01 4.93822507e-07
4.36000000e+01 4.67030777e-07
4.36500000e+01 4.42219410e-07
4.37000000e+01 4.19358103e-07
4.37500000e+01 3.98369670e-07
4.38000000e+01 3.79143983e-07
4.38500000e+01 3.61550370e-07
4.39000000e+01 3.45450403e-07
4.39500000e+01 3.30705113e-07
4.40000000e+01 3.17181720e-07
4.40500000e+01 3.04755853e-07
4.41000000e+01 2.93314080e-07
4.41500000e+01 2.82754177e-07
4.42000000e+01 2.72984813e-07
4.42500000e+01 2.63925013e-07
4.43000000e+01 2.55502827e-07
4.43500000e+01 2.47654883e-07
4.44000000e+01 2.40325207e-07
4.44500000e+01 2.33464463e-07
4.45000000e+01 2.27029010e-07
4.45500000e+01 2.20980003e-07
4.46000000e+01 2.15283217e-07
4.46500000e+01 2.09908217e-07
4.47000000e+01 2.04827803e-07
4.47500000e+01 2.00017820e-07
4.48000000e+01 1.95456410e-07
4.48500000e+01 1.91124290e-07
4.49000000e+01 1.87003873e-07
4.49500000e+01 1.83079447e-07
4.50000000e+01 1.79336783e-07
4.50500000e+01 1.75762910e-07
4.51000000e+01 1.72346217e-07
4.51500000e+01 1.69076023e-07
4.52000000e+01 1.65942687e-07
4.52500000e+01 1.62937330e-07
4.53000000e+01 1.60051880e-07
4.53500000e+01 1.57278890e-07
4.54000000e+01 1.54611587e-07
4.54500000e+01 1.52043750e-07
4.55000000e+01 1.49569500e-07
4.55500000e+01 1.47183627e-07
4.56000000e+01 1.44881130e-07
4.56500000e+01 1.42657517e-07
4.57000000e+01 1.40508553e-07
4.57500000e+01 1.38430273e-07
4.58000000e+01 1.36419087e-07
4.58500000e+01 1.34471563e-07
4.59000000e+01 1.32584600e-07
4.59500000e+01 1.30755173e-07
4.60000000e+01 1.28980563e-07
4.60500000e+01 1.27258173e-07
4.61000000e+01 1.25585597e-07
4.61500000e+01 1.23960603e-07
4.62000000e+01 1.22380977e-07
4.62500000e+01 1.20844807e-07
4.63000000e+01 1.19350147e-07
4.63500000e+01 1.17895287e-07
4.64000000e+01 1.16478520e-07
4.64500000e+01 1.15098270e-07
4.65000000e+01 1.13753067e-07
4.65500000e+01 1.12441487e-07
4.66000000e+01 1.11162260e-07
4.66500000e+01 1.09914043e-07
4.67000000e+01 1.08695707e-07
4.67500000e+01 1.07506090e-07
4.68000000e+01 1.06344153e-07
4.68500000e+01 1.05208867e-07
4.69000000e+01 1.04099243e-07
4.69500000e+01 1.03014387e-07
4.70000000e+01 1.01953407e-07
4.70500000e+01 1.00915505e-07
4.71000000e+01 9.98998567e-08
4.71500000e+01 9.89057173e-08
4.72000000e+01 9.79323577e-08
4.72500000e+01 9.69791017e-08
4.73000000e+01 9.60453063e-08
4.73500000e+01 9.51302990e-08
4.74000000e+01 9.42335243e-08
4.74500000e+01 9.33543743e-08
4.75000000e+01 9.24923313e-08
4.75500000e+01 9.16468613e-08
4.76000000e+01 9.08174380e-08
4.76500000e+01 9.00036000e-08
4.77000000e+01 8.92048697e-08
4.77500000e+01 8.84208330e-08
4.78000000e+01 8.76510260e-08
4.78500000e+01 8.68950573e-08
4.79000000e+01 8.61525257e-08
4.79500000e+01 8.54230623e-08
4.80000000e+01 8.47063130e-08
4.80500000e+01 8.40018920e-08
4.81000000e+01 8.33094983e-08
4.81500000e+01 8.26287813e-08
4.82000000e+01 8.19594587e-08
4.82500000e+01 8.13012060e-08
4.83000000e+01 8.06537357e-08
4.83500000e+01 8.00167723e-08
4.84000000e+01 7.93900417e-08
4.84500000e+01 7.87733123e-08
4.85000000e+01 7.81662843e-08
4.85500000e+01 7.75687470e-08
4.86000000e+01 7.69804557e-08
4.86500000e+01 7.64011930e-08
4.87000000e+01 7.58307413e-08
4.87500000e+01 7.52688707e-08
4.88000000e+01 7.47153917e-08
4.88500000e+01 7.41700977e-08
4.89000000e+01 7.36328153e-08
4.89500000e+01 7.31033423e-08
4.90000000e+01 7.25815013e-08
4.90500000e+01 7.20671180e-08
4.91000000e+01 7.15600300e-08
4.91500000e+01 7.10600810e-08
4.92000000e+01 7.05670877e-08
4.92500000e+01 7.00809197e-08
4.93000000e+01 6.96014127e-08
4.93500000e+01 6.91284430e-08
4.94000000e+01 6.86618533e-08
4.94500000e+01 6.82015083e-08
4.95000000e+01 6.77472803e-08
4.95500000e+01 6.72990373e-08
4.96000000e+01 6.68566777e-08
4.96500000e+01 6.64200427e-08
4.97000000e+01 6.59890380e-08
4.97500000e+01 6.55635437e-08
4.98000000e+01 6.51434530e-08
4.98500000e+01 6.47286627e-08
4.99000000e+01 6.43190500e-08
4.99500000e+01 6.39145250e-08
5.00000000e+01 6.35149830e-08
5.00500000e+01 6.31203410e-08
5.01000000e+01 6.27304910e-08
5.01500000e+01 6.49851830e-08
5.02000000e+01 6.72332823e-08
5.02500000e+01 6.94052540e-08
5.03000000e+01 6.89842263e-08
5.03500000e+01 7.10939170e-08
5.04000000e+01 7.06668760e-08
5.04500000e+01 7.27164857e-08
5.05000000e+01 7.48508990e-08
5.05500000e+01 7.44075290e-08
5.06000000e+01 7.63727410e-08
5.06500000e+01 7.59247057e-08
5.07000000e+01 7.78347577e-08
5.07500000e+01 7.73825183e-08
5.08000000e+01 7.92392857e-08
5.08500000e+01 8.12622153e-08
5.09000000e+01 8.07964603e-08
5.09500000e+01 8.25779787e-08
5.10000000e+01 8.21091070e-08
5.10500000e+01 8.38415640e-08
5.11000000e+01 8.33698993e-08
5.11500000e+01 8.50549057e-08
5.12000000e+01 8.69785667e-08
5.12500000e+01 8.64957077e-08
5.13000000e+01 8.81133367e-08
5.13500000e+01 8.76285620e-08
5.14000000e+01 8.92023830e-08
5.14500000e+01 8.87159947e-08
5.15000000e+01 9.25829647e-08
5.15500000e+01 9.20822250e-08
5.16000000e+01 9.15865060e-08
5.16500000e+01 9.30573627e-08
5.17000000e+01 9.25607273e-08
5.17500000e+01 9.39923247e-08
5.18000000e+01 9.34949653e-08
5.18500000e+01 9.52681987e-08
5.19000000e+01 9.66435093e-08
5.19500000e+01 9.61384117e-08
5.20000000e+01 9.74773320e-08
5.20500000e+01 9.69720860e-08
5.21000000e+01 9.82757403e-08
5.21500000e+01 9.77705490e-08
5.22000000e+01 9.72700803e-08
5.22500000e+01 1.00722853e-07
5.23000000e+01 1.00211196e-07
5.23500000e+01 1.01431170e-07
5.24000000e+01 1.00920030e-07
5.24500000e+01 1.00413551e-07
5.25000000e+01 1.01597703e-07
5.25500000e+01 1.01091803e-07
5.26000000e+01 1.04372557e-07
5.26500000e+01 1.03856677e-07
5.27000000e+01 1.03345390e-07
5.27500000e+01 1.04454230e-07
5.28000000e+01 1.03943910e-07
5.28500000e+01 1.05024193e-07
5.29000000e+01 1.04514937e-07
5.29500000e+01 1.04010127e-07
5.30000000e+01 1.07119860e-07
5.30500000e+01 1.06606133e-07
5.31000000e+01 1.07617990e-07
5.31500000e+01 1.07105647e-07
5.32000000e+01 1.06597637e-07
5.32500000e+01 1.07580727e-07
5.33000000e+01 1.07074153e-07
5.33500000e+01 1.06571803e-07
5.34000000e+01 1.09525493e-07
5.34500000e+01 1.09015153e-07
5.35000000e+01 1.09936290e-07
5.35500000e+01 1.09427623e-07
5.36000000e+01 1.08923117e-07
5.36500000e+01 1.09818433e-07
5.37000000e+01 1.09315600e-07
5.37500000e+01 1.10188280e-07
5.38000000e+01 1.11627710e-07
5.38500000e+01 1.11121727e-07
5.39000000e+01 1.11960777e-07
5.39500000e+01 1.11456690e-07
5.40000000e+01 1.10956613e-07
5.40500000e+01 1.11772427e-07
5.41000000e+01 1.11274223e-07
5.41500000e+01 1.12069513e-07
5.42000000e+01 1.13459677e-07
5.42500000e+01 1.12958853e-07
5.43000000e+01 1.13723423e-07
5.43500000e+01 1.13224653e-07
5.44000000e+01 1.13969983e-07
5.44500000e+01 1.13473330e-07
5.45000000e+01 1.12980437e-07
5.45500000e+01 1.13705410e-07
5.46000000e+01 1.13214603e-07
5.46500000e+01 1.14555283e-07
5.47000000e+01 1.15252147e-07
5.47500000e+01 1.14759240e-07
5.48000000e+01 1.14269980e-07
5.48500000e+01 1.14947917e-07
5.49000000e+01 1.14460853e-07
5.49500000e+01 1.15121810e-07
5.50000000e+01 1.14636947e-07
5.50500000e+01 1.14155603e-07
5.51000000e+01 1.16571430e-07
5.51500000e+01 1.16084830e-07
5.52000000e+01 1.15601703e-07
5.52500000e+01 1.16219717e-07
5.53000000e+01 1.15738870e-07
5.53500000e+01 1.16341393e-07
5.54000000e+01 1.15862860e-07
5.54500000e+01 1.15387690e-07
5.55000000e+01 1.15974043e-07
5.55500000e+01 1.17222850e-07
5.56000000e+01 1.16746197e-07
5.56500000e+01 1.17309457e-07
5.57000000e+01 1.16835140e-07
5.57500000e+01 1.16364093e-07
5.58000000e+01 1.16912297e-07
5.58500000e+01 1.16443587e-07
5.59000000e+01 1.16978013e-07
5.59500000e+01 1.16511633e-07
5.60000000e+01 1.17722353e-07
5.60500000e+01 1.18235477e-07
5.61000000e+01 1.17767923e-07
5.61500000e+01 1.17303503e-07
5.62000000e+01 1.17802937e-07
5.62500000e+01 1.17340880e-07
5.63000000e+01 1.16881910e-07
5.63500000e+01 1.17368057e-07
5.64000000e+01 1.16911410e-07
5.64500000e+01 1.16457753e-07
5.65000000e+01 1.18553430e-07
5.65500000e+01 1.18095803e-07
5.66000000e+01 1.17641127e-07
5.66500000e+01 1.18095250e-07
5.67000000e+01 1.17642950e-07
5.67500000e+01 1.18085560e-07
5.68000000e+01 1.17635643e-07
5.68500000e+01 1.17188583e-07
5.69000000e+01 1.17619440e-07
5.69500000e+01 1.17174717e-07
5.70000000e+01 1.18307477e-07
5.70500000e+01 1.18720620e-07
5.71000000e+01 1.18275097e-07
5.71500000e+01 1.17832383e-07
5.72000000e+01 1.18234540e-07
5.72500000e+01 1.17794190e-07
5.73000000e+01 1.17356560e-07
5.73500000e+01 1.17748043e-07
5.74000000e+01 1.17312727e-07
5.74500000e+01 1.16880113e-07
5.75000000e+01 1.18790793e-07
5.75500000e+01 1.18354810e-07
5.76000000e+01 1.17921487e-07
5.76500000e+01 1.18286587e-07
5.77000000e+01 1.17855610e-07
5.77500000e+01 1.17427217e-07
5.78000000e+01 1.17782603e-07
5.78500000e+01 1.17356520e-07
5.79000000e+01 1.16932993e-07
5.79500000e+01 1.17278927e-07
5.80000000e+01 1.18345260e-07
5.80500000e+01 1.17921140e-07
5.81000000e+01 1.18252240e-07
5.81500000e+01 1.17830433e-07
5.82000000e+01 1.17411093e-07
5.82500000e+01 1.17733343e-07
5.83000000e+01 1.17316277e-07
5.83500000e+01 1.16901643e-07
5.84000000e+01 1.17215290e-07
5.84500000e+01 1.16802893e-07
5.85000000e+01 1.16392890e-07
5.85500000e+01 1.18140903e-07
5.86000000e+01 1.17728043e-07
5.86500000e+01 1.17317560e-07
5.87000000e+01 1.17609340e-07
5.87500000e+01 1.17201090e-07
5.88000000e+01 1.16795163e-07
5.88500000e+01 1.17079103e-07
5.89000000e+01 1.16675373e-07
5.89500000e+01 1.16273930e-07
5.90000000e+01 1.16550190e-07
5.90500000e+01 1.16150933e-07
5.91000000e+01 1.17154967e-07
5.91500000e+01 1.17418720e-07
5.92000000e+01 1.17019063e-07
5.92500000e+01 1.16621623e-07
5.93000000e+01 1.16878210e-07
5.93500000e+01 1.16482953e-07
5.94000000e+01 1.16089870e-07
5.94500000e+01 1.16339440e-07
5.95000000e+01 1.15948500e-07
5.95500000e+01 1.15559723e-07
5.96000000e+01 1.15802467e-07
5.96500000e+01 1.16777447e-07
5.97000000e+01 1.16388293e-07
5.97500000e+01 1.16619653e-07
5.98000000e+01 1.16232650e-07
5.98500000e+01 1.15847733e-07
5.99000000e+01 1.16072690e-07
5.99500000e+01 1.15689867e-07
6.00000000e+01 1.15309117e-07
6.00500000e+01 1.14930373e-07
6.01000000e+01 1.15149137e-07
6.01500000e+01 1.14772463e-07
6.02000000e+01 1.14397777e-07
6.02500000e+01 1.15930790e-07
6.03000000e+01 1.15553803e-07
6.03500000e+01 1.15178810e-07
6.04000000e+01 1.15381130e-07
6.04500000e+01 1.15008203e-07
6.05000000e+01 1.14637207e-07
6.05500000e+01 1.14833837e-07
6.06000000e+01 1.14464857e-07
6.06500000e+01 1.14097797e-07
6.07000000e+01 1.14288880e-07
6.07500000e+01 1.13923813e-07
6.08000000e+01 1.13560627e-07
6.08500000e+01 1.15027800e-07
6.09000000e+01 1.14662483e-07
6.09500000e+01 1.14299053e-07
6.10000000e+01 1.13937457e-07
6.10500000e+01 1.14113730e-07
6.11000000e+01 1.13754097e-07
6.11500000e+01 1.13396313e-07
6.12000000e+01 1.13567507e-07
6.12500000e+01 1.13211640e-07
6.13000000e+01 1.12857550e-07
6.13500000e+01 1.13023803e-07
6.14000000e+01 1.12671647e-07
6.14500000e+01 1.12321237e-07
6.15000000e+01 1.13723907e-07
6.15500000e+01 1.13371517e-07
6.16000000e+01 1.13020880e-07
6.16500000e+01 1.12671983e-07
6.17000000e+01 1.12824867e-07
6.17500000e+01 1.12477840e-07
6.18000000e+01 1.12132530e-07
6.18500000e+01 1.12280900e-07
6.19000000e+01 1.11937440e-07
6.19500000e+01 1.11595660e-07
6.20000000e+01 1.11739593e-07
6.20500000e+01 1.11399660e-07
6.21000000e+01 1.12268750e-07
6.21500000e+01 1.12404530e-07
6.22000000e+01 1.12064393e-07
6.22500000e+01 1.11725893e-07
6.23000000e+01 1.11389033e-07
6.23500000e+01 1.11520867e-07
6.24000000e+01 1.11185807e-07
6.24500000e+01 1.10852343e-07
6.25000000e+01 1.10980130e-07
6.25500000e+01 1.10648467e-07
6.26000000e+01 1.10318370e-07
6.26500000e+01 1.09989833e-07
6.27000000e+01 1.10113863e-07
6.27500000e+01 1.09787090e-07
6.28000000e+01 1.10630143e-07
6.28500000e+01 1.10746707e-07
6.29000000e+01 1.10419733e-07
6.29500000e+01 1.10094283e-07
6.30000000e+01 1.10207163e-07
6.30500000e+01 1.09883460e-07
6.31000000e+01 1.09561250e-07
6.31500000e+01 1.09240547e-07
6.32000000e+01 1.09350010e-07
6.32500000e+01 1.09031017e-07
6.33000000e+01 1.08713483e-07
6.33500000e+01 1.08819417e-07
6.34000000e+01 1.08503570e-07
6.34500000e+01 1.09324200e-07
6.35000000e+01 1.09423270e-07
6.35500000e+01 1.09107240e-07
6.36000000e+01 1.08792647e-07
6.36500000e+01 1.08479497e-07
6.37000000e+01 1.08575493e-07
6.37500000e+01 1.08263990e-07
6.38000000e+01 1.07953900e-07
6.38500000e+01 1.08046650e-07
6.39000000e+01 1.07738197e-07
6.39500000e+01 1.07431137e-07
6.40000000e+01 1.07125443e-07
6.40500000e+01 1.07215277e-07
6.41000000e+01 1.06911190e-07
6.41500000e+01 1.07709047e-07
6.42000000e+01 1.07792567e-07
6.42500000e+01 1.07488303e-07
6.43000000e+01 1.07185383e-07
6.43500000e+01 1.06883817e-07
6.44000000e+01 1.06964617e-07
6.44500000e+01 1.06664627e-07
6.45000000e+01 1.06365953e-07
6.45500000e+01 1.06443853e-07
6.46000000e+01 1.06146757e-07
6.46500000e+01 1.05850943e-07
6.47000000e+01 1.05556430e-07
6.47500000e+01 1.05631763e-07
6.48000000e+01 1.05338770e-07
6.48500000e+01 1.06115317e-07
6.49000000e+01 1.06184817e-07
6.49500000e+01 1.05891653e-07
6.50000000e+01 1.05599760e-07
6.50500000e+01 1.05309130e-07
6.51000000e+01 1.05376243e-07
6.51500000e+01 1.05087120e-07
6.52000000e+01 1.04799240e-07
6.52500000e+01 1.04863753e-07
6.53000000e+01 1.04577370e-07
6.53500000e+01 1.04292197e-07
6.54000000e+01 1.04008240e-07
6.54500000e+01 1.04070500e-07
6.55000000e+01 1.03788000e-07
6.55500000e+01 1.03506710e-07
6.56000000e+01 1.04261613e-07
6.56500000e+01 1.04318743e-07
6.57000000e+01 1.04037270e-07
6.57500000e+01 1.03756977e-07
6.58000000e+01 1.03811750e-07
6.58500000e+01 1.03532900e-07
6.59000000e+01 1.03255220e-07
6.59500000e+01 1.02978700e-07
6.60000000e+01 1.03031407e-07
6.60500000e+01 1.02756313e-07
6.61000000e+01 1.02482343e-07
6.61500000e+01 1.02209513e-07
6.62000000e+01 1.02260237e-07
6.62500000e+01 1.01988800e-07
6.63000000e+01 1.01718483e-07
6.63500000e+01 1.02770713e-07
6.64000000e+01 1.02499097e-07
6.64500000e+01 1.02228610e-07
6.65000000e+01 1.01959220e-07
6.65500000e+01 1.02003107e-07
6.66000000e+01 1.01735080e-07
6.66500000e+01 1.01468150e-07
6.67000000e+01 1.01202317e-07
6.67500000e+01 1.01244407e-07
6.68000000e+01 1.00979903e-07
6.68500000e+01 1.00716477e-07
6.69000000e+01 1.00756537e-07
6.69500000e+01 1.00494447e-07
6.70000000e+01 1.00233413e-07
6.70500000e+01 9.99734187e-08
6.71000000e+01 1.00011760e-07
6.71500000e+01 1.00724977e-07
6.72000000e+01 1.00464807e-07
6.72500000e+01 1.00205664e-07
6.73000000e+01 1.00239758e-07
6.73500000e+01 9.99819320e-08
6.74000000e+01 9.97251343e-08
6.74500000e+01 9.94693480e-08
6.75000000e+01 9.95018533e-08
6.75500000e+01 9.92473473e-08
6.76000000e+01 9.89938520e-08
6.76500000e+01 9.90245517e-08
6.77000000e+01 9.87723137e-08
6.77500000e+01 9.85210703e-08
6.78000000e+01 9.82708163e-08
6.78500000e+01 9.83000130e-08
6.79000000e+01 9.80510013e-08
6.79500000e+01 9.87449743e-08
6.80000000e+01 9.84955060e-08
6.80500000e+01 9.85207770e-08
6.81000000e+01 9.82725630e-08
6.81500000e+01 9.80252993e-08
6.82000000e+01 9.77789917e-08
6.82500000e+01 9.78028697e-08
6.83000000e+01 9.75577927e-08
6.83500000e+01 9.73136493e-08
6.84000000e+01 9.70704497e-08
6.84500000e+01 9.70929823e-08
6.85000000e+01 9.68509843e-08
6.85500000e+01 9.66099110e-08
6.86000000e+01 9.66308393e-08
6.86500000e+01 9.63909543e-08
6.87000000e+01 9.61519960e-08
6.87500000e+01 9.59139363e-08
6.88000000e+01 9.68451920e-08
6.88500000e+01 9.66060397e-08
6.89000000e+01 9.63677970e-08
6.89500000e+01 9.61304443e-08
6.90000000e+01 9.61465347e-08
6.90500000e+01 9.59103470e-08
6.91000000e+01 9.56750460e-08
6.91500000e+01 9.54406413e-08
6.92000000e+01 9.54555460e-08
6.92500000e+01 9.52222850e-08
6.93000000e+01 9.49898867e-08
6.93500000e+01 9.47583773e-08
6.94000000e+01 9.47721293e-08
6.94500000e+01 9.45417283e-08
6.95000000e+01 9.43121893e-08
6.95500000e+01 9.40835007e-08
6.96000000e+01 9.40961337e-08
6.96500000e+01 9.47517190e-08
6.97000000e+01 9.45228303e-08
6.97500000e+01 9.42947897e-08
6.98000000e+01 9.43041410e-08
6.98500000e+01 9.40772040e-08
6.99000000e+01 9.38511047e-08
6.99500000e+01 9.36258330e-08
7.00000000e+01 9.36341313e-08
7.00500000e+01 9.34099580e-08
7.01000000e+01 9.31865933e-08
7.01500000e+01 9.29640483e-08
7.02000000e+01 9.29713310e-08
7.02500000e+01 9.27498597e-08
7.03000000e+01 9.25291970e-08
7.03500000e+01 9.23093247e-08
7.04000000e+01 9.23156290e-08
7.04500000e+01 9.20968113e-08
7.05000000e+01 9.27352290e-08
7.05500000e+01 9.25159610e-08
7.06000000e+01 9.25192130e-08
7.06500000e+01 9.23009837e-08
7.07000000e+01 9.20835490e-08
7.07500000e+01 9.18668920e-08
7.08000000e+01 9.18692403e-08
7.08500000e+01 9.16536107e-08
7.09000000e+01 9.14387543e-08
7.09500000e+01 9.12246633e-08
7.10000000e+01 9.12261367e-08
7.10500000e+01 9.10130627e-08
7.11000000e+01 9.08007490e-08
7.11500000e+01 9.05891803e-08
7.12000000e+01 9.05898060e-08
7.12500000e+01 9.03792447e-08
7.13000000e+01 9.01694247e-08
7.13500000e+01 8.99603490e-08
7.14000000e+01 9.07894553e-08
7.14500000e+01 9.05794417e-08
7.15000000e+01 9.03701553e-08
7.15500000e+01 9.01616017e-08
7.16000000e+01 9.01586040e-08
7.16500000e+01 8.99510477e-08
7.17000000e+01 8.97442110e-08
7.17500000e+01 8.95380880e-08
7.18000000e+01 8.95343233e-08
7.18500000e+01 8.93291730e-08
7.19000000e+01 8.91247463e-08
7.19500000e+01 8.89210203e-08
7.20000000e+01 8.87179980e-08
7.20500000e+01 8.87137333e-08
7.21000000e+01 8.85116703e-08
7.21500000e+01 8.83103030e-08
7.22000000e+01 8.81096260e-08
7.22500000e+01 8.81046333e-08
7.23000000e+01 8.79048880e-08
7.23500000e+01 8.85079137e-08
7.24000000e+01 8.83077177e-08
7.24500000e+01 8.83001467e-08
7.25000000e+01 8.81008797e-08
7.25500000e+01 8.79022980e-08
7.26000000e+01 8.77043917e-08
7.26500000e+01 8.76961597e-08
7.27000000e+01 8.74991663e-08
7.27500000e+01 8.73028403e-08
7.28000000e+01 8.71071840e-08
7.28500000e+01 8.70983107e-08
7.29000000e+01 8.69035617e-08
7.29500000e+01 8.67094687e-08
7.30000000e+01 8.65160333e-08
7.30500000e+01 8.63232623e-08
7.31000000e+01 8.63139877e-08
7.31500000e+01 8.61220907e-08
7.32000000e+01 8.59308357e-08
7.32500000e+01 8.57402257e-08
7.33000000e+01 8.65068403e-08
7.33500000e+01 8.63153733e-08
7.34000000e+01 8.61245440e-08
7.34500000e+01 8.59343483e-08
7.35000000e+01 8.59221203e-08
7.35500000e+01 8.57328033e-08
7.36000000e+01 8.55441130e-08
7.36500000e+01 8.53560467e-08
7.37000000e+01 8.51686073e-08
7.37500000e+01 8.51560490e-08
7.38000000e+01 8.49694643e-08
7.38500000e+01 8.47834957e-08
7.39000000e+01 8.45981423e-08
7.39500000e+01 8.45850407e-08
7.40000000e+01 8.44005363e-08
7.40500000e+01 8.42166293e-08
7.41000000e+01 8.40333297e-08
7.41500000e+01 8.40196877e-08
7.42000000e+01 8.38372173e-08
7.42500000e+01 8.36553480e-08
7.43000000e+01 8.42249373e-08
7.43500000e+01 8.40426153e-08
7.44000000e+01 8.40270193e-08
7.44500000e+01 8.38455270e-08
7.45000000e+01 8.36646153e-08
7.45500000e+01 8.34842893e-08
7.46000000e+01 8.34682123e-08
7.46500000e+01 8.32886977e-08
7.47000000e+01 8.31097727e-08
7.47500000e+01 8.29314240e-08
7.48000000e+01 8.29148770e-08
7.48500000e+01 8.27373267e-08
7.49000000e+01 8.25603590e-08
7.49500000e+01 8.23839503e-08
7.50000000e+01 8.22081113e-08
7.50500000e+01 8.21913253e-08
7.51000000e+01 8.20162700e-08
7.51500000e+01 8.18417793e-08
7.52000000e+01 8.16678443e-08
7.52500000e+01 8.16506180e-08
7.53000000e+01 8.14774550e-08
7.53500000e+01 8.20301103e-08
7.54000000e+01 8.18565050e-08
7.54500000e+01 8.16834440e-08
7.55000000e+01 8.16644353e-08
7.55500000e+01 8.14921463e-08
7.56000000e+01 8.13204113e-08
7.56500000e+01 8.11492117e-08
7.57000000e+01 8.11298030e-08
7.57500000e+01 8.09593597e-08
7.58000000e+01 8.07894673e-08
7.58500000e+01 8.06201033e-08
7.59000000e+01 8.04512733e-08
7.59500000e+01 8.04316843e-08
7.60000000e+01 8.02635960e-08
7.60500000e+01 8.00960327e-08
7.61000000e+01 7.99290020e-08
7.61500000e+01 7.99090353e-08
7.62000000e+01 7.97427310e-08
7.62500000e+01 7.95769537e-08
7.63000000e+01 7.94116960e-08
7.63500000e+01 7.92469390e-08
7.64000000e+01 7.99280930e-08
7.64500000e+01 7.97625967e-08
7.65000000e+01 7.95976120e-08
7.65500000e+01 7.94331467e-08
7.66000000e+01 7.94111847e-08
7.66500000e+01 7.92474303e-08
7.67000000e+01 7.90841837e-08
7.67500000e+01 7.89214553e-08
7.68000000e+01 7.87592140e-08
7.68500000e+01 7.87371277e-08
7.69000000e+01 7.85755940e-08
7.69500000e+01 7.84145547e-08
7.70000000e+01 7.82540170e-08
7.70500000e+01 7.80939643e-08
7.71000000e+01 7.80717603e-08
7.71500000e+01 7.79124017e-08
7.72000000e+01 7.77535433e-08
7.72500000e+01 7.75951570e-08
7.73000000e+01 7.75726400e-08
7.73500000e+01 7.74149383e-08
7.74000000e+01 7.72577140e-08
7.74500000e+01 7.77797993e-08
7.75000000e+01 7.76221420e-08
7.75500000e+01 7.75981097e-08
7.76000000e+01 7.74411337e-08
7.76500000e+01 7.72846400e-08
7.77000000e+01 7.71286113e-08
7.77500000e+01 7.69730507e-08
7.78000000e+01 7.69489407e-08
7.78500000e+01 7.67940487e-08
7.79000000e+01 7.66396303e-08
7.79500000e+01 7.64856683e-08
7.80000000e+01 7.64612827e-08
7.80500000e+01 7.63079850e-08
7.81000000e+01 7.61551493e-08
7.81500000e+01 7.60027687e-08
7.82000000e+01 7.58508400e-08
7.82500000e+01 7.58263863e-08
7.83000000e+01 7.56751053e-08
7.83500000e+01 7.55242727e-08
7.84000000e+01 7.53738963e-08
7.84500000e+01 7.52239603e-08
7.85000000e+01 7.51994443e-08
7.85500000e+01 7.50501433e-08
7.86000000e+01 7.55563797e-08
7.86500000e+01 7.54066527e-08
7.87000000e+01 7.52573663e-08
7.87500000e+01 7.52314633e-08
7.88000000e+01 7.50828133e-08
7.88500000e+01 7.49346050e-08
7.89000000e+01 7.47868300e-08
7.89500000e+01 7.47606980e-08
7.90000000e+01 7.46135463e-08
7.90500000e+01 7.44668350e-08
7.91000000e+01 7.43205460e-08
7.91500000e+01 7.41746870e-08
7.92000000e+01 7.41485200e-08
7.92500000e+01 7.40032740e-08
7.93000000e+01 7.38584550e-08
7.93500000e+01 7.37140553e-08
7.94000000e+01 7.35700757e-08
7.94500000e+01 7.35438830e-08
7.95000000e+01 7.34005143e-08
7.95500000e+01 7.32575550e-08
7.96000000e+01 7.31150110e-08
7.96500000e+01 7.29728750e-08
7.97000000e+01 7.29466573e-08
7.97500000e+01 7.34379960e-08
7.98000000e+01 7.32956240e-08
7.98500000e+01 7.31536653e-08
7.99000000e+01 7.30121137e-08
7.99500000e+01 7.29846327e-08
8.00000000e+01 7.28436787e-08
