-2.00000000e+01 2.49035277e-08
-1.99500000e+01 2.50241277e-08
-1.99000000e+01 2.51456980e-08
-1.98500000e+01 2.52682453e-08
-1.98000000e+01 2.53917880e-08
-1.97500000e+01 2.55163317e-08
-1.97000000e+01 2.56418930e-08
-1.96500000e+01 2.57684773e-08
-1.96000000e+01 2.58961023e-08
-1.95500000e+01 2.60247810e-08
-1.95000000e+01 2.61545210e-08
-1.94500000e+01 2.62853390e-08
-1.94000000e+01 2.64172433e-08
-1.93500000e+01 2.65502553e-08
-1.93000000e+01 2.66843803e-08
-1.92500000e+01 2.68196380e-08
-1.92000000e+01 2.69560360e-08
-1.91500000e+01 2.70935923e-08
-1.91000000e+01 2.72323230e-08
-1.90500000e+01 2.73722373e-08
-1.90000000e+01 2.75133547e-08
-1.89500000e+01 2.76556833e-08
-1.89000000e+01 2.77992490e-08
-1.88500000e+01 2.79440607e-08
-1.88000000e+01 2.80901323e-08
-1.87500000e+01 2.82374843e-08
-1.87000000e+01 2.83861263e-08
-1.86500000e+01 2.85360857e-08
-1.86000000e+01 2.86873693e-08
-1.85500000e+01 2.88400013e-08
-1.85000000e+01 2.89939923e-08
-1.84500000e+01 2.91493647e-08
-1.84000000e+01 2.93061377e-08
-1.83500000e+01 2.94643247e-08
-1.83000000e+01 2.96239493e-08
-1.82500000e+01 2.97850230e-08
-1.82000000e+01 2.99475760e-08
-1.81500000e+01 3.01116190e-08
-1.81000000e+01 3.02771787e-08
-1.80500000e+01 3.04442707e-08
-1.80000000e+01 3.06129123e-08
-1.79500000e+01 3.07831357e-08
-1.79000000e+01 3.09549523e-08
-1.78500000e+01 3.11283910e-08
-1.78000000e+01 3.13034667e-08
-1.77500000e+01 3.14802073e-08
-1.77000000e+01 3.16586383e-08
-1.76500000e+01 3.18387757e-08
-1.76000000e+01 3.20206500e-08
-1.75500000e+01 3.22042783e-08
-1.75000000e+01 3.23896967e-08
-1.74500000e+01 3.25769203e-08
-1.74000000e+01 3.27659827e-08
-1.73500000e+01 3.29569017e-08
-1.73000000e+01 3.31497107e-08
-1.72500000e+01 3.33444377e-08
-1.72000000e+01 3.35411050e-08
-1.71500000e+01 3.37397470e-08
-1.71000000e+01 3.39403833e-08
-1.70500000e+01 3.41430573e-08
-1.70000000e+01 3.43477913e-08
-1.69500000e+01 3.45546147e-08
-1.69000000e+01 3.47635600e-08
-1.68500000e+01 3.49746620e-08
-1.68000000e+01 3.51879480e-08
-1.67500000e+01 3.54034587e-08
-1.67000000e+01 3.56212203e-08
-1.66500000e+01 3.58412747e-08
-1.66000000e+01 3.60636533e-08
-1.65500000e+01 3.62883920e-08
-1.65000000e+01 3.65155307e-08
-1.64500000e+01 3.67450993e-08
-1.64000000e+01 3.69771480e-08
-1.63500000e+01 3.72117050e-08
-1.63000000e+01 3.74488200e-08
-1.62500000e+01 3.76885283e-08
-1.62000000e+01 3.79308687e-08
-1.61500000e+01 3.81758950e-08
-1.61000000e+01 3.84236377e-08
-1.60500000e+01 3.86741523e-08
-1.60000000e+01 3.89274753e-08
-1.59500000e+01 3.91836613e-08
-1.59000000e+01 3.94427553e-08
-1.58500000e+01 3.97048033e-08
-1.58000000e+01 3.99698600e-08
-1.57500000e+01 4.02379663e-08
-1.57000000e+01 4.05091907e-08
-1.56500000e+01 4.07835710e-08
-1.56000000e+01 4.10611730e-08
-1.55500000e+01 4.13420453e-08
-1.55000000e+01 4.16262473e-08
-1.54500000e+01 4.19138400e-08
-1.54000000e+01 4.22048790e-08
-1.53500000e+01 4.24994307e-08
-1.53000000e+01 4.27975480e-08
-1.52500000e+01 4.30993090e-08
-1.52000000e+01 4.34047667e-08
-1.51500000e+01 4.37140000e-08
-1.51000000e+01 4.40270710e-08
-1.50500000e+01 4.43440467e-08
-1.50000000e+01 4.46650123e-08
-1.49500000e+01 4.49900273e-08
-1.49000000e+01 4.53191810e-08
-1.48500000e+01 4.56525393e-08
-1.48000000e+01 4.59901937e-08
-1.47500000e+01 4.63322210e-08
-1.47000000e+01 4.66787040e-08
-1.46500000e+01 4.70297337e-08
-1.46000000e+01 4.73853887e-08
-1.45500000e+01 4.77457750e-08
-1.45000000e+01 4.81109723e-08
-1.44500000e+01 4.84810893e-08
-1.44000000e+01 4.88562160e-08
-1.43500000e+01 4.92364500e-08
-1.43000000e+01 4.96219097e-08
-1.42500000e+01 5.00126843e-08
-1.42000000e+01 5.04088993e-08
-1.41500000e+01 5.08106530e-08
-1.41000000e+01 5.12180733e-08
-1.40500000e+01 5.16312730e-08
-1.40000000e+01 5.20503790e-08
-1.39500000e+01 5.24755153e-08
-1.39000000e+01 5.29068000e-08
-1.38500000e+01 5.33443910e-08
-1.38000000e+01 5.37884027e-08
-1.37500000e+01 5.42389930e-08
-1.37000000e+01 5.46962950e-08
-1.36500000e+01 5.51604640e-08
-1.36000000e+01 5.56316573e-08
-1.35500000e+01 5.61100277e-08
-1.35000000e+01 5.65957467e-08
-1.34500000e+01 5.70889677e-08
-1.34000000e+01 5.75898867e-08
-1.33500000e+01 5.80986633e-08
-1.33000000e+01 5.86155010e-08
-1.32500000e+01 5.91405790e-08
-1.32000000e+01 5.96740893e-08
-1.31500000e+01 6.02162553e-08
-1.31000000e+01 6.07672640e-08
-1.30500000e+01 6.13273527e-08
-1.30000000e+01 6.18967260e-08
-1.29500000e+01 6.24756323e-08
-1.29000000e+01 6.30643063e-08
-1.28500000e+01 6.36629903e-08
-1.28000000e+01 6.42719477e-08
-1.27500000e+01 6.48914233e-08
-1.27000000e+01 6.55217273e-08
-1.26500000e+01 6.61631073e-08
-1.26000000e+01 6.68158837e-08
-1.25500000e+01 6.74803470e-08
-1.25000000e+01 6.81568020e-08
-1.24500000e+01 6.88456030e-08
-1.24000000e+01 6.95470580e-08
-1.23500000e+01 7.02615413e-08
-1.23000000e+01 7.09893900e-08
-1.22500000e+01 7.17310220e-08
-1.22000000e+01 7.24867840e-08
-1.21500000e+01 7.32571170e-08
-1.21000000e+01 7.40424230e-08
-1.20500000e+01 7.48431460e-08
-1.20000000e+01 7.56597527e-08
-1.19500000e+01 7.64926890e-08
-1.19000000e+01 7.73424887e-08
-1.18500000e+01 7.82096160e-08
-1.18000000e+01 7.90946580e-08
-1.17500000e+01 7.99981310e-08
-1.17000000e+01 8.09206260e-08
-1.16500000e+01 8.18627567e-08
-1.16000000e+01 8.28251270e-08
-1.15500000e+01 8.38084303e-08
-1.15000000e+01 8.48133060e-08
-1.14500000e+01 8.58405213e-08
-1.14000000e+01 8.68907813e-08
-1.13500000e+01 8.79648780e-08
-1.13000000e+01 8.90636390e-08
-1.12500000e+01 9.01878903e-08
-1.12000000e+01 9.13385640e-08
-1.11500000e+01 9.25165420e-08
-1.11000000e+01 9.37228653e-08
-1.10500000e+01 9.49585060e-08
-1.10000000e+01 9.62245637e-08
-1.09500000e+01 9.75221703e-08
-1.09000000e+01 9.88524817e-08
-1.08500000e+01 1.00216782e-07
-1.08000000e+01 1.01616329e-07
-1.07500000e+01 1.03052557e-07
-1.07000000e+01 1.04526840e-07
-1.06500000e+01 1.06040763e-07
-1.06000000e+01 1.07595897e-07
-1.05500000e+01 1.09193917e-07
-1.05000000e+01 1.10836643e-07
-1.04500000e+01 1.12525900e-07
-1.04000000e+01 1.14263750e-07
-1.03500000e+01 1.16052197e-07
-1.03000000e+01 1.17893550e-07
-1.02500000e+01 1.19790093e-07
-1.02000000e+01 1.21744337e-07
-1.01500000e+01 1.23758933e-07
-1.01000000e+01 1.25836633e-07
-1.00500000e+01 1.27980483e-07
-1.00000000e+01 1.30193527e-07
-9.95000000e+00 1.32479253e-07
-9.90000000e+00 1.34841133e-07
-9.85000000e+00 1.37283000e-07
-9.80000000e+00 1.39808943e-07
-9.75000000e+00 1.42423227e-07
-9.70000000e+00 1.45130577e-07
-9.65000000e+00 1.47935830e-07
-9.60000000e+00 1.50844407e-07
-9.55000000e+00 1.53861887e-07
-9.50000000e+00 1.56994417e-07
-9.45000000e+00 1.60248553e-07
-9.40000000e+00 1.63631267e-07
-9.35000000e+00 1.67150250e-07
-9.30000000e+00 1.70813533e-07
-9.25000000e+00 1.74630107e-07
-9.20000000e+00 1.78609347e-07
-9.15000000e+00 1.82761657e-07
-9.10000000e+00 1.87098203e-07
-9.05000000e+00 1.91631087e-07
-9.00000000e+00 1.96373577e-07
-8.95000000e+00 2.01339890e-07
-8.90000000e+00 2.06545880e-07
-8.85000000e+00 2.12008407e-07
-8.80000000e+00 2.17746380e-07
-8.75000000e+00 2.23780143e-07
-8.70000000e+00 2.30132243e-07
-8.65000000e+00 2.36827440e-07
-8.60000000e+00 2.43892823e-07
-8.55000000e+00 2.51358740e-07
-8.50000000e+00 2.59258107e-07
-8.45000000e+00 2.67628180e-07
-8.40000000e+00 2.76509623e-07
-8.35000000e+00 2.85948127e-07
-8.30000000e+00 2.95994620e-07
-8.25000000e+00 3.06705757e-07
-8.20000000e+00 3.18145580e-07
-8.15000000e+00 3.30385237e-07
-8.10000000e+00 3.43505797e-07
-8.05000000e+00 3.57597793e-07
-8.00000000e+00 3.72764193e-07
-7.95000000e+00 3.89121653e-07
-7.90000000e+00 4.06802313e-07
-7.85000000e+00 4.25957213e-07
-7.80000000e+00 4.46757407e-07
-7.75000000e+00 4.69399667e-07
-7.70000000e+00 4.94106970e-07
-7.65000000e+00 5.21135260e-07
-7.60000000e+00 5.50776063e-07
-7.55000000e+00 5.83360773e-07
-7.50000000e+00 6.19266027e-07
-7.45000000e+00 6.58914167e-07
-7.40000000e+00 7.02777650e-07
-7.35000000e+00 7.51371330e-07
-7.30000000e+00 8.05248817e-07
-7.25000000e+00 8.64977650e-07
-7.20000000e+00 9.31108830e-07
-7.15000000e+00 1.00412163e-06
-7.10000000e+00 1.08434258e-06
-7.05000000e+00 1.17184697e-06
-7.00000000e+00 1.26632673e-06
-6.95000000e+00 1.36698357e-06
-6.90000000e+00 1.47243997e-06
-6.85000000e+00 1.58075737e-06
-6.80000000e+00 1.68956790e-06
-6.75000000e+00 1.79632470e-06
-6.70000000e+00 1.89862817e-06
-6.65000000e+00 1.99450493e-06
-6.60000000e+00 2.08262457e-06
-6.55000000e+00 2.16235057e-06
-6.50000000e+00 2.23371063e-06
-6.45000000e+00 2.29723843e-06
-6.40000000e+00 2.35375467e-06
-6.35000000e+00 2.40414897e-06
-6.30000000e+00 2.44920947e-06
-6.25000000e+00 2.48956117e-06
-6.20000000e+00 2.52563197e-06
-6.15000000e+00 2.55766130e-06
-6.10000000e+00 2.58569730e-06
-6.05000000e+00 2.60963873e-06
-6.00000000e+00 2.62929760e-06
-5.95000000e+00 2.64444133e-06
-5.90000000e+00 2.65479293e-06
-5.85000000e+00 2.65997097e-06
-5.80000000e+00 2.65946480e-06
-5.75000000e+00 2.65265223e-06
-5.70000000e+00 2.63890030e-06
-5.65000000e+00 2.61770747e-06
-5.60000000e+00 2.58885783e-06
-5.55000000e+00 2.55255387e-06
-5.50000000e+00 2.50947670e-06
-5.45000000e+00 2.46074723e-06
-5.40000000e+00 2.40779980e-06
-5.35000000e+00 2.35221520e-06
-5.30000000e+00 2.29557223e-06
-5.25000000e+00 2.23932927e-06
-5.20000000e+00 2.18473787e-06
-5.15000000e+00 2.13279117e-06
-5.10000000e+00 2.08419930e-06
-5.05000000e+00 2.03940733e-06
-5.00000000e+00 1.99863970e-06
-4.95000000e+00 1.96197973e-06
-4.90000000e+00 1.92947773e-06
-4.85000000e+00 1.90125687e-06
-4.80000000e+00 1.87757283e-06
-4.75000000e+00 1.85876807e-06
-4.70000000e+00 1.84513703e-06
-4.65000000e+00 1.83676127e-06
-4.60000000e+00 1.83339777e-06
-4.55000000e+00 1.83446820e-06
-4.50000000e+00 1.83914127e-06
-4.45000000e+00 1.84644797e-06
-4.40000000e+00 1.85537233e-06
-4.35000000e+00 1.86488767e-06
-4.30000000e+00 1.87395977e-06
-4.25000000e+00 1.88155540e-06
-4.20000000e+00 1.88668287e-06
-4.15000000e+00 1.88847650e-06
-4.10000000e+00 1.88629237e-06
-4.05000000e+00 1.87981987e-06
-4.00000000e+00 1.86916833e-06
-3.95000000e+00 1.85491683e-06
-3.90000000e+00 1.83808577e-06
-3.85000000e+00 1.82001970e-06
-3.80000000e+00 1.80220853e-06
-3.75000000e+00 1.78608583e-06
-3.70000000e+00 1.77287533e-06
-3.65000000e+00 1.76348623e-06
-3.60000000e+00 1.75847410e-06
-3.55000000e+00 1.75802910e-06
-3.50000000e+00 1.76198510e-06
-3.45000000e+00 1.76984490e-06
-3.40000000e+00 1.78083127e-06
-3.35000000e+00 1.79398660e-06
-3.30000000e+00 1.80829733e-06
-3.25000000e+00 1.82283883e-06
-3.20000000e+00 1.83688110e-06
-3.15000000e+00 1.84993577e-06
-3.10000000e+00 1.86173087e-06
-3.05000000e+00 1.87213743e-06
-3.00000000e+00 1.88108490e-06
-2.95000000e+00 1.88850287e-06
-2.90000000e+00 1.89429770e-06
-2.85000000e+00 1.89837303e-06
-2.80000000e+00 1.90066797e-06
-2.75000000e+00 1.90120597e-06
-2.70000000e+00 1.90013283e-06
-2.65000000e+00 1.89773033e-06
-2.60000000e+00 1.89440363e-06
-2.55000000e+00 1.89063347e-06
-2.50000000e+00 1.88691753e-06
-2.45000000e+00 1.88370793e-06
-2.40000000e+00 1.88137487e-06
-2.35000000e+00 1.88020657e-06
-2.30000000e+00 1.88044350e-06
-2.25000000e+00 1.88232940e-06
-2.20000000e+00 1.88614813e-06
-2.15000000e+00 1.89222623e-06
-2.10000000e+00 1.90089270e-06
-2.05000000e+00 1.91240810e-06
-2.00000000e+00 1.92690193e-06
-1.95000000e+00 1.94433563e-06
-1.90000000e+00 1.96452260e-06
-1.85000000e+00 1.98718910e-06
-1.80000000e+00 2.01205570e-06
-1.75000000e+00 2.03890200e-06
-1.70000000e+00 2.06758180e-06
-1.65000000e+00 2.09798890e-06
-1.60000000e+00 2.12998963e-06
-1.55000000e+00 2.16336730e-06
-1.50000000e+00 2.19781313e-06
-1.45000000e+00 2.23298103e-06
-1.40000000e+00 2.26858753e-06
-1.35000000e+00 2.30451537e-06
-1.30000000e+00 2.34086437e-06
-1.25000000e+00 2.37791837e-06
-1.20000000e+00 2.41603490e-06
-1.15000000e+00 2.45549203e-06
-1.10000000e+00 2.49635877e-06
-1.05000000e+00 2.53843403e-06
-1.00000000e+00 2.58127597e-06
-9.50000000e-01 2.62430737e-06
-9.00000000e-01 2.66694667e-06
-8.50000000e-01 2.70871110e-06
-8.00000000e-01 2.74925083e-06
-7.50000000e-01 2.78830793e-06
-7.00000000e-01 2.82563927e-06
-6.50000000e-01 2.86094847e-06
-6.00000000e-01 2.89388527e-06
-5.50000000e-01 2.92411867e-06
-5.00000000e-01 2.95145667e-06
-4.50000000e-01 2.97596703e-06
-4.00000000e-01 2.99802847e-06
-3.50000000e-01 3.01829267e-06
-3.00000000e-01 3.03755557e-06
-2.50000000e-01 3.05659333e-06
-2.00000000e-01 3.07602060e-06
-1.50000000e-01 3.09620790e-06
-1.00000000e-01 3.11728400e-06
-5.00000000e-02 3.13918913e-06
0.00000000e+00 3.16175880e-06
5.00000000e-02 3.18478230e-06
1.00000000e-01 3.20802903e-06
1.50000000e-01 3.23124563e-06
2.00000000e-01 3.25413993e-06
2.50000000e-01 3.27638747e-06
3.00000000e-01 3.29766717e-06
3.50000000e-01 3.31772803e-06
4.00000000e-01 3.33645237e-06
4.50000000e-01 3.35388873e-06
5.00000000e-01 3.37023023e-06
5.50000000e-01 3.38573970e-06
6.00000000e-01 3.40065187e-06
6.50000000e-01 3.41508563e-06
7.00000000e-01 3.42901087e-06
7.50000000e-01 3.44228107e-06
8.00000000e-01 3.45471950e-06
8.50000000e-01 3.46622387e-06
9.00000000e-01 3.47683817e-06
9.50000000e-01 3.48676680e-06
1.00000000e+00 3.49631013e-06
1.05000000e+00 3.50575883e-06
1.10000000e+00 3.51529170e-06
1.15000000e+00 3.52491867e-06
1.20000000e+00 3.53450347e-06
1.25000000e+00 3.54385047e-06
1.30000000e+00 3.55283227e-06
1.35000000e+00 3.56149217e-06
1.40000000e+00 3.57008213e-06
1.45000000e+00 3.57900760e-06
1.50000000e+00 3.58869737e-06
1.55000000e+00 3.59943783e-06
1.60000000e+00 3.61123303e-06
1.65000000e+00 3.62374237e-06
1.70000000e+00 3.63632677e-06
1.75000000e+00 3.64819547e-06
1.80000000e+00 3.65861077e-06
1.85000000e+00 3.66709320e-06
1.90000000e+00 3.67355467e-06
1.95000000e+00 3.67831813e-06
2.00000000e+00 3.68202000e-06
2.05000000e+00 3.68543230e-06
2.10000000e+00 3.68926877e-06
2.15000000e+00 3.69403340e-06
2.20000000e+00 3.69996090e-06
2.25000000e+00 3.70705393e-06
2.30000000e+00 3.71518950e-06
2.35000000e+00 3.72424597e-06
2.40000000e+00 3.73419687e-06
2.45000000e+00 3.74513253e-06
2.50000000e+00 3.75720627e-06
2.55000000e+00 3.77053400e-06
2.60000000e+00 3.78509517e-06
2.65000000e+00 3.80068737e-06
2.70000000e+00 3.81695597e-06
2.75000000e+00 3.83350510e-06
2.80000000e+00 3.85005117e-06
2.85000000e+00 3.86656073e-06
2.90000000e+00 3.88332100e-06
2.95000000e+00 3.90090067e-06
3.00000000e+00 3.92000810e-06
3.05000000e+00 3.94128183e-06
3.10000000e+00 3.96507753e-06
3.15000000e+00 3.99132400e-06
3.20000000e+00 4.01949130e-06
3.25000000e+00 4.04869887e-06
3.30000000e+00 4.07793680e-06
3.35000000e+00 4.10634577e-06
3.40000000e+00 4.13346863e-06
3.45000000e+00 4.15938857e-06
3.50000000e+00 4.18470500e-06
3.55000000e+00 4.21034370e-06
3.60000000e+00 4.23725980e-06
3.65000000e+00 4.26612377e-06
3.70000000e+00 4.29707993e-06
3.75000000e+00 4.32964997e-06
3.80000000e+00 4.36280460e-06
3.85000000e+00 4.39519053e-06
3.90000000e+00 4.42544587e-06
3.95000000e+00 4.45251307e-06
4.00000000e+00 4.47585457e-06
4.05000000e+00 4.49550017e-06
4.10000000e+00 4.51192050e-06
4.15000000e+00 4.52577177e-06
4.20000000e+00 4.53761093e-06
4.25000000e+00 4.54767540e-06
4.30000000e+00 4.55580223e-06
4.35000000e+00 4.56150750e-06
4.40000000e+00 4.56419760e-06
4.45000000e+00 4.56343370e-06
4.50000000e+00 4.55915597e-06
4.55000000e+00 4.55178207e-06
4.60000000e+00 4.54214863e-06
4.65000000e+00 4.53130530e-06
4.70000000e+00 4.52023793e-06
4.75000000e+00 4.50960353e-06
4.80000000e+00 4.49956643e-06
4.85000000e+00 4.48977433e-06
4.90000000e+00 4.47948683e-06
4.95000000e+00 4.46781887e-06
5.00000000e+00 4.45401867e-06
5.05000000e+00 4.43770763e-06
5.10000000e+00 4.41900100e-06
5.15000000e+00 4.39848160e-06
5.20000000e+00 4.37703683e-06
5.25000000e+00 4.35562270e-06
5.30000000e+00 4.33502340e-06
5.35000000e+00 4.31568127e-06
5.40000000e+00 4.29763553e-06
5.45000000e+00 4.28057657e-06
5.50000000e+00 4.26398480e-06
5.55000000e+00 4.24730973e-06
5.60000000e+00 4.23012423e-06
5.65000000e+00 4.21221150e-06
5.70000000e+00 4.19356587e-06
5.75000000e+00 4.17431927e-06
5.80000000e+00 4.15463033e-06
5.85000000e+00 4.13459260e-06
5.90000000e+00 4.11419480e-06
5.95000000e+00 4.09336247e-06
6.00000000e+00 4.07206297e-06
6.05000000e+00 4.05044060e-06
6.10000000e+00 4.02893017e-06
6.15000000e+00 4.00830080e-06
6.20000000e+00 3.98959983e-06
6.25000000e+00 3.97400253e-06
6.30000000e+00 3.96259797e-06
6.35000000e+00 3.95616377e-06
6.40000000e+00 3.95498107e-06
6.45000000e+00 3.95873677e-06
6.50000000e+00 3.96653870e-06
6.55000000e+00 3.97704670e-06
6.60000000e+00 3.98870387e-06
6.65000000e+00 4.00001537e-06
6.70000000e+00 4.00981597e-06
6.75000000e+00 4.01745273e-06
6.80000000e+00 4.02283747e-06
6.85000000e+00 4.02635857e-06
6.90000000e+00 4.02868610e-06
6.95000000e+00 4.03053553e-06
7.00000000e+00 4.03246113e-06
7.05000000e+00 4.03474067e-06
7.10000000e+00 4.03737483e-06
7.15000000e+00 4.04019277e-06
7.20000000e+00 4.04302473e-06
7.25000000e+00 4.04587677e-06
7.30000000e+00 4.04904717e-06
7.35000000e+00 4.05313963e-06
7.40000000e+00 4.05896057e-06
7.45000000e+00 4.06732943e-06
7.50000000e+00 4.07885197e-06
7.55000000e+00 4.09372060e-06
7.60000000e+00 4.11159623e-06
7.65000000e+00 4.13160537e-06
7.70000000e+00 4.15246073e-06
7.75000000e+00 4.17267963e-06
7.80000000e+00 4.19085023e-06
7.85000000e+00 4.20587537e-06
7.90000000e+00 4.21712537e-06
7.95000000e+00 4.22446100e-06
8.00000000e+00 4.22812670e-06
8.05000000e+00 4.22856260e-06
8.10000000e+00 4.22620773e-06
8.15000000e+00 4.22136443e-06
8.20000000e+00 4.21417307e-06
8.25000000e+00 4.20469863e-06
8.30000000e+00 4.19309100e-06
8.35000000e+00 4.17974863e-06
8.40000000e+00 4.16541417e-06
8.45000000e+00 4.15114903e-06
8.50000000e+00 4.13817900e-06
8.55000000e+00 4.12764330e-06
8.60000000e+00 4.12031697e-06
8.65000000e+00 4.11637937e-06
8.70000000e+00 4.11529757e-06
8.75000000e+00 4.11586453e-06
8.80000000e+00 4.11640427e-06
8.85000000e+00 4.11511047e-06
8.90000000e+00 4.11044430e-06
8.95000000e+00 4.10148673e-06
9.00000000e+00 4.08813590e-06
9.05000000e+00 4.07108590e-06
9.10000000e+00 4.05158317e-06
9.15000000e+00 4.03104360e-06
9.20000000e+00 4.01064040e-06
9.25000000e+00 3.99099073e-06
9.30000000e+00 3.97201920e-06
9.35000000e+00 3.95303643e-06
9.40000000e+00 3.93300480e-06
9.45000000e+00 3.91091110e-06
9.50000000e+00 3.88613423e-06
9.55000000e+00 3.85868307e-06
9.60000000e+00 3.82922740e-06
9.65000000e+00 3.79890707e-06
9.70000000e+00 3.76898697e-06
9.75000000e+00 3.74047030e-06
9.80000000e+00 3.71379197e-06
9.85000000e+00 3.68868170e-06
9.90000000e+00 3.66423673e-06
9.95000000e+00 3.63918290e-06
1.00000000e+01 3.61224783e-06
1.00500000e+01 3.58252573e-06
1.01000000e+01 3.54970983e-06
1.01500000e+01 3.51410663e-06
1.02000000e+01 3.47642840e-06
1.02500000e+01 3.43744020e-06
1.03000000e+01 3.39759547e-06
1.03500000e+01 3.35679063e-06
1.04000000e+01 3.31433100e-06
1.04500000e+01 3.26912453e-06
1.05000000e+01 3.22004210e-06
1.05500000e+01 3.16631380e-06
1.06000000e+01 3.10780623e-06
1.06500000e+01 3.04506503e-06
1.07000000e+01 2.97909630e-06
1.07500000e+01 2.91097157e-06
1.08000000e+01 2.84140930e-06
1.08500000e+01 2.77049107e-06
1.09000000e+01 2.69761733e-06
1.09500000e+01 2.62171843e-06
1.10000000e+01 2.54163960e-06
1.10500000e+01 2.45655027e-06
1.11000000e+01 2.36621690e-06
1.11500000e+01 2.27104923e-06
1.12000000e+01 2.17194477e-06
1.12500000e+01 2.07005083e-06
1.13000000e+01 1.96657823e-06
1.13500000e+01 1.86273150e-06
1.14000000e+01 1.75972787e-06
1.14500000e+01 1.65882210e-06
1.15000000e+01 1.56127477e-06
1.15500000e+01 1.46825533e-06
1.16000000e+01 1.38072660e-06
1.16500000e+01 1.29936040e-06
1.17000000e+01 1.22451183e-06
1.17500000e+01 1.15624777e-06
1.18000000e+01 1.09440823e-06
1.18500000e+01 1.03867737e-06
1.19000000e+01 9.88648400e-07
1.19500000e+01 9.43874890e-07
1.20000000e+01 9.03907223e-07
1.20500000e+01 8.68316103e-07
1.21000000e+01 8.36706300e-07
1.21500000e+01 8.08723407e-07
1.22000000e+01 7.84056170e-07
1.22500000e+01 7.62436223e-07
1.23000000e+01 7.43636293e-07
1.23500000e+01 7.27467787e-07
1.24000000e+01 7.13778467e-07
1.24500000e+01 7.02450077e-07
1.25000000e+01 6.93396610e-07
1.25500000e+01 6.86562830e-07
1.26000000e+01 6.81923487e-07
1.26500000e+01 6.79482983e-07
1.27000000e+01 6.79275580e-07
1.27500000e+01 6.81366007e-07
1.28000000e+01 6.85850463e-07
1.28500000e+01 6.92857753e-07
1.29000000e+01 7.02550233e-07
1.29500000e+01 7.15124237e-07
1.30000000e+01 7.30808830e-07
1.30500000e+01 7.49862217e-07
1.31000000e+01 7.72563497e-07
1.31500000e+01 7.99197840e-07
1.32000000e+01 8.30031697e-07
1.32500000e+01 8.65274930e-07
1.33000000e+01 9.05027383e-07
1.33500000e+01 9.49210513e-07
1.34000000e+01 9.97490937e-07
1.34500000e+01 1.04921330e-06
1.35000000e+01 1.10337100e-06
1.35500000e+01 1.15864763e-06
1.36000000e+01 1.21355003e-06
1.36500000e+01 1.26661630e-06
1.37000000e+01 1.31663620e-06
1.37500000e+01 1.36279627e-06
1.38000000e+01 1.40469253e-06
1.38500000e+01 1.44222350e-06
1.39000000e+01 1.47544240e-06
1.39500000e+01 1.50445947e-06
1.40000000e+01 1.52943450e-06
1.40500000e+01 1.55063313e-06
1.41000000e+01 1.56847473e-06
1.41500000e+01 1.58351087e-06
1.42000000e+01 1.59631787e-06
1.42500000e+01 1.60734373e-06
1.43000000e+01 1.61677357e-06
1.43500000e+01 1.62447247e-06
1.44000000e+01 1.63002880e-06
1.44500000e+01 1.63288023e-06
1.45000000e+01 1.63247630e-06
1.45500000e+01 1.62841577e-06
1.46000000e+01 1.62051570e-06
1.46500000e+01 1.60879870e-06
1.47000000e+01 1.59342133e-06
1.47500000e+01 1.57458750e-06
1.48000000e+01 1.55249213e-06
1.48500000e+01 1.52732003e-06
1.49000000e+01 1.49929597e-06
1.49500000e+01 1.46875807e-06
1.50000000e+01 1.43621477e-06
1.50500000e+01 1.40235630e-06
1.51000000e+01 1.36800930e-06
1.51500000e+01 1.33404923e-06
1.52000000e+01 1.30129757e-06
1.52500000e+01 1.27043400e-06
1.53000000e+01 1.24194287e-06
1.53500000e+01 1.21610067e-06
1.54000000e+01 1.19300203e-06
1.54500000e+01 1.17261137e-06
1.55000000e+01 1.15482737e-06
1.55500000e+01 1.13954370e-06
1.56000000e+01 1.12669287e-06
1.56500000e+01 1.11626443e-06
1.57000000e+01 1.10829340e-06
1.57500000e+01 1.10282357e-06
1.58000000e+01 1.09985443e-06
1.58500000e+01 1.09928363e-06
1.59000000e+01 1.10085713e-06
1.59500000e+01 1.10413870e-06
1.60000000e+01 1.10850757e-06
1.60500000e+01 1.11319260e-06
1.61000000e+01 1.11734297e-06
1.61500000e+01 1.12013027e-06
1.62000000e+01 1.12086400e-06
1.62500000e+01 1.11909633e-06
1.63000000e+01 1.11468880e-06
1.63500000e+01 1.10782573e-06
1.64000000e+01 1.09897023e-06
1.64500000e+01 1.08877970e-06
1.65000000e+01 1.07800300e-06
1.65500000e+01 1.06738450e-06
1.66000000e+01 1.05759017e-06
1.66500000e+01 1.04916284e-06
1.67000000e+01 1.04250324e-06
1.67500000e+01 1.03786995e-06
1.68000000e+01 1.03538925e-06
1.68500000e+01 1.03506808e-06
1.69000000e+01 1.03680520e-06
1.69500000e+01 1.04040006e-06
1.70000000e+01 1.04556020e-06
1.70500000e+01 1.05191209e-06
1.71000000e+01 1.05901882e-06
1.71500000e+01 1.06640856e-06
1.72000000e+01 1.07361411e-06
1.72500000e+01 1.08021857e-06
1.73000000e+01 1.08589865e-06
1.73500000e+01 1.09045489e-06
1.74000000e+01 1.09382067e-06
1.74500000e+01 1.09604676e-06
1.75000000e+01 1.09726636e-06
1.75500000e+01 1.09765112e-06
1.76000000e+01 1.09737098e-06
1.76500000e+01 1.09656614e-06
1.77000000e+01 1.09533798e-06
1.77500000e+01 1.09375714e-06
1.78000000e+01 1.09188525e-06
1.78500000e+01 1.08980146e-06
1.79000000e+01 1.08762560e-06
1.79500000e+01 1.08553310e-06
1.80000000e+01 1.08375507e-06
1.80500000e+01 1.08256433e-06
1.81000000e+01 1.08225037e-06
1.81500000e+01 1.08308807e-06
1.82000000e+01 1.08530727e-06
1.82500000e+01 1.08906947e-06
1.83000000e+01 1.09445620e-06
1.83500000e+01 1.10147157e-06
1.84000000e+01 1.11005567e-06
1.84500000e+01 1.12010760e-06
1.85000000e+01 1.13150970e-06
1.85500000e+01 1.14414857e-06
1.86000000e+01 1.15792663e-06
1.86500000e+01 1.17276310e-06
1.87000000e+01 1.18858500e-06
1.87500000e+01 1.20531400e-06
1.88000000e+01 1.22285293e-06
1.88500000e+01 1.24108167e-06
1.89000000e+01 1.25986167e-06
1.89500000e+01 1.27905233e-06
1.90000000e+01 1.29853467e-06
1.90500000e+01 1.31823460e-06
1.91000000e+01 1.33813933e-06
1.91500000e+01 1.35829890e-06
1.92000000e+01 1.37880980e-06
1.92500000e+01 1.39978230e-06
1.93000000e+01 1.42129840e-06
1.93500000e+01 1.44336903e-06
1.94000000e+01 1.46590247e-06
1.94500000e+01 1.48869073e-06
1.95000000e+01 1.51142083e-06
1.95500000e+01 1.53370843e-06
1.96000000e+01 1.55514943e-06
1.96500000e+01 1.57537677e-06
1.97000000e+01 1.59411233e-06
1.97500000e+01 1.61120047e-06
1.98000000e+01 1.62661913e-06
1.98500000e+01 1.64046793e-06
1.99000000e+01 1.65294057e-06
1.99500000e+01 1.66428927e-06
2.00000000e+01 1.67479043e-06
2.00500000e+01 1.68471813e-06
2.01000000e+01 1.69432647e-06
2.01500000e+01 1.70384080e-06
2.02000000e+01 1.71345297e-06
2.02500000e+01 1.72331770e-06
2.03000000e+01 1.73354557e-06
2.03500000e+01 1.74419213e-06
2.04000000e+01 1.75524673e-06
2.04500000e+01 1.76662420e-06
2.05000000e+01 1.77816677e-06
2.05500000e+01 1.78966033e-06
2.06000000e+01 1.80086410e-06
2.06500000e+01 1.81155117e-06
2.07000000e+01 1.82154797e-06
2.07500000e+01 1.83076390e-06
2.08000000e+01 1.83920133e-06
2.08500000e+01 1.84694360e-06
2.09000000e+01 1.85412440e-06
2.09500000e+01 1.86088713e-06
2.10000000e+01 1.86734740e-06
2.10500000e+01 1.87356837e-06
2.11000000e+01 1.87955493e-06
2.11500000e+01 1.88526720e-06
2.12000000e+01 1.89064733e-06
2.12500000e+01 1.89564917e-06
2.13000000e+01 1.90026193e-06
2.13500000e+01 1.90451840e-06
2.14000000e+01 1.90848917e-06
2.14500000e+01 1.91226620e-06
2.15000000e+01 1.91594290e-06
2.15500000e+01 1.91960090e-06
2.16000000e+01 1.92330480e-06
2.16500000e+01 1.92710667e-06
2.17000000e+01 1.93105450e-06
2.17500000e+01 1.93519847e-06
2.18000000e+01 1.93959180e-06
2.18500000e+01 1.94427963e-06
2.19000000e+01 1.94928147e-06
2.19500000e+01 1.95457103e-06
2.20000000e+01 1.96005907e-06
2.20500000e+01 1.96558977e-06
2.21000000e+01 1.97095240e-06
2.21500000e+01 1.97591043e-06
2.22000000e+01 1.98024520e-06
2.22500000e+01 1.98380163e-06
2.23000000e+01 1.98652917e-06
2.23500000e+01 1.98850223e-06
2.24000000e+01 1.98991543e-06
2.24500000e+01 1.99105387e-06
2.25000000e+01 1.99224343e-06
2.25500000e+01 1.99379733e-06
2.26000000e+01 1.99596990e-06
2.26500000e+01 1.99892890e-06
2.27000000e+01 2.00274877e-06
2.27500000e+01 2.00742007e-06
2.28000000e+01 2.01287003e-06
2.28500000e+01 2.01898407e-06
2.29000000e+01 2.02562543e-06
2.29500000e+01 2.03265207e-06
2.30000000e+01 2.03993423e-06
2.30500000e+01 2.04737167e-06
2.31000000e+01 2.05491280e-06
2.31500000e+01 2.06257277e-06
2.32000000e+01 2.07044303e-06
2.32500000e+01 2.07868703e-06
2.33000000e+01 2.08751710e-06
2.33500000e+01 2.09715380e-06
2.34000000e+01 2.10777373e-06
2.34500000e+01 2.11945717e-06
2.35000000e+01 2.13215107e-06
2.35500000e+01 2.14566113e-06
2.36000000e+01 2.15968073e-06
2.36500000e+01 2.17385347e-06
2.37000000e+01 2.18785700e-06
2.37500000e+01 2.20148720e-06
2.38000000e+01 2.21471323e-06
2.38500000e+01 2.22768463e-06
2.39000000e+01 2.24068467e-06
2.39500000e+01 2.25403957e-06
2.40000000e+01 2.26800893e-06
2.40500000e+01 2.28269057e-06
2.41000000e+01 2.29796653e-06
2.41500000e+01 2.31350717e-06
2.42000000e+01 2.32883210e-06
2.42500000e+01 2.34340977e-06
2.43000000e+01 2.35676673e-06
2.43500000e+01 2.36857237e-06
2.44000000e+01 2.37867153e-06
2.44500000e+01 2.38706510e-06
2.45000000e+01 2.39384627e-06
2.45500000e+01 2.39912520e-06
2.46000000e+01 2.40297010e-06
2.46500000e+01 2.40538710e-06
2.47000000e+01 2.40634193e-06
2.47500000e+01 2.40580343e-06
2.48000000e+01 2.40379633e-06
2.48500000e+01 2.40043050e-06
2.49000000e+01 2.39590073e-06
2.49500000e+01 2.39045343e-06
2.50000000e+01 2.38434043e-06
2.50500000e+01 2.37777090e-06
2.51000000e+01 2.37088010e-06
2.51500000e+01 2.36372237e-06
2.52000000e+01 2.35628297e-06
2.52500000e+01 2.34850400e-06
2.53000000e+01 2.34030453e-06
2.53500000e+01 2.33160160e-06
2.54000000e+01 2.32232083e-06
2.54500000e+01 2.31240990e-06
2.55000000e+01 2.30185243e-06
2.55500000e+01 2.29068997e-06
2.56000000e+01 2.27904210e-06
2.56500000e+01 2.26710783e-06
2.57000000e+01 2.25514997e-06
2.57500000e+01 2.24344940e-06
2.58000000e+01 2.23224527e-06
2.58500000e+01 2.22167580e-06
2.59000000e+01 2.21174000e-06
2.59500000e+01 2.20229647e-06
2.60000000e+01 2.19309493e-06
2.60500000e+01 2.18383830e-06
2.61000000e+01 2.17424770e-06
2.61500000e+01 2.16411740e-06
2.62000000e+01 2.15334617e-06
2.62500000e+01 2.14194010e-06
2.63000000e+01 2.13000613e-06
2.63500000e+01 2.11774120e-06
2.64000000e+01 2.10542633e-06
2.64500000e+01 2.09342537e-06
2.65000000e+01 2.08217397e-06
2.65500000e+01 2.07214830e-06
2.66000000e+01 2.06380797e-06
2.66500000e+01 2.05752673e-06
2.67000000e+01 2.05352220e-06
2.67500000e+01 2.05181323e-06
2.68000000e+01 2.05221623e-06
2.68500000e+01 2.05438200e-06
2.69000000e+01 2.05786403e-06
2.69500000e+01 2.06218757e-06
2.70000000e+01 2.06690703e-06
2.70500000e+01 2.07162873e-06
2.71000000e+01 2.07601290e-06
2.71500000e+01 2.07976960e-06
2.72000000e+01 2.08266910e-06
2.72500000e+01 2.08457373e-06
2.73000000e+01 2.08547733e-06
2.73500000e+01 2.08552883e-06
2.74000000e+01 2.08501690e-06
2.74500000e+01 2.08431057e-06
2.75000000e+01 2.08377687e-06
2.75500000e+01 2.08370677e-06
2.76000000e+01 2.08428290e-06
2.76500000e+01 2.08559617e-06
2.77000000e+01 2.08770197e-06
2.77500000e+01 2.09067187e-06
2.78000000e+01 2.09461767e-06
2.78500000e+01 2.09965940e-06
2.79000000e+01 2.10585917e-06
2.79500000e+01 2.11314827e-06
2.80000000e+01 2.12128747e-06
2.80500000e+01 2.12988543e-06
2.81000000e+01 2.13846047e-06
2.81500000e+01 2.14652980e-06
2.82000000e+01 2.15367290e-06
2.82500000e+01 2.15955973e-06
2.83000000e+01 2.16393300e-06
2.83500000e+01 2.16657717e-06
2.84000000e+01 2.16730197e-06
2.84500000e+01 2.16596310e-06
2.85000000e+01 2.16251580e-06
2.85500000e+01 2.15707510e-06
2.86000000e+01 2.14995450e-06
2.86500000e+01 2.14165193e-06
2.87000000e+01 2.13279187e-06
2.87500000e+01 2.12402607e-06
2.88000000e+01 2.11593233e-06
2.88500000e+01 2.10892547e-06
2.89000000e+01 2.10320670e-06
2.89500000e+01 2.09875500e-06
2.90000000e+01 2.09535037e-06
2.90500000e+01 2.09263170e-06
2.91000000e+01 2.09015377e-06
2.91500000e+01 2.08745207e-06
2.92000000e+01 2.08409233e-06
2.92500000e+01 2.07972027e-06
2.93000000e+01 2.07409873e-06
2.93500000e+01 2.06713057e-06
2.94000000e+01 2.05885970e-06
2.94500000e+01 2.04943757e-06
2.95000000e+01 2.03907743e-06
2.95500000e+01 2.02799230e-06
2.96000000e+01 2.01635730e-06
2.96500000e+01 2.00428083e-06
2.97000000e+01 1.99180213e-06
2.97500000e+01 1.97890200e-06
2.98000000e+01 1.96553110e-06
2.98500000e+01 1.95165253e-06
2.99000000e+01 1.93727957e-06
2.99500000e+01 1.92250343e-06
3.00000000e+01 1.90746950e-06
3.00500000e+01 1.89233020e-06
3.01000000e+01 1.87718560e-06
3.01500000e+01 1.86205377e-06
3.02000000e+01 1.84687593e-06
3.02500000e+01 1.83154827e-06
3.03000000e+01 1.81596630e-06
3.03500000e+01 1.80003980e-06
3.04000000e+01 1.78369407e-06
3.04500000e+01 1.76684287e-06
3.05000000e+01 1.74936277e-06
3.05500000e+01 1.73108467e-06
3.06000000e+01 1.71180587e-06
3.06500000e+01 1.69133167e-06
3.07000000e+01 1.66950090e-06
3.07500000e+01 1.64620883e-06
3.08000000e+01 1.62140110e-06
3.08500000e+01 1.59506283e-06
3.09000000e+01 1.56720983e-06
3.09500000e+01 1.53787197e-06
3.10000000e+01 1.50709550e-06
3.10500000e+01 1.47492830e-06
3.11000000e+01 1.44142087e-06
3.11500000e+01 1.40660347e-06
3.12000000e+01 1.37046610e-06
3.12500000e+01 1.33294207e-06
3.13000000e+01 1.29389723e-06
3.13500000e+01 1.25315300e-06
3.14000000e+01 1.21051350e-06
3.14500000e+01 1.15316503e-06
3.15000000e+01 1.10117187e-06
3.15500000e+01 1.05460590e-06
3.16000000e+01 1.01359015e-06
3.16500000e+01 9.74255433e-07
3.17000000e+01 9.39689697e-07
3.17500000e+01 9.03113877e-07
3.18000000e+01 8.75001750e-07
3.18500000e+01 8.50271190e-07
3.19000000e+01 8.18800840e-07
3.19500000e+01 8.09927797e-07
3.20000000e+01 7.92567397e-07
3.20500000e+01 7.66785433e-07
3.21000000e+01 7.52614287e-07
3.21500000e+01 7.39731463e-07
3.22000000e+01 7.17444607e-07
3.22500000e+01 7.06852397e-07
3.23000000e+01 6.97084857e-07
3.23500000e+01 6.77660820e-07
3.24000000e+01 6.69549247e-07
3.24500000e+01 6.61965867e-07
3.25000000e+01 6.56945070e-07
3.25500000e+01 6.50278027e-07
3.26000000e+01 6.43960770e-07
3.26500000e+01 6.28995010e-07
3.27000000e+01 6.23571733e-07
3.27500000e+01 6.18380900e-07
3.28000000e+01 6.04916837e-07
3.28500000e+01 6.00414903e-07
3.29000000e+01 5.87783600e-07
3.29500000e+01 5.83864040e-07
3.30000000e+01 5.80055440e-07
3.30500000e+01 5.78853867e-07
3.31000000e+01 5.75258053e-07
3.31500000e+01 5.64479350e-07
3.32000000e+01 5.61282553e-07
3.32500000e+01 5.58143900e-07
3.33000000e+01 5.48225050e-07
3.33500000e+01 5.45410940e-07
3.34000000e+01 5.35992337e-07
3.34500000e+01 5.33460007e-07
3.35000000e+01 5.30949377e-07
3.35500000e+01 5.22215510e-07
3.36000000e+01 5.19938413e-07
3.36500000e+01 5.20337100e-07
3.37000000e+01 5.18085887e-07
3.37500000e+01 5.15844050e-07
3.38000000e+01 5.08076513e-07
3.38500000e+01 5.06013647e-07
3.39000000e+01 4.98575490e-07
3.39500000e+01 4.96671470e-07
3.40000000e+01 4.89540533e-07
3.40500000e+01 4.87777893e-07
3.41000000e+01 4.86007300e-07
3.41500000e+01 4.79297360e-07
3.42000000e+01 4.77648813e-07
3.42500000e+01 4.78694887e-07
3.43000000e+01 4.77026217e-07
3.43500000e+01 4.70806877e-07
3.44000000e+01 4.69241263e-07
3.44500000e+01 4.67664617e-07
3.45000000e+01 4.61775273e-07
3.45500000e+01 4.60289380e-07
3.46000000e+01 4.54606173e-07
3.46500000e+01 4.53202527e-07
3.47000000e+01 4.47713950e-07
3.47500000e+01 4.46384997e-07
3.48000000e+01 4.41080317e-07
3.48500000e+01 4.39819307e-07
3.49000000e+01 4.41225713e-07
3.49500000e+01 4.39930227e-07
3.50000000e+01 4.38620757e-07
3.50500000e+01 4.33710457e-07
3.51000000e+01 4.32459980e-07
3.51500000e+01 4.27700957e-07
3.52000000e+01 4.26504733e-07
3.52500000e+01 4.21889573e-07
3.53000000e+01 4.20743183e-07
3.53500000e+01 4.16264987e-07
3.54000000e+01 4.15164473e-07
3.54500000e+01 4.10816717e-07
3.55000000e+01 4.09758447e-07
3.55500000e+01 4.11317783e-07
3.56000000e+01 4.10224823e-07
3.56500000e+01 4.06100380e-07
3.57000000e+01 4.05045933e-07
3.57500000e+01 4.01034573e-07
3.58000000e+01 4.00015907e-07
3.58500000e+01 3.96112640e-07
3.59000000e+01 3.95127257e-07
3.59500000e+01 3.91327437e-07
3.60000000e+01 3.90373013e-07
3.60500000e+01 3.86672290e-07
3.61000000e+01 3.85746723e-07
3.61500000e+01 3.82140983e-07
3.62000000e+01 3.81242307e-07
3.62500000e+01 3.82889147e-07
3.63000000e+01 3.81957870e-07
3.63500000e+01 3.78511080e-07
3.64000000e+01 3.77605027e-07
3.64500000e+01 3.74242197e-07
3.65000000e+01 3.73359820e-07
3.65500000e+01 3.70077743e-07
3.66000000e+01 3.69217640e-07
3.66500000e+01 3.66013150e-07
3.67000000e+01 3.65174007e-07
3.67500000e+01 3.62044287e-07
3.68000000e+01 3.61224823e-07
3.68500000e+01 3.58167093e-07
3.69000000e+01 3.57366227e-07
3.69500000e+01 3.59033573e-07
3.70000000e+01 3.58203987e-07
3.70500000e+01 3.55264020e-07
3.71000000e+01 3.54452273e-07
3.71500000e+01 3.51576920e-07
3.72000000e+01 3.50782067e-07
3.72500000e+01 3.47969147e-07
3.73000000e+01 3.47190270e-07
3.73500000e+01 3.44437573e-07
3.74000000e+01 3.43673957e-07
3.74500000e+01 3.40979470e-07
3.75000000e+01 3.40230307e-07
3.75500000e+01 3.37592090e-07
3.76000000e+01 3.34985253e-07
3.76500000e+01 3.34272943e-07
3.77000000e+01 3.35940383e-07
3.77500000e+01 3.35202763e-07
3.78000000e+01 3.32684053e-07
3.78500000e+01 3.31959090e-07
3.79000000e+01 3.29490693e-07
3.79500000e+01 3.28777820e-07
3.80000000e+01 3.26358083e-07
3.80500000e+01 3.25656793e-07
3.81000000e+01 3.23284277e-07
3.81500000e+01 3.22594050e-07
3.82000000e+01 3.20267323e-07
3.82500000e+01 3.17966360e-07
3.83000000e+01 3.17305357e-07
3.83500000e+01 3.15048087e-07
3.84000000e+01 3.14396650e-07
3.84500000e+01 3.16038350e-07
3.85000000e+01 3.15365033e-07
3.85500000e+01 3.13175560e-07
3.86000000e+01 3.12511837e-07
3.86500000e+01 3.10362507e-07
3.87000000e+01 3.09707923e-07
3.87500000e+01 3.07597600e-07
3.88000000e+01 3.05509360e-07
3.88500000e+01 3.04879487e-07
3.89000000e+01 3.02828507e-07
3.89500000e+01 3.02206680e-07
3.90000000e+01 3.00192013e-07
3.90500000e+01 2.99577963e-07
3.91000000e+01 2.97598603e-07
3.91500000e+01 2.96992030e-07
3.92000000e+01 2.95047023e-07
3.92500000e+01 2.96655307e-07
3.93000000e+01 2.96043903e-07
3.93500000e+01 2.94137087e-07
3.94000000e+01 2.93532877e-07
3.94500000e+01 2.91658277e-07
3.95000000e+01 2.91061057e-07
3.95500000e+01 2.89217873e-07
3.96000000e+01 2.87392573e-07
3.96500000e+01 2.86814737e-07
3.97000000e+01 2.85019607e-07
3.97500000e+01 2.84448020e-07
3.98000000e+01 2.82682267e-07
3.98500000e+01 2.82116663e-07
3.99000000e+01 2.80379580e-07
3.99500000e+01 2.78658923e-07
4.00000000e+01 2.78110697e-07
4.00500000e+01 2.76417573e-07
4.01000000e+01 2.79110647e-07
4.01500000e+01 2.77431410e-07
4.02000000e+01 2.76872337e-07
4.02500000e+01 2.75219493e-07
4.03000000e+01 2.73581780e-07
4.03500000e+01 2.73038840e-07
4.04000000e+01 2.71426557e-07
4.04500000e+01 2.70888790e-07
4.05000000e+01 2.69301270e-07
4.05500000e+01 2.68768530e-07
4.06000000e+01 2.67205253e-07
4.06500000e+01 2.65655950e-07
4.07000000e+01 2.65137820e-07
4.07500000e+01 2.63611837e-07
4.08000000e+01 2.63098297e-07
4.08500000e+01 2.61595130e-07
4.09000000e+01 2.60105213e-07
4.09500000e+01 2.62594540e-07
4.10000000e+01 2.61114833e-07
4.10500000e+01 2.60600613e-07
4.11000000e+01 2.59142570e-07
4.11500000e+01 2.57697033e-07
4.12000000e+01 2.57195923e-07
4.12500000e+01 2.55771293e-07
4.13000000e+01 2.55274333e-07
4.13500000e+01 2.53870197e-07
4.14000000e+01 2.53377263e-07
4.14500000e+01 2.51993110e-07
4.15000000e+01 2.50620577e-07
4.15500000e+01 2.50139640e-07
4.16000000e+01 2.48786463e-07
4.16500000e+01 2.48309263e-07
4.17000000e+01 2.46975020e-07
4.17500000e+01 2.45651737e-07
4.18000000e+01 2.45185770e-07
4.18500000e+01 2.46645440e-07
4.19000000e+01 2.46167010e-07
4.19500000e+01 2.44869470e-07
4.20000000e+01 2.43582353e-07
4.20500000e+01 2.43114873e-07
4.21000000e+01 2.41845247e-07
4.21500000e+01 2.41381187e-07
4.22000000e+01 2.40128710e-07
4.22500000e+01 2.38886210e-07
4.23000000e+01 2.38432403e-07
4.23500000e+01 2.37206460e-07
4.24000000e+01 2.35990187e-07
4.24500000e+01 2.35546183e-07
4.25000000e+01 2.34346023e-07
4.25500000e+01 2.33905060e-07
4.26000000e+01 2.32720603e-07
4.26500000e+01 2.31545353e-07
4.27000000e+01 2.31113687e-07
4.27500000e+01 2.32522433e-07
4.28000000e+01 2.32079783e-07
4.28500000e+01 2.30925233e-07
4.29000000e+01 2.29779410e-07
4.29500000e+01 2.29345863e-07
4.30000000e+01 2.28214720e-07
4.30500000e+01 2.27784007e-07
4.31000000e+01 2.26667240e-07
4.31500000e+01 2.25558803e-07
4.32000000e+01 2.25136713e-07
4.32500000e+01 2.24042223e-07
4.33000000e+01 2.22955860e-07
4.33500000e+01 2.22542030e-07
4.34000000e+01 2.21469197e-07
4.34500000e+01 2.21057937e-07
4.35000000e+01 2.19998403e-07
4.35500000e+01 2.18946643e-07
4.36000000e+01 2.18543177e-07
4.36500000e+01 2.17504333e-07
4.37000000e+01 2.18861060e-07
4.37500000e+01 2.18453150e-07
4.38000000e+01 2.17425703e-07
4.38500000e+01 2.17020297e-07
4.39000000e+01 2.16005287e-07
4.39500000e+01 2.14997457e-07
4.40000000e+01 2.14599497e-07
4.40500000e+01 2.13603757e-07
4.41000000e+01 2.12615067e-07
4.41500000e+01 2.12224283e-07
4.42000000e+01 2.11247307e-07
4.42500000e+01 2.10858780e-07
4.43000000e+01 2.09893353e-07
4.43500000e+01 2.08934680e-07
4.44000000e+01 2.08552987e-07
4.44500000e+01 2.07605493e-07
4.45000000e+01 2.06664590e-07
4.45500000e+01 2.06289513e-07
4.46000000e+01 2.05359530e-07
4.46500000e+01 2.04986510e-07
4.47000000e+01 2.06285800e-07
4.47500000e+01 2.05364910e-07
4.48000000e+01 2.04987833e-07
4.48500000e+01 2.04077497e-07
4.49000000e+01 2.03173290e-07
4.49500000e+01 2.02802550e-07
4.50000000e+01 2.01908610e-07
4.50500000e+01 2.01020670e-07
4.51000000e+01 2.00656037e-07
4.51500000e+01 1.99778083e-07
4.52000000e+01 1.99415400e-07
4.52500000e+01 1.98547280e-07
4.53000000e+01 1.97684910e-07
4.53500000e+01 1.97328090e-07
4.54000000e+01 1.96475283e-07
4.54500000e+01 1.95628060e-07
4.55000000e+01 1.95276967e-07
4.55500000e+01 1.94439097e-07
4.56000000e+01 1.93606663e-07
4.56500000e+01 1.93261090e-07
4.57000000e+01 1.92437763e-07
4.57500000e+01 1.93684543e-07
4.58000000e+01 1.93335157e-07
4.58500000e+01 1.92518957e-07
4.59000000e+01 1.92171367e-07
4.59500000e+01 1.91363993e-07
4.60000000e+01 1.90561740e-07
4.60500000e+01 1.90219463e-07
4.61000000e+01 1.89425823e-07
4.61500000e+01 1.88637173e-07
4.62000000e+01 1.88300097e-07
4.62500000e+01 1.87519837e-07
4.63000000e+01 1.86744467e-07
4.63500000e+01 1.86412410e-07
4.64000000e+01 1.85645230e-07
4.64500000e+01 1.84882840e-07
4.65000000e+01 1.84555667e-07
4.65500000e+01 1.83801260e-07
4.66000000e+01 1.83051497e-07
4.66500000e+01 1.82729110e-07
4.67000000e+01 1.81987160e-07
4.67500000e+01 1.81249757e-07
4.68000000e+01 1.82859197e-07
4.68500000e+01 1.82122973e-07
4.69000000e+01 1.81391247e-07
4.69500000e+01 1.81069980e-07
4.70000000e+01 1.80345743e-07
4.70500000e+01 1.80026007e-07
4.71000000e+01 1.79309163e-07
4.71500000e+01 1.78596610e-07
4.72000000e+01 1.78281360e-07
4.72500000e+01 1.77576047e-07
4.73000000e+01 1.76874923e-07
4.73500000e+01 1.76564077e-07
4.74000000e+01 1.75870013e-07
4.74500000e+01 1.75180060e-07
4.75000000e+01 1.74873480e-07
4.75500000e+01 1.74190423e-07
4.76000000e+01 1.73511430e-07
4.76500000e+01 1.73208983e-07
4.77000000e+01 1.72536710e-07
4.77500000e+01 1.71868353e-07
4.78000000e+01 1.71569997e-07
4.78500000e+01 1.70908243e-07
4.79000000e+01 1.72051293e-07
4.79500000e+01 1.71749737e-07
4.80000000e+01 1.71092460e-07
4.80500000e+01 1.70438993e-07
4.81000000e+01 1.70141417e-07
4.81500000e+01 1.69494290e-07
4.82000000e+01 1.68850873e-07
4.82500000e+01 1.68557190e-07
4.83000000e+01 1.67920007e-07
4.83500000e+01 1.67286427e-07
4.84000000e+01 1.66996550e-07
4.84500000e+01 1.66369053e-07
4.85000000e+01 1.65745120e-07
4.85500000e+01 1.65458960e-07
4.86000000e+01 1.64840977e-07
4.86500000e+01 1.64226460e-07
4.87000000e+01 1.63943927e-07
4.87500000e+01 1.63335253e-07
4.88000000e+01 1.62729963e-07
4.88500000e+01 1.62450983e-07
4.89000000e+01 1.61851390e-07
4.89500000e+01 1.61255143e-07
4.90000000e+01 1.60662193e-07
4.90500000e+01 1.60388957e-07
4.91000000e+01 1.61478547e-07
4.91500000e+01 1.60889097e-07
4.92000000e+01 1.60612953e-07
4.92500000e+01 1.60028973e-07
4.93000000e+01 1.59448180e-07
4.93500000e+01 1.59175397e-07
4.94000000e+01 1.58599960e-07
4.94500000e+01 1.58027680e-07
4.95000000e+01 1.57758180e-07
4.95500000e+01 1.57191127e-07
4.96000000e+01 1.56627127e-07
4.96500000e+01 1.56360873e-07
4.97000000e+01 1.55802023e-07
4.97500000e+01 1.55246160e-07
4.98000000e+01 1.54983077e-07
4.98500000e+01 1.54432250e-07
4.99000000e+01 1.53884383e-07
4.99500000e+01 1.53624380e-07
5.00000000e+01 1.53081430e-07
5.00500000e+01 1.52541363e-07
5.01000000e+01 1.52284400e-07
5.01500000e+01 1.51749177e-07
5.02000000e+01 1.51216757e-07
5.02500000e+01 1.50687157e-07
5.03000000e+01 1.52002440e-07
5.03500000e+01 1.51472783e-07
5.04000000e+01 1.50945880e-07
5.04500000e+01 1.50691150e-07
5.05000000e+01 1.50168910e-07
5.05500000e+01 1.49649373e-07
5.06000000e+01 1.49397557e-07
5.06500000e+01 1.48882577e-07
5.07000000e+01 1.48370267e-07
5.07500000e+01 1.48121290e-07
5.08000000e+01 1.47613447e-07
5.08500000e+01 1.47108220e-07
5.09000000e+01 1.46605567e-07
5.09500000e+01 1.46361183e-07
5.10000000e+01 1.45862897e-07
5.10500000e+01 1.45367150e-07
5.11000000e+01 1.45125467e-07
5.11500000e+01 1.44633987e-07
5.12000000e+01 1.44144997e-07
5.12500000e+01 1.43905963e-07
5.13000000e+01 1.43421180e-07
5.13500000e+01 1.42938823e-07
5.14000000e+01 1.42702397e-07
5.14500000e+01 1.42224150e-07
5.15000000e+01 1.41748313e-07
5.15500000e+01 1.42741030e-07
5.16000000e+01 1.42503813e-07
5.16500000e+01 1.42030067e-07
5.17000000e+01 1.41558660e-07
5.17500000e+01 1.41324010e-07
5.18000000e+01 1.40856580e-07
5.18500000e+01 1.40391457e-07
5.19000000e+01 1.40159293e-07
5.19500000e+01 1.39698070e-07
5.20000000e+01 1.39239117e-07
5.20500000e+01 1.38782400e-07
5.21000000e+01 1.38554287e-07
5.21500000e+01 1.38101370e-07
5.22000000e+01 1.37650667e-07
5.22500000e+01 1.37424933e-07
5.23000000e+01 1.36977947e-07
5.23500000e+01 1.36533157e-07
5.24000000e+01 1.36309753e-07
5.24500000e+01 1.35868613e-07
5.25000000e+01 1.35429600e-07
5.25500000e+01 1.34992700e-07
5.26000000e+01 1.34773083e-07
5.26500000e+01 1.34339760e-07
5.27000000e+01 1.33908510e-07
5.27500000e+01 1.33691127e-07
5.28000000e+01 1.33263387e-07
5.28500000e+01 1.34209120e-07
5.29000000e+01 1.33781543e-07
5.29500000e+01 1.33563347e-07
5.30000000e+01 1.33139210e-07
5.30500000e+01 1.32717093e-07
5.31000000e+01 1.32501093e-07
5.31500000e+01 1.32082373e-07
5.32000000e+01 1.31665603e-07
5.32500000e+01 1.31250800e-07
5.33000000e+01 1.31038347e-07
5.33500000e+01 1.30626860e-07
5.34000000e+01 1.30217283e-07
5.34500000e+01 1.30006933e-07
5.35000000e+01 1.29600623e-07
5.35500000e+01 1.29196193e-07
5.36000000e+01 1.28793650e-07
5.36500000e+01 1.28586687e-07
5.37000000e+01 1.28187317e-07
5.37500000e+01 1.27789783e-07
5.38000000e+01 1.27584837e-07
5.38500000e+01 1.27190430e-07
5.39000000e+01 1.26797833e-07
5.39500000e+01 1.26407043e-07
5.40000000e+01 1.26205343e-07
5.40500000e+01 1.25817603e-07
5.41000000e+01 1.25431633e-07
5.41500000e+01 1.25231853e-07
5.42000000e+01 1.24848877e-07
5.42500000e+01 1.25747557e-07
5.43000000e+01 1.25364537e-07
5.43500000e+01 1.25163933e-07
5.44000000e+01 1.24783870e-07
5.44500000e+01 1.24405503e-07
5.45000000e+01 1.24206807e-07
5.45500000e+01 1.23831357e-07
5.46000000e+01 1.23457590e-07
5.46500000e+01 1.23085493e-07
5.47000000e+01 1.22889853e-07
5.47500000e+01 1.22520607e-07
5.48000000e+01 1.22152997e-07
5.48500000e+01 1.21959183e-07
5.49000000e+01 1.21594370e-07
5.49500000e+01 1.21231167e-07
5.50000000e+01 1.20869587e-07
5.50500000e+01 1.20678713e-07
5.51000000e+01 1.20319857e-07
5.51500000e+01 1.19962580e-07
5.52000000e+01 1.19606883e-07
5.52500000e+01 1.19418873e-07
5.53000000e+01 1.19065843e-07
5.53500000e+01 1.18714357e-07
5.54000000e+01 1.18528050e-07
5.54500000e+01 1.18179200e-07
5.55000000e+01 1.17831857e-07
5.55500000e+01 1.17486037e-07
5.56000000e+01 1.17302487e-07
5.56500000e+01 1.18157760e-07
5.57000000e+01 1.17812803e-07
5.57500000e+01 1.17469327e-07
5.58000000e+01 1.17284957e-07
5.58500000e+01 1.16944020e-07
5.59000000e+01 1.16604563e-07
5.59500000e+01 1.16421833e-07
5.60000000e+01 1.16084867e-07
5.60500000e+01 1.15749343e-07
5.61000000e+01 1.15415250e-07
5.61500000e+01 1.15235173e-07
5.62000000e+01 1.14903523e-07
5.62500000e+01 1.14573290e-07
5.63000000e+01 1.14244450e-07
5.63500000e+01 1.14066963e-07
5.64000000e+01 1.13740523e-07
5.64500000e+01 1.13415453e-07
5.65000000e+01 1.13091767e-07
5.65500000e+01 1.12916803e-07
5.66000000e+01 1.12595460e-07
5.66500000e+01 1.12275460e-07
5.67000000e+01 1.11956803e-07
5.67500000e+01 1.11784313e-07
5.68000000e+01 1.11467943e-07
5.68500000e+01 1.11152910e-07
5.69000000e+01 1.10981887e-07
5.69500000e+01 1.10669100e-07
5.70000000e+01 1.10357610e-07
5.70500000e+01 1.10047420e-07
5.71000000e+01 1.09878790e-07
5.71500000e+01 1.10690817e-07
5.72000000e+01 1.10381227e-07
5.72500000e+01 1.10072917e-07
5.73000000e+01 1.09903463e-07
5.73500000e+01 1.09597330e-07
5.74000000e+01 1.09292463e-07
5.74500000e+01 1.08988837e-07
5.75000000e+01 1.08821717e-07
5.75500000e+01 1.08520233e-07
5.76000000e+01 1.08219970e-07
5.76500000e+01 1.07920947e-07
5.77000000e+01 1.07756100e-07
5.77500000e+01 1.07459163e-07
5.78000000e+01 1.07163433e-07
5.78500000e+01 1.06868900e-07
5.79000000e+01 1.06706290e-07
5.79500000e+01 1.06413810e-07
5.80000000e+01 1.06122510e-07
5.80500000e+01 1.05832383e-07
5.81000000e+01 1.05671957e-07
5.81500000e+01 1.05383830e-07
5.82000000e+01 1.05096877e-07
5.82500000e+01 1.04811080e-07
5.83000000e+01 1.04652773e-07
5.83500000e+01 1.04368937e-07
5.84000000e+01 1.04086233e-07
5.84500000e+01 1.03804660e-07
5.85000000e+01 1.03648450e-07
5.85500000e+01 1.03368800e-07
5.86000000e+01 1.03090263e-07
5.86500000e+01 1.02812827e-07
5.87000000e+01 1.03706100e-07
5.87500000e+01 1.03427953e-07
5.88000000e+01 1.03150903e-07
5.88500000e+01 1.02874937e-07
5.89000000e+01 1.02719980e-07
5.89500000e+01 1.02445900e-07
5.90000000e+01 1.02172877e-07
5.90500000e+01 1.01900940e-07
5.91000000e+01 1.01747987e-07
5.91500000e+01 1.01477880e-07
5.92000000e+01 1.01208827e-07
5.92500000e+01 1.00940820e-07
5.93000000e+01 1.00789827e-07
5.93500000e+01 1.00523627e-07
5.94000000e+01 1.00258452e-07
5.94500000e+01 9.99943007e-08
5.95000000e+01 9.98452433e-08
5.95500000e+01 9.95828550e-08
5.96000000e+01 9.93214947e-08
5.96500000e+01 9.90611327e-08
5.97000000e+01 9.89139520e-08
5.97500000e+01 9.86553217e-08
5.98000000e+01 9.83976813e-08
5.98500000e+01 9.81410373e-08
5.99000000e+01 9.79957093e-08
5.99500000e+01 9.77407553e-08
6.00000000e+01 9.74867757e-08
6.00500000e+01 9.72337657e-08
6.01000000e+01 9.69817197e-08
6.01500000e+01 9.68389033e-08
6.02000000e+01 9.65885150e-08
6.02500000e+01 9.63390680e-08
6.03000000e+01 9.70710600e-08
6.03500000e+01 9.69274570e-08
6.04000000e+01 9.66782403e-08
6.04500000e+01 9.64299480e-08
6.05000000e+01 9.61826080e-08
6.05500000e+01 9.60407810e-08
6.06000000e+01 9.57950410e-08
6.06500000e+01 9.55502287e-08
6.07000000e+01 9.53063287e-08
6.07500000e+01 9.51662377e-08
6.08000000e+01 9.49239137e-08
6.08500000e+01 9.46824947e-08
6.09000000e+01 9.44419810e-08
6.09500000e+01 9.42023603e-08
6.10000000e+01 9.40646307e-08
6.10500000e+01 9.38265460e-08
6.11000000e+01 9.35893503e-08
6.11500000e+01 9.33530290e-08
6.12000000e+01 9.32169583e-08
6.12500000e+01 9.29821507e-08
6.13000000e+01 9.27482060e-08
6.13500000e+01 9.25151293e-08
6.14000000e+01 9.23806787e-08
6.14500000e+01 9.21490867e-08
6.15000000e+01 9.19183477e-08
6.15500000e+01 9.16884467e-08
6.16000000e+01 9.14593917e-08
6.16500000e+01 9.13271513e-08
6.17000000e+01 9.10995470e-08
6.17500000e+01 9.08727763e-08
6.18000000e+01 9.06468277e-08
6.18500000e+01 9.05161387e-08
6.19000000e+01 9.02916100e-08
6.19500000e+01 9.00679070e-08
6.20000000e+01 9.07611960e-08
6.20500000e+01 9.06297503e-08
6.21000000e+01 9.04061287e-08
6.21500000e+01 9.01833233e-08
6.22000000e+01 8.99613140e-08
6.22500000e+01 8.97400997e-08
6.23000000e+01 8.96107777e-08
6.23500000e+01 8.93909493e-08
6.24000000e+01 8.91719097e-08
6.24500000e+01 8.89536420e-08
6.25000000e+01 8.88258170e-08
6.25500000e+01 8.86089107e-08
6.26000000e+01 8.83927873e-08
6.26500000e+01 8.81774277e-08
6.27000000e+01 8.79628367e-08
6.27500000e+01 8.78370307e-08
6.28000000e+01 8.76237603e-08
6.28500000e+01 8.74112647e-08
6.29000000e+01 8.71995060e-08
6.29500000e+01 8.70751293e-08
6.30000000e+01 8.68646677e-08
6.30500000e+01 8.66549647e-08
6.31000000e+01 8.64459923e-08
6.31500000e+01 8.62377537e-08
6.32000000e+01 8.61153217e-08
6.32500000e+01 8.59083607e-08
6.33000000e+01 8.57021253e-08
6.33500000e+01 8.54966167e-08
6.34000000e+01 8.52918203e-08
6.34500000e+01 8.51712907e-08
6.35000000e+01 8.49677337e-08
6.35500000e+01 8.47649047e-08
6.36000000e+01 8.45627677e-08
6.36500000e+01 8.44435693e-08
6.37000000e+01 8.42426597e-08
6.37500000e+01 8.40424533e-08
6.38000000e+01 8.46979327e-08
6.38500000e+01 8.44971903e-08
6.39000000e+01 8.43777820e-08
6.39500000e+01 8.41782433e-08
6.40000000e+01 8.39794003e-08
6.40500000e+01 8.37812377e-08
6.41000000e+01 8.35837620e-08
6.41500000e+01 8.34661620e-08
6.42000000e+01 8.32698630e-08
6.42500000e+01 8.30742387e-08
6.43000000e+01 8.28792827e-08
6.43500000e+01 8.26849997e-08
6.44000000e+01 8.25691743e-08
6.44500000e+01 8.23760540e-08
6.45000000e+01 8.21835783e-08
6.45500000e+01 8.19917600e-08
6.46000000e+01 8.18771813e-08
6.46500000e+01 8.16865037e-08
6.47000000e+01 8.14964690e-08
6.47500000e+01 8.13070770e-08
6.48000000e+01 8.11183383e-08
6.48500000e+01 8.10054620e-08
6.49000000e+01 8.08178297e-08
6.49500000e+01 8.06308297e-08
6.50000000e+01 8.04444557e-08
6.50500000e+01 8.02587113e-08
6.51000000e+01 8.01474977e-08
6.51500000e+01 7.99628453e-08
6.52000000e+01 7.97788060e-08
6.52500000e+01 7.95953923e-08
6.53000000e+01 7.94125947e-08
6.53500000e+01 7.93030107e-08
6.54000000e+01 7.91212730e-08
6.54500000e+01 7.89401373e-08
6.55000000e+01 7.87596083e-08
6.55500000e+01 7.85796823e-08
6.56000000e+01 7.84716883e-08
6.56500000e+01 7.90915940e-08
6.57000000e+01 7.89115710e-08
6.57500000e+01 7.87321550e-08
6.58000000e+01 7.85533207e-08
6.58500000e+01 7.84450823e-08
6.59000000e+01 7.82672820e-08
6.59500000e+01 7.80900700e-08
6.60000000e+01 7.79134353e-08
6.60500000e+01 7.77373847e-08
6.61000000e+01 7.76306893e-08
6.61500000e+01 7.74556513e-08
6.62000000e+01 7.72812023e-08
6.62500000e+01 7.71073060e-08
6.63000000e+01 7.69339873e-08
6.63500000e+01 7.68288117e-08
6.64000000e+01 7.66564793e-08
6.64500000e+01 7.64847020e-08
6.65000000e+01 7.63134877e-08
6.65500000e+01 7.61428323e-08
6.66000000e+01 7.60391403e-08
6.66500000e+01 7.58694610e-08
6.67000000e+01 7.57003307e-08
6.67500000e+01 7.55317423e-08
6.68000000e+01 7.53637080e-08
6.68500000e+01 7.52614643e-08
6.69000000e+01 7.50943680e-08
6.69500000e+01 7.49278217e-08
6.70000000e+01 7.47617980e-08
6.70500000e+01 7.45963193e-08
6.71000000e+01 7.44955033e-08
6.71500000e+01 7.43309553e-08
6.72000000e+01 7.41669323e-08
6.72500000e+01 7.40034427e-08
6.73000000e+01 7.38404740e-08
6.73500000e+01 7.36780207e-08
6.74000000e+01 7.35789773e-08
6.74500000e+01 7.34174347e-08
6.75000000e+01 7.32564007e-08
6.75500000e+01 7.38430807e-08
6.76000000e+01 7.36815173e-08
6.76500000e+01 7.35821910e-08
6.77000000e+01 7.34215283e-08
6.77500000e+01 7.32613637e-08
6.78000000e+01 7.31017090e-08
6.78500000e+01 7.29425617e-08
6.79000000e+01 7.28445923e-08
6.79500000e+01 7.26863193e-08
6.80000000e+01 7.25285567e-08
6.80500000e+01 7.23712967e-08
6.81000000e+01 7.22145147e-08
6.81500000e+01 7.20582420e-08
6.82000000e+01 7.19619597e-08
6.82500000e+01 7.18065347e-08
6.83000000e+01 7.16515920e-08
6.83500000e+01 7.14971450e-08
6.84000000e+01 7.13431750e-08
6.84500000e+01 7.12481803e-08
6.85000000e+01 7.10950667e-08
6.85500000e+01 7.09424137e-08
6.86000000e+01 7.07902527e-08
6.86500000e+01 7.06385537e-08
6.87000000e+01 7.04873213e-08
6.87500000e+01 7.03939400e-08
6.88000000e+01 7.02435327e-08
6.88500000e+01 7.00935940e-08
6.89000000e+01 6.99441220e-08
6.89500000e+01 6.97951263e-08
6.90000000e+01 6.97029673e-08
6.90500000e+01 6.95547617e-08
6.91000000e+01 6.94070210e-08
6.91500000e+01 6.92597247e-08
6.92000000e+01 6.91128847e-08
6.92500000e+01 6.89664987e-08
6.93000000e+01 6.88758903e-08
6.93500000e+01 6.87302863e-08
6.94000000e+01 6.85851363e-08
6.94500000e+01 6.84404337e-08
6.95000000e+01 6.82961637e-08
6.95500000e+01 6.81523423e-08
6.96000000e+01 6.87600253e-08
6.96500000e+01 6.86155603e-08
6.97000000e+01 6.84715370e-08
6.97500000e+01 6.83279467e-08
6.98000000e+01 6.81847957e-08
6.98500000e+01 6.80953820e-08
6.99000000e+01 6.79530053e-08
6.99500000e+01 6.78110527e-08
7.00000000e+01 6.76695300e-08
7.00500000e+01 6.75284327e-08
7.01000000e+01 6.73877577e-08
7.01500000e+01 6.72998057e-08
7.02000000e+01 6.71598767e-08
7.02500000e+01 6.70203720e-08
7.03000000e+01 6.68812893e-08
7.03500000e+01 6.67426300e-08
7.04000000e+01 6.66043800e-08
7.04500000e+01 6.65178570e-08
7.05000000e+01 6.63803370e-08
7.05500000e+01 6.62432250e-08
7.06000000e+01 6.61065247e-08
7.06500000e+01 6.59702287e-08
7.07000000e+01 6.58343490e-08
7.07500000e+01 6.57492140e-08
7.08000000e+01 6.56140510e-08
7.08500000e+01 6.54792757e-08
7.09000000e+01 6.53449040e-08
7.09500000e+01 6.52109393e-08
7.10000000e+01 6.50773630e-08
7.10500000e+01 6.49935927e-08
7.11000000e+01 6.48607067e-08
7.11500000e+01 6.47282233e-08
7.12000000e+01 6.45961280e-08
7.12500000e+01 6.44644297e-08
7.13000000e+01 6.43331230e-08
7.13500000e+01 6.42506753e-08
7.14000000e+01 6.41200433e-08
7.14500000e+01 6.39897877e-08
7.15000000e+01 6.38599243e-08
7.15500000e+01 6.37304373e-08
7.16000000e+01 6.36013267e-08
7.16500000e+01 6.35201743e-08
7.17000000e+01 6.40424633e-08
7.17500000e+01 6.39131397e-08
7.18000000e+01 6.37841800e-08
7.18500000e+01 6.36556047e-08
7.19000000e+01 6.35274017e-08
7.19500000e+01 6.34462073e-08
7.20000000e+01 6.33186563e-08
7.20500000e+01 6.31914790e-08
7.21000000e+01 6.30646740e-08
7.21500000e+01 6.29382320e-08
7.22000000e+01 6.28121690e-08
7.22500000e+01 6.27322330e-08
7.23000000e+01 6.26068030e-08
7.23500000e+01 6.24817337e-08
7.24000000e+01 6.23570290e-08
7.24500000e+01 6.22326793e-08
7.25000000e+01 6.21086913e-08
7.25500000e+01 6.19850567e-08
7.26000000e+01 6.19066180e-08
7.26500000e+01 6.17836197e-08
7.27000000e+01 6.16609617e-08
7.27500000e+01 6.15386657e-08
7.28000000e+01 6.14167203e-08
7.28500000e+01 6.12951170e-08
7.29000000e+01 6.12178697e-08
7.29500000e+01 6.10968797e-08
7.30000000e+01 6.09762313e-08
7.30500000e+01 6.08559370e-08
7.31000000e+01 6.07359863e-08
7.31500000e+01 6.06163730e-08
7.32000000e+01 6.04970993e-08
7.32500000e+01 6.04212760e-08
7.33000000e+01 6.03026007e-08
7.33500000e+01 6.01842587e-08
7.34000000e+01 6.00662547e-08
7.34500000e+01 5.99485820e-08
7.35000000e+01 5.98312450e-08
7.35500000e+01 5.97565510e-08
7.36000000e+01 5.96398083e-08
7.36500000e+01 5.95233827e-08
7.37000000e+01 5.94072863e-08
7.37500000e+01 5.92915157e-08
7.38000000e+01 5.91760747e-08
7.38500000e+01 5.90609603e-08
7.39000000e+01 5.89876127e-08
7.39500000e+01 5.94793163e-08
7.40000000e+01 5.93639497e-08
7.40500000e+01 5.92489107e-08
7.41000000e+01 5.91341883e-08
7.41500000e+01 5.90197940e-08
7.42000000e+01 5.89057110e-08
7.42500000e+01 5.88325170e-08
7.43000000e+01 5.87189970e-08
7.43500000e+01 5.86057897e-08
7.44000000e+01 5.84929003e-08
7.44500000e+01 5.83803280e-08
7.45000000e+01 5.82680727e-08
7.45500000e+01 5.81561243e-08
7.46000000e+01 5.80842347e-08
7.46500000e+01 5.79728327e-08
7.47000000e+01 5.78617320e-08
7.47500000e+01 5.77509480e-08
7.48000000e+01 5.76404660e-08
7.48500000e+01 5.75302860e-08
7.49000000e+01 5.74204130e-08
7.49500000e+01 5.73497967e-08
7.50000000e+01 5.72404567e-08
7.50500000e+01 5.71314167e-08
7.51000000e+01 5.70226833e-08
7.51500000e+01 5.69142420e-08
7.52000000e+01 5.68061007e-08
7.52500000e+01 5.66982527e-08
7.53000000e+01 5.66288660e-08
7.53500000e+01 5.65215403e-08
7.54000000e+01 5.64145093e-08
7.54500000e+01 5.63077733e-08
7.55000000e+01 5.62013217e-08
7.55500000e+01 5.60951673e-08
7.56000000e+01 5.59893013e-08
7.56500000e+01 5.59211157e-08
7.57000000e+01 5.58157533e-08
7.57500000e+01 5.57106747e-08
7.58000000e+01 5.56058843e-08
7.58500000e+01 5.55013813e-08
7.59000000e+01 5.53971660e-08
7.59500000e+01 5.52932223e-08
7.60000000e+01 5.51895730e-08
7.60500000e+01 5.51227673e-08
7.61000000e+01 5.50196047e-08
7.61500000e+01 5.49167173e-08
7.62000000e+01 5.48141033e-08
7.62500000e+01 5.52775080e-08
7.63000000e+01 5.51744287e-08
7.63500000e+01 5.50716303e-08
7.64000000e+01 5.50049033e-08
7.64500000e+01 5.49025873e-08
7.65000000e+01 5.48005463e-08
7.65500000e+01 5.46987783e-08
7.66000000e+01 5.45972797e-08
7.66500000e+01 5.44960490e-08
7.67000000e+01 5.43950987e-08
7.67500000e+01 5.42944080e-08
7.68000000e+01 5.42290207e-08
7.68500000e+01 5.41288100e-08
7.69000000e+01 5.40288603e-08
7.69500000e+01 5.39291887e-08
7.70000000e+01 5.38297700e-08
7.70500000e+01 5.37306240e-08
7.71000000e+01 5.36317330e-08
7.71500000e+01 5.35674320e-08
7.72000000e+01 5.34690053e-08
7.72500000e+01 5.33708460e-08
7.73000000e+01 5.32729440e-08
7.73500000e+01 5.31753000e-08
7.74000000e+01 5.30779147e-08
7.74500000e+01 5.29807797e-08
7.75000000e+01 5.28839103e-08
7.75500000e+01 5.28208603e-08
7.76000000e+01 5.27244373e-08
7.76500000e+01 5.26282650e-08
7.77000000e+01 5.25323487e-08
7.77500000e+01 5.24366887e-08
7.78000000e+01 5.23412700e-08
7.78500000e+01 5.22461077e-08
7.79000000e+01 5.21511943e-08
7.79500000e+01 5.20893693e-08
7.80000000e+01 5.19948907e-08
7.80500000e+01 5.19006567e-08
7.81000000e+01 5.18066713e-08
7.81500000e+01 5.17129347e-08
7.82000000e+01 5.16194460e-08
7.82500000e+01 5.15261917e-08
7.83000000e+01 5.14331833e-08
7.83500000e+01 5.13404177e-08
7.84000000e+01 5.12799590e-08
7.84500000e+01 5.11876173e-08
7.85000000e+01 5.10955127e-08
7.85500000e+01 5.10036497e-08
7.86000000e+01 5.09120220e-08
7.86500000e+01 5.08206380e-08
7.87000000e+01 5.12563747e-08
7.87500000e+01 5.11645377e-08
7.88000000e+01 5.11042787e-08
7.88500000e+01 5.10128570e-08
7.89000000e+01 5.09216740e-08
7.89500000e+01 5.08307220e-08
7.90000000e+01 5.07400077e-08
7.90500000e+01 5.06495237e-08
7.91000000e+01 5.05592780e-08
7.91500000e+01 5.04692620e-08
7.92000000e+01 5.03794703e-08
7.92500000e+01 5.03205203e-08
7.93000000e+01 5.02311380e-08
7.93500000e+01 5.01419817e-08
7.94000000e+01 5.00530557e-08
7.94500000e+01 4.99643540e-08
7.95000000e+01 4.98758820e-08
7.95500000e+01 4.97876330e-08
7.96000000e+01 4.96996123e-08
7.96500000e+01 4.96118130e-08
7.97000000e+01 4.95541303e-08
7.97500000e+01 4.94667217e-08
7.98000000e+01 4.93795390e-08
7.98500000e+01 4.92925797e-08
7.99000000e+01 4.92058330e-08
7.99500000e+01 4.91193093e-08
8.00000000e+01 4.90330077e-08
