-2.00000000e+01 4.38981440e-07
-1.99500000e+01 4.40879660e-07
-1.99000000e+01 4.42792690e-07
-1.98500000e+01 4.44720770e-07
-1.98000000e+01 4.46664003e-07
-1.97500000e+01 4.48622590e-07
-1.97000000e+01 4.50596720e-07
-1.96500000e+01 4.52586537e-07
-1.96000000e+01 4.54592280e-07
-1.95500000e+01 4.56614143e-07
-1.95000000e+01 4.58652260e-07
-1.94500000e+01 4.60706823e-07
-1.94000000e+01 4.62778150e-07
-1.93500000e+01 4.64866333e-07
-1.93000000e+01 4.66971607e-07
-1.92500000e+01 4.69094203e-07
-1.92000000e+01 4.71234267e-07
-1.91500000e+01 4.73392117e-07
-1.91000000e+01 4.75567893e-07
-1.90500000e+01 4.77761823e-07
-1.90000000e+01 4.79974150e-07
-1.89500000e+01 4.82205137e-07
-1.89000000e+01 4.84454980e-07
-1.88500000e+01 4.86723957e-07
-1.88000000e+01 4.89012243e-07
-1.87500000e+01 4.91320113e-07
-1.87000000e+01 4.93647873e-07
-1.86500000e+01 4.95995713e-07
-1.86000000e+01 4.98363917e-07
-1.85500000e+01 5.00752763e-07
-1.85000000e+01 5.03162450e-07
-1.84500000e+01 5.05593343e-07
-1.84000000e+01 5.08045710e-07
-1.83500000e+01 5.10519783e-07
-1.83000000e+01 5.13015823e-07
-1.82500000e+01 5.15534247e-07
-1.82000000e+01 5.18075250e-07
-1.81500000e+01 5.20639210e-07
-1.81000000e+01 5.23226347e-07
-1.80500000e+01 5.25837010e-07
-1.80000000e+01 5.28471580e-07
-1.79500000e+01 5.31130313e-07
-1.79000000e+01 5.33813580e-07
-1.78500000e+01 5.36521660e-07
-1.78000000e+01 5.39254990e-07
-1.77500000e+01 5.42013867e-07
-1.77000000e+01 5.44798687e-07
-1.76500000e+01 5.47609740e-07
-1.76000000e+01 5.50447427e-07
-1.75500000e+01 5.53312197e-07
-1.75000000e+01 5.56204353e-07
-1.74500000e+01 5.59124327e-07
-1.74000000e+01 5.62072530e-07
-1.73500000e+01 5.65049293e-07
-1.73000000e+01 5.68055147e-07
-1.72500000e+01 5.71090433e-07
-1.72000000e+01 5.74155620e-07
-1.71500000e+01 5.77251103e-07
-1.71000000e+01 5.80377407e-07
-1.70500000e+01 5.83534953e-07
-1.70000000e+01 5.86724237e-07
-1.69500000e+01 5.89945673e-07
-1.69000000e+01 5.93199753e-07
-1.68500000e+01 5.96487073e-07
-1.68000000e+01 5.99808043e-07
-1.67500000e+01 6.03163227e-07
-1.67000000e+01 6.06553147e-07
-1.66500000e+01 6.09978260e-07
-1.66000000e+01 6.13439253e-07
-1.65500000e+01 6.16936650e-07
-1.65000000e+01 6.20470980e-07
-1.64500000e+01 6.24042777e-07
-1.64000000e+01 6.27652803e-07
-1.63500000e+01 6.31301543e-07
-1.63000000e+01 6.34989673e-07
-1.62500000e+01 6.38717837e-07
-1.62000000e+01 6.42486590e-07
-1.61500000e+01 6.46296740e-07
-1.61000000e+01 6.50148873e-07
-1.60500000e+01 6.54043727e-07
-1.60000000e+01 6.57981940e-07
-1.59500000e+01 6.61964347e-07
-1.59000000e+01 6.65991643e-07
-1.58500000e+01 6.70064613e-07
-1.58000000e+01 6.74183953e-07
-1.57500000e+01 6.78350480e-07
-1.57000000e+01 6.82565117e-07
-1.56500000e+01 6.86828577e-07
-1.56000000e+01 6.91141770e-07
-1.55500000e+01 6.95505563e-07
-1.55000000e+01 6.99920760e-07
-1.54500000e+01 7.04388410e-07
-1.54000000e+01 7.08909353e-07
-1.53500000e+01 7.13484597e-07
-1.53000000e+01 7.18115027e-07
-1.52500000e+01 7.22801773e-07
-1.52000000e+01 7.27545793e-07
-1.51500000e+01 7.32348217e-07
-1.51000000e+01 7.37209987e-07
-1.50500000e+01 7.42132230e-07
-1.50000000e+01 7.47116220e-07
-1.49500000e+01 7.52162980e-07
-1.49000000e+01 7.57273767e-07
-1.48500000e+01 7.62449787e-07
-1.48000000e+01 7.67692177e-07
-1.47500000e+01 7.73002410e-07
-1.47000000e+01 7.78381753e-07
-1.46500000e+01 7.83831500e-07
-1.46000000e+01 7.89352927e-07
-1.45500000e+01 7.94947727e-07
-1.45000000e+01 8.00617170e-07
-1.44500000e+01 8.06362830e-07
-1.44000000e+01 8.12186237e-07
-1.43500000e+01 8.18088853e-07
-1.43000000e+01 8.24072497e-07
-1.42500000e+01 8.30138703e-07
-1.42000000e+01 8.36289257e-07
-1.41500000e+01 8.42525790e-07
-1.41000000e+01 8.48850280e-07
-1.40500000e+01 8.55264540e-07
-1.40000000e+01 8.61770500e-07
-1.39500000e+01 8.68370020e-07
-1.39000000e+01 8.75065140e-07
-1.38500000e+01 8.81858123e-07
-1.38000000e+01 8.88750937e-07
-1.37500000e+01 8.95745890e-07
-1.37000000e+01 9.02845213e-07
-1.36500000e+01 9.10051130e-07
-1.36000000e+01 9.17366310e-07
-1.35500000e+01 9.24793033e-07
-1.35000000e+01 9.32333963e-07
-1.34500000e+01 9.39991580e-07
-1.34000000e+01 9.47768797e-07
-1.33500000e+01 9.55668327e-07
-1.33000000e+01 9.63693200e-07
-1.32500000e+01 9.71846157e-07
-1.32000000e+01 9.80130327e-07
-1.31500000e+01 9.88549087e-07
-1.31000000e+01 9.97105523e-07
-1.30500000e+01 1.00580317e-06
-1.30000000e+01 1.01464537e-06
-1.29500000e+01 1.02363570e-06
-1.29000000e+01 1.03277817e-06
-1.28500000e+01 1.04207650e-06
-1.28000000e+01 1.05153463e-06
-1.27500000e+01 1.06115650e-06
-1.27000000e+01 1.07094683e-06
-1.26500000e+01 1.08090973e-06
-1.26000000e+01 1.09104997e-06
-1.25500000e+01 1.10137213e-06
-1.25000000e+01 1.11188103e-06
-1.24500000e+01 1.12258200e-06
-1.24000000e+01 1.13348017e-06
-1.23500000e+01 1.14458107e-06
-1.23000000e+01 1.15589013e-06
-1.22500000e+01 1.16741353e-06
-1.22000000e+01 1.17915730e-06
-1.21500000e+01 1.19112777e-06
-1.21000000e+01 1.20333130e-06
-1.20500000e+01 1.21577483e-06
-1.20000000e+01 1.22846563e-06
-1.19500000e+01 1.24141087e-06
-1.19000000e+01 1.25461833e-06
-1.18500000e+01 1.26809590e-06
-1.18000000e+01 1.28185170e-06
-1.17500000e+01 1.29589480e-06
-1.17000000e+01 1.31023400e-06
-1.16500000e+01 1.32487863e-06
-1.16000000e+01 1.33983813e-06
-1.15500000e+01 1.35512333e-06
-1.15000000e+01 1.37074440e-06
-1.14500000e+01 1.38671283e-06
-1.14000000e+01 1.40303977e-06
-1.13500000e+01 1.41973723e-06
-1.13000000e+01 1.43681830e-06
-1.12500000e+01 1.45429590e-06
-1.12000000e+01 1.47218397e-06
-1.11500000e+01 1.49049667e-06
-1.11000000e+01 1.50924950e-06
-1.10500000e+01 1.52845823e-06
-1.10000000e+01 1.54813950e-06
-1.09500000e+01 1.56831050e-06
-1.09000000e+01 1.58898947e-06
-1.08500000e+01 1.61019603e-06
-1.08000000e+01 1.63194997e-06
-1.07500000e+01 1.65427273e-06
-1.07000000e+01 1.67718650e-06
-1.06500000e+01 1.70071430e-06
-1.06000000e+01 1.72488133e-06
-1.05500000e+01 1.74971337e-06
-1.05000000e+01 1.77523807e-06
-1.04500000e+01 1.80148373e-06
-1.04000000e+01 1.82848137e-06
-1.03500000e+01 1.85626320e-06
-1.03000000e+01 1.88486343e-06
-1.02500000e+01 1.91431773e-06
-1.02000000e+01 1.94466417e-06
-1.01500000e+01 1.97594370e-06
-1.01000000e+01 2.00819873e-06
-1.00500000e+01 2.04147527e-06
-1.00000000e+01 2.07582127e-06
-9.95000000e+00 2.11128750e-06
-9.90000000e+00 2.14792980e-06
-9.85000000e+00 2.18580583e-06
-9.80000000e+00 2.22497780e-06
-9.75000000e+00 2.26551077e-06
-9.70000000e+00 2.30747697e-06
-9.65000000e+00 2.35095090e-06
-9.60000000e+00 2.39601410e-06
-9.55000000e+00 2.44275293e-06
-9.50000000e+00 2.49125940e-06
-9.45000000e+00 2.54163407e-06
-9.40000000e+00 2.59398397e-06
-9.35000000e+00 2.64842473e-06
-9.30000000e+00 2.70507940e-06
-9.25000000e+00 2.76408303e-06
-9.20000000e+00 2.82558053e-06
-9.15000000e+00 2.88972820e-06
-9.10000000e+00 2.95669557e-06
-9.05000000e+00 3.02666623e-06
-9.00000000e+00 3.09984123e-06
-8.95000000e+00 3.17643730e-06
-8.90000000e+00 3.25669250e-06
-8.85000000e+00 3.34086520e-06
-8.80000000e+00 3.42923740e-06
-8.75000000e+00 3.52211997e-06
-8.70000000e+00 3.61985327e-06
-8.65000000e+00 3.72281220e-06
-8.60000000e+00 3.83140617e-06
-8.55000000e+00 3.94609153e-06
-8.50000000e+00 4.06737090e-06
-8.45000000e+00 4.19580200e-06
-8.40000000e+00 4.33200297e-06
-8.35000000e+00 4.47666093e-06
-8.30000000e+00 4.63054610e-06
-8.25000000e+00 4.79451583e-06
-8.20000000e+00 4.96953467e-06
-8.15000000e+00 5.15668143e-06
-8.10000000e+00 5.35717140e-06
-8.05000000e+00 5.57238077e-06
-8.00000000e+00 5.80386083e-06
-7.95000000e+00 6.05337283e-06
-7.90000000e+00 6.32290887e-06
-7.85000000e+00 6.61474740e-06
-7.80000000e+00 6.93147453e-06
-7.75000000e+00 7.27604473e-06
-7.70000000e+00 7.65182490e-06
-7.65000000e+00 8.06264627e-06
-7.60000000e+00 8.51287730e-06
-7.55000000e+00 9.00747403e-06
-7.50000000e+00 9.55202093e-06
-7.45000000e+00 1.01527444e-05
-7.40000000e+00 1.08165257e-05
-7.35000000e+00 1.15507873e-05
-7.30000000e+00 1.23632953e-05
-7.25000000e+00 1.32618090e-05
-7.20000000e+00 1.42534667e-05
-7.15000000e+00 1.53439503e-05
-7.10000000e+00 1.65363083e-05
-7.05000000e+00 1.78296053e-05
-7.00000000e+00 1.92175020e-05
-6.95000000e+00 2.06871920e-05
-6.90000000e+00 2.22190803e-05
-6.85000000e+00 2.37874037e-05
-6.80000000e+00 2.53620683e-05
-6.75000000e+00 2.69112723e-05
-6.70000000e+00 2.84049413e-05
-6.65000000e+00 2.98180550e-05
-6.60000000e+00 3.11334670e-05
-6.55000000e+00 3.23429973e-05
-6.50000000e+00 3.34465430e-05
-6.45000000e+00 3.44494790e-05
-6.40000000e+00 3.53593133e-05
-6.35000000e+00 3.61831920e-05
-6.30000000e+00 3.69265177e-05
-6.25000000e+00 3.75927913e-05
-6.20000000e+00 3.81839270e-05
-6.15000000e+00 3.87006577e-05
-6.10000000e+00 3.91432663e-05
-6.05000000e+00 3.95122060e-05
-6.00000000e+00 3.98088623e-05
-5.95000000e+00 4.00357030e-05
-5.90000000e+00 4.01965893e-05
-5.85000000e+00 4.02968897e-05
-5.80000000e+00 4.03437767e-05
-5.75000000e+00 4.03462413e-05
-5.70000000e+00 4.03144423e-05
-5.65000000e+00 4.02587207e-05
-5.60000000e+00 4.01879293e-05
-5.55000000e+00 4.01078830e-05
-5.50000000e+00 4.00199963e-05
-5.45000000e+00 3.99206060e-05
-5.40000000e+00 3.98012493e-05
-5.35000000e+00 3.96501350e-05
-5.30000000e+00 3.94545837e-05
-5.25000000e+00 3.92043317e-05
-5.20000000e+00 3.88949823e-05
-5.15000000e+00 3.85302117e-05
-5.10000000e+00 3.81220600e-05
-5.05000000e+00 3.76889360e-05
-5.00000000e+00 3.72517143e-05
-4.95000000e+00 3.68295197e-05
-4.90000000e+00 3.64360657e-05
-4.85000000e+00 3.60776193e-05
-4.80000000e+00 3.57529443e-05
-4.75000000e+00 3.54550747e-05
-4.70000000e+00 3.51742303e-05
-4.65000000e+00 3.49009833e-05
-4.60000000e+00 3.46288273e-05
-4.55000000e+00 3.43555120e-05
-4.50000000e+00 3.40831347e-05
-4.45000000e+00 3.38170913e-05
-4.40000000e+00 3.35644307e-05
-4.35000000e+00 3.33322777e-05
-4.30000000e+00 3.31265750e-05
-4.25000000e+00 3.29513737e-05
-4.20000000e+00 3.28085457e-05
-4.15000000e+00 3.26975873e-05
-4.10000000e+00 3.26156893e-05
-4.05000000e+00 3.25578620e-05
-4.00000000e+00 3.25172193e-05
-3.95000000e+00 3.24855647e-05
-3.90000000e+00 3.24543557e-05
-3.85000000e+00 3.24159580e-05
-3.80000000e+00 3.23650940e-05
-3.75000000e+00 3.23000783e-05
-3.70000000e+00 3.22234533e-05
-3.65000000e+00 3.21419587e-05
-3.60000000e+00 3.20657087e-05
-3.55000000e+00 3.20067420e-05
-3.50000000e+00 3.19773853e-05
-3.45000000e+00 3.19886930e-05
-3.40000000e+00 3.20493913e-05
-3.35000000e+00 3.21654397e-05
-3.30000000e+00 3.23401350e-05
-3.25000000e+00 3.25746983e-05
-3.20000000e+00 3.28692573e-05
-3.15000000e+00 3.32237133e-05
-3.10000000e+00 3.36383870e-05
-3.05000000e+00 3.41141663e-05
-3.00000000e+00 3.46520900e-05
-2.95000000e+00 3.52523157e-05
-2.90000000e+00 3.59127380e-05
-2.85000000e+00 3.66273977e-05
-2.80000000e+00 3.73851340e-05
-2.75000000e+00 3.81688960e-05
-2.70000000e+00 3.89559480e-05
-2.65000000e+00 3.97192547e-05
-2.60000000e+00 4.04301437e-05
-2.55000000e+00 4.10620087e-05
-2.50000000e+00 4.15941937e-05
-2.45000000e+00 4.20153640e-05
-2.40000000e+00 4.23252383e-05
-2.35000000e+00 4.25343457e-05
-2.30000000e+00 4.26616883e-05
-2.25000000e+00 4.27309007e-05
-2.20000000e+00 4.27659373e-05
-2.15000000e+00 4.27871187e-05
-2.10000000e+00 4.28082523e-05
-2.05000000e+00 4.28351347e-05
-2.00000000e+00 4.28655190e-05
-1.95000000e+00 4.28902993e-05
-1.90000000e+00 4.28958157e-05
-1.85000000e+00 4.28667743e-05
-1.80000000e+00 4.27893860e-05
-1.75000000e+00 4.26541953e-05
-1.70000000e+00 4.24580740e-05
-1.65000000e+00 4.22050813e-05
-1.60000000e+00 4.19059937e-05
-1.55000000e+00 4.15767820e-05
-1.50000000e+00 4.12362787e-05
-1.45000000e+00 4.09036550e-05
-1.40000000e+00 4.05959350e-05
-1.35000000e+00 4.03260167e-05
-1.30000000e+00 4.01013253e-05
-1.25000000e+00 3.99229737e-05
-1.20000000e+00 3.97857723e-05
-1.15000000e+00 3.96785823e-05
-1.10000000e+00 3.95855260e-05
-1.05000000e+00 3.94875320e-05
-1.00000000e+00 3.93645810e-05
-9.50000000e-01 3.91980583e-05
-9.00000000e-01 3.89732117e-05
-8.50000000e-01 3.86811773e-05
-8.00000000e-01 3.83203013e-05
-7.50000000e-01 3.78964193e-05
-7.00000000e-01 3.74219967e-05
-6.50000000e-01 3.69144757e-05
-6.00000000e-01 3.63940880e-05
-5.50000000e-01 3.58815180e-05
-5.00000000e-01 3.53959477e-05
-4.50000000e-01 3.49534837e-05
-4.00000000e-01 3.45662520e-05
-3.50000000e-01 3.42419487e-05
-3.00000000e-01 3.39840253e-05
-2.50000000e-01 3.37919717e-05
-2.00000000e-01 3.36620627e-05
-1.50000000e-01 3.35882083e-05
-1.00000000e-01 3.35629507e-05
-5.00000000e-02 3.35785347e-05
0.00000000e+00 3.36279577e-05
5.00000000e-02 3.37058237e-05
1.00000000e-01 3.38090780e-05
1.50000000e-01 3.39373320e-05
2.00000000e-01 3.40928500e-05
2.50000000e-01 3.42801667e-05
3.00000000e-01 3.45053870e-05
3.50000000e-01 3.47753587e-05
4.00000000e-01 3.50967533e-05
4.50000000e-01 3.54751487e-05
5.00000000e-01 3.59141530e-05
5.50000000e-01 3.64148393e-05
6.00000000e-01 3.69752087e-05
6.50000000e-01 3.75899863e-05
7.00000000e-01 3.82506523e-05
7.50000000e-01 3.89456823e-05
8.00000000e-01 3.96612220e-05
8.50000000e-01 4.03820717e-05
9.00000000e-01 4.10927287e-05
9.50000000e-01 4.17786370e-05
1.00000000e+00 4.24272670e-05
1.05000000e+00 4.30289447e-05
1.10000000e+00 4.35773070e-05
1.15000000e+00 4.40691907e-05
1.20000000e+00 4.45041347e-05
1.25000000e+00 4.48837267e-05
1.30000000e+00 4.52106987e-05
1.35000000e+00 4.54881467e-05
1.40000000e+00 4.57189030e-05
1.45000000e+00 4.59051273e-05
1.50000000e+00 4.60481810e-05
1.55000000e+00 4.61487557e-05
1.60000000e+00 4.62070947e-05
1.65000000e+00 4.62233413e-05
1.70000000e+00 4.61979813e-05
1.75000000e+00 4.61320623e-05
1.80000000e+00 4.60275017e-05
1.85000000e+00 4.58871707e-05
1.90000000e+00 4.57148397e-05
1.95000000e+00 4.55150793e-05
2.00000000e+00 4.52930683e-05
2.05000000e+00 4.50542883e-05
2.10000000e+00 4.48043693e-05
2.15000000e+00 4.45488223e-05
2.20000000e+00 4.42928883e-05
2.25000000e+00 4.40414587e-05
2.30000000e+00 4.37989727e-05
2.35000000e+00 4.35693930e-05
2.40000000e+00 4.33562533e-05
2.45000000e+00 4.31625213e-05
2.50000000e+00 4.29905777e-05
2.55000000e+00 4.28420583e-05
2.60000000e+00 4.27177100e-05
2.65000000e+00 4.26172060e-05
2.70000000e+00 4.25389523e-05
2.75000000e+00 4.24799190e-05
2.80000000e+00 4.24357027e-05
2.85000000e+00 4.24005743e-05
2.90000000e+00 4.23678140e-05
2.95000000e+00 4.23301423e-05
3.00000000e+00 4.22802870e-05
3.05000000e+00 4.22117310e-05
3.10000000e+00 4.21193637e-05
3.15000000e+00 4.20001490e-05
3.20000000e+00 4.18534863e-05
3.25000000e+00 4.16814867e-05
3.30000000e+00 4.14888240e-05
3.35000000e+00 4.12824283e-05
3.40000000e+00 4.10708473e-05
3.45000000e+00 4.08634880e-05
3.50000000e+00 4.06697750e-05
3.55000000e+00 4.04983607e-05
3.60000000e+00 4.03563210e-05
3.65000000e+00 4.02485520e-05
3.70000000e+00 4.01773267e-05
3.75000000e+00 4.01419863e-05
3.80000000e+00 4.01389270e-05
3.85000000e+00 4.01616897e-05
3.90000000e+00 4.02013903e-05
3.95000000e+00 4.02473113e-05
4.00000000e+00 4.02876823e-05
4.05000000e+00 4.03107060e-05
4.10000000e+00 4.03055450e-05
4.15000000e+00 4.02633553e-05
4.20000000e+00 4.01781040e-05
4.25000000e+00 4.00471470e-05
4.30000000e+00 3.98713717e-05
4.35000000e+00 3.96549753e-05
4.40000000e+00 3.94049310e-05
4.45000000e+00 3.91300733e-05
4.50000000e+00 3.88402210e-05
4.55000000e+00 3.85450993e-05
4.60000000e+00 3.82535597e-05
4.65000000e+00 3.79728500e-05
4.70000000e+00 3.77081390e-05
4.75000000e+00 3.74623807e-05
4.80000000e+00 3.72362467e-05
4.85000000e+00 3.70284217e-05
4.90000000e+00 3.68359593e-05
4.95000000e+00 3.66547973e-05
5.00000000e+00 3.64804070e-05
5.05000000e+00 3.63083850e-05
5.10000000e+00 3.61351057e-05
5.15000000e+00 3.59581357e-05
5.20000000e+00 3.57766660e-05
5.25000000e+00 3.55915697e-05
5.30000000e+00 3.54054467e-05
5.35000000e+00 3.52223160e-05
5.40000000e+00 3.50472160e-05
5.45000000e+00 3.48857703e-05
5.50000000e+00 3.47436003e-05
5.55000000e+00 3.46258400e-05
5.60000000e+00 3.45366573e-05
5.65000000e+00 3.44789010e-05
5.70000000e+00 3.44537947e-05
5.75000000e+00 3.44608440e-05
5.80000000e+00 3.44977440e-05
5.85000000e+00 3.45604780e-05
5.90000000e+00 3.46435790e-05
5.95000000e+00 3.47403723e-05
6.00000000e+00 3.48435513e-05
6.05000000e+00 3.49456060e-05
6.10000000e+00 3.50394613e-05
6.15000000e+00 3.51190540e-05
6.20000000e+00 3.51798183e-05
6.25000000e+00 3.52190760e-05
6.30000000e+00 3.52361840e-05
6.35000000e+00 3.52325367e-05
6.40000000e+00 3.52112637e-05
6.45000000e+00 3.51769003e-05
6.50000000e+00 3.51347727e-05
6.55000000e+00 3.50905047e-05
6.60000000e+00 3.50494287e-05
6.65000000e+00 3.50161097e-05
6.70000000e+00 3.49940067e-05
6.75000000e+00 3.49851573e-05
6.80000000e+00 3.49900900e-05
6.85000000e+00 3.50078193e-05
6.90000000e+00 3.50359293e-05
6.95000000e+00 3.50708180e-05
7.00000000e+00 3.51079497e-05
7.05000000e+00 3.51422913e-05
7.10000000e+00 3.51686230e-05
7.15000000e+00 3.51820243e-05
7.20000000e+00 3.51781827e-05
7.25000000e+00 3.51537453e-05
7.30000000e+00 3.51065340e-05
7.35000000e+00 3.50355680e-05
7.40000000e+00 3.49411087e-05
7.45000000e+00 3.48244277e-05
7.50000000e+00 3.46875983e-05
7.55000000e+00 3.45331753e-05
7.60000000e+00 3.43638257e-05
7.65000000e+00 3.41821123e-05
7.70000000e+00 3.39901177e-05
7.75000000e+00 3.37893983e-05
7.80000000e+00 3.35808200e-05
7.85000000e+00 3.33646187e-05
7.90000000e+00 3.31405057e-05
7.95000000e+00 3.29078240e-05
8.00000000e+00 3.26658083e-05
8.05000000e+00 3.24138053e-05
8.10000000e+00 3.21515480e-05
8.15000000e+00 3.18793193e-05
8.20000000e+00 3.15981283e-05
8.25000000e+00 3.13097713e-05
8.30000000e+00 3.10168087e-05
8.35000000e+00 3.07224800e-05
8.40000000e+00 3.04305457e-05
8.45000000e+00 3.01450687e-05
8.50000000e+00 2.98701970e-05
8.55000000e+00 2.96099313e-05
8.60000000e+00 2.93678940e-05
8.65000000e+00 2.91471653e-05
8.70000000e+00 2.89501247e-05
8.75000000e+00 2.87783697e-05
8.80000000e+00 2.86326627e-05
8.85000000e+00 2.85129340e-05
8.90000000e+00 2.84183323e-05
8.95000000e+00 2.83472937e-05
9.00000000e+00 2.82976857e-05
9.05000000e+00 2.82669370e-05
9.10000000e+00 2.82522293e-05
9.15000000e+00 2.82506753e-05
9.20000000e+00 2.82595023e-05
9.25000000e+00 2.82762497e-05
9.30000000e+00 2.82988847e-05
9.35000000e+00 2.83259467e-05
9.40000000e+00 2.83565840e-05
9.45000000e+00 2.83905570e-05
9.50000000e+00 2.84281917e-05
9.55000000e+00 2.84702527e-05
9.60000000e+00 2.85178000e-05
9.65000000e+00 2.85719777e-05
9.70000000e+00 2.86338267e-05
9.75000000e+00 2.87040550e-05
9.80000000e+00 2.87828580e-05
9.85000000e+00 2.88697380e-05
9.90000000e+00 2.89634033e-05
9.95000000e+00 2.90616910e-05
1.00000000e+01 2.91615770e-05
1.00500000e+01 2.92592753e-05
1.01000000e+01 2.93503793e-05
1.01500000e+01 2.94301447e-05
1.02000000e+01 2.94937700e-05
1.02500000e+01 2.95367920e-05
1.03000000e+01 2.95554583e-05
1.03500000e+01 2.95470903e-05
1.04000000e+01 2.95104123e-05
1.04500000e+01 2.94457217e-05
1.05000000e+01 2.93550310e-05
1.05500000e+01 2.92419610e-05
1.06000000e+01 2.91115987e-05
1.06500000e+01 2.89701910e-05
1.07000000e+01 2.88247930e-05
1.07500000e+01 2.86828703e-05
1.08000000e+01 2.85519180e-05
1.08500000e+01 2.84391077e-05
1.09000000e+01 2.83510010e-05
1.09500000e+01 2.82933100e-05
1.10000000e+01 2.82707450e-05
1.10500000e+01 2.82869083e-05
1.11000000e+01 2.83442240e-05
1.11500000e+01 2.84439373e-05
1.12000000e+01 2.85861090e-05
1.12500000e+01 2.87696670e-05
1.13000000e+01 2.89924580e-05
1.13500000e+01 2.92513483e-05
1.14000000e+01 2.95423530e-05
1.14500000e+01 2.98607833e-05
1.15000000e+01 3.02014690e-05
1.15500000e+01 3.05589633e-05
1.16000000e+01 3.09278333e-05
1.16500000e+01 3.13028927e-05
1.17000000e+01 3.16794813e-05
1.17500000e+01 3.20537087e-05
1.18000000e+01 3.24225983e-05
1.18500000e+01 3.27842567e-05
1.19000000e+01 3.31378793e-05
1.19500000e+01 3.34837700e-05
1.20000000e+01 3.38232190e-05
1.20500000e+01 3.41583690e-05
1.21000000e+01 3.44920360e-05
1.21500000e+01 3.48274487e-05
1.22000000e+01 3.51680590e-05
1.22500000e+01 3.55172503e-05
1.23000000e+01 3.58781543e-05
1.23500000e+01 3.62534213e-05
1.24000000e+01 3.66450797e-05
1.24500000e+01 3.70544007e-05
1.25000000e+01 3.74818560e-05
1.25500000e+01 3.79271147e-05
1.26000000e+01 3.83890933e-05
1.26500000e+01 3.88660930e-05
1.27000000e+01 3.93559640e-05
1.27500000e+01 3.98563493e-05
1.28000000e+01 4.03648867e-05
1.28500000e+01 4.08795013e-05
1.29000000e+01 4.13986373e-05
1.29500000e+01 4.19214127e-05
1.30000000e+01 4.24477880e-05
1.30500000e+01 4.29785897e-05
1.31000000e+01 4.35154840e-05
1.31500000e+01 4.40608310e-05
1.32000000e+01 4.46174893e-05
1.32500000e+01 4.51885747e-05
1.33000000e+01 4.57770920e-05
1.33500000e+01 4.63856503e-05
1.34000000e+01 4.70160713e-05
1.34500000e+01 4.76690910e-05
1.35000000e+01 4.83440123e-05
1.35500000e+01 4.90384923e-05
1.36000000e+01 4.97483753e-05
1.36500000e+01 5.04675757e-05
1.37000000e+01 5.11881987e-05
1.37500000e+01 5.19006893e-05
1.38000000e+01 5.25942540e-05
1.38500000e+01 5.32573577e-05
1.39000000e+01 5.38784257e-05
1.39500000e+01 5.44466287e-05
1.40000000e+01 5.49526227e-05
1.40500000e+01 5.53893553e-05
1.41000000e+01 5.57525803e-05
1.41500000e+01 5.60412330e-05
1.42000000e+01 5.62574797e-05
1.42500000e+01 5.64064673e-05
1.43000000e+01 5.64958627e-05
1.43500000e+01 5.65350963e-05
1.44000000e+01 5.65345887e-05
1.44500000e+01 5.65048510e-05
1.45000000e+01 5.64556833e-05
1.45500000e+01 5.63954697e-05
1.46000000e+01 5.63305350e-05
1.46500000e+01 5.62648303e-05
1.47000000e+01 5.61995790e-05
1.47500000e+01 5.61332707e-05
1.48000000e+01 5.60617610e-05
1.48500000e+01 5.59785530e-05
1.49000000e+01 5.58752797e-05
1.49500000e+01 5.57423153e-05
1.50000000e+01 5.55695940e-05
1.50500000e+01 5.53474067e-05
1.51000000e+01 5.50673457e-05
1.51500000e+01 5.47231217e-05
1.52000000e+01 5.43112383e-05
1.52500000e+01 5.38314677e-05
1.53000000e+01 5.32870117e-05
1.53500000e+01 5.26843773e-05
1.54000000e+01 5.20329477e-05
1.54500000e+01 5.13443463e-05
1.55000000e+01 5.06316887e-05
1.55500000e+01 4.99087090e-05
1.56000000e+01 4.91890310e-05
1.56500000e+01 4.84854630e-05
1.57000000e+01 4.78094327e-05
1.57500000e+01 4.71706443e-05
1.58000000e+01 4.65767713e-05
1.58500000e+01 4.60334147e-05
1.59000000e+01 4.55439753e-05
1.59500000e+01 4.51098267e-05
1.60000000e+01 4.47303433e-05
1.60500000e+01 4.44031073e-05
1.61000000e+01 4.41240990e-05
1.61500000e+01 4.38879193e-05
1.62000000e+01 4.36881190e-05
1.62500000e+01 4.35174227e-05
1.63000000e+01 4.33682107e-05
1.63500000e+01 4.32328030e-05
1.64000000e+01 4.31039560e-05
1.64500000e+01 4.29752340e-05
1.65000000e+01 4.28413880e-05
1.65500000e+01 4.26987213e-05
1.66000000e+01 4.25452293e-05
1.66500000e+01 4.23807960e-05
1.67000000e+01 4.22070887e-05
1.67500000e+01 4.20274513e-05
1.68000000e+01 4.18466270e-05
1.68500000e+01 4.16703763e-05
1.69000000e+01 4.15051520e-05
1.69500000e+01 4.13576053e-05
1.70000000e+01 4.12342717e-05
1.70500000e+01 4.11411617e-05
1.71000000e+01 4.10834910e-05
1.71500000e+01 4.10654430e-05
1.72000000e+01 4.10899310e-05
1.72500000e+01 4.11585433e-05
1.73000000e+01 4.12713920e-05
1.73500000e+01 4.14270963e-05
1.74000000e+01 4.16227753e-05
1.74500000e+01 4.18540993e-05
1.75000000e+01 4.21153917e-05
1.75500000e+01 4.23997507e-05
1.76000000e+01 4.26993300e-05
1.76500000e+01 4.30055883e-05
1.77000000e+01 4.33096780e-05
1.77500000e+01 4.36028547e-05
1.78000000e+01 4.38769593e-05
1.78500000e+01 4.41248617e-05
1.79000000e+01 4.43408877e-05
1.79500000e+01 4.45212060e-05
1.80000000e+01 4.46640253e-05
1.80500000e+01 4.47697227e-05
1.81000000e+01 4.48407650e-05
1.81500000e+01 4.48815433e-05
1.82000000e+01 4.48980080e-05
1.82500000e+01 4.48972720e-05
1.83000000e+01 4.48871947e-05
1.83500000e+01 4.48758503e-05
1.84000000e+01 4.48711743e-05
1.84500000e+01 4.48805300e-05
1.85000000e+01 4.49104683e-05
1.85500000e+01 4.49664540e-05
1.86000000e+01 4.50527360e-05
1.86500000e+01 4.51723043e-05
1.87000000e+01 4.53268067e-05
1.87500000e+01 4.55166597e-05
1.88000000e+01 4.57410703e-05
1.88500000e+01 4.59982210e-05
1.89000000e+01 4.62853743e-05
1.89500000e+01 4.65990913e-05
1.90000000e+01 4.69354550e-05
1.90500000e+01 4.72902537e-05
1.91000000e+01 4.76592720e-05
1.91500000e+01 4.80384717e-05
1.92000000e+01 4.84242250e-05
1.92500000e+01 4.88134797e-05
1.93000000e+01 4.92038880e-05
1.93500000e+01 4.95938727e-05
1.94000000e+01 4.99826260e-05
1.94500000e+01 5.03700667e-05
1.95000000e+01 5.07567030e-05
1.95500000e+01 5.11434607e-05
1.96000000e+01 5.15314837e-05
1.96500000e+01 5.19219147e-05
1.97000000e+01 5.23156350e-05
1.97500000e+01 5.27130803e-05
1.98000000e+01 5.31140447e-05
1.98500000e+01 5.35175590e-05
1.99000000e+01 5.39217897e-05
1.99500000e+01 5.43240723e-05
2.00000000e+01 5.47209530e-05
2.00500000e+01 5.51083493e-05
2.01000000e+01 5.54817480e-05
2.01500000e+01 5.58364997e-05
2.02000000e+01 5.61681553e-05
2.02500000e+01 5.64727623e-05
2.03000000e+01 5.67472700e-05
2.03500000e+01 5.69898040e-05
2.04000000e+01 5.71999037e-05
2.04500000e+01 5.73787153e-05
2.05000000e+01 5.75289957e-05
2.05500000e+01 5.76551190e-05
2.06000000e+01 5.77628183e-05
2.06500000e+01 5.78589910e-05
2.07000000e+01 5.79512903e-05
2.07500000e+01 5.80477527e-05
2.08000000e+01 5.81563627e-05
2.08500000e+01 5.82845877e-05
2.09000000e+01 5.84390400e-05
2.09500000e+01 5.86249897e-05
2.10000000e+01 5.88461423e-05
2.10500000e+01 5.91042730e-05
2.11000000e+01 5.93990537e-05
2.11500000e+01 5.97279157e-05
2.12000000e+01 6.00859380e-05
2.12500000e+01 6.04659310e-05
2.13000000e+01 6.08585150e-05
2.13500000e+01 6.12524360e-05
2.14000000e+01 6.16348880e-05
2.14500000e+01 6.19920920e-05
2.15000000e+01 6.23099340e-05
2.15500000e+01 6.25746887e-05
2.16000000e+01 6.27738693e-05
2.16500000e+01 6.28969890e-05
2.17000000e+01 6.29363150e-05
2.17500000e+01 6.28873987e-05
2.18000000e+01 6.27494610e-05
2.18500000e+01 6.25254730e-05
2.19000000e+01 6.22219943e-05
2.19500000e+01 6.18487433e-05
2.20000000e+01 6.14180037e-05
2.20500000e+01 6.09438593e-05
2.21000000e+01 6.04414390e-05
2.21500000e+01 5.99261040e-05
2.22000000e+01 5.94127707e-05
2.22500000e+01 5.89153343e-05
2.23000000e+01 5.84462020e-05
2.23500000e+01 5.80159943e-05
2.24000000e+01 5.76333577e-05
2.24500000e+01 5.73048793e-05
2.25000000e+01 5.70350973e-05
2.25500000e+01 5.68265573e-05
2.26000000e+01 5.66799230e-05
2.26500000e+01 5.65941323e-05
2.27000000e+01 5.65665467e-05
2.27500000e+01 5.65931550e-05
2.28000000e+01 5.66687670e-05
2.28500000e+01 5.67872537e-05
2.29000000e+01 5.69417787e-05
2.29500000e+01 5.71250640e-05
2.30000000e+01 5.73296813e-05
2.30500000e+01 5.75483260e-05
2.31000000e+01 5.77741153e-05
2.31500000e+01 5.80008517e-05
2.32000000e+01 5.82232750e-05
2.32500000e+01 5.84372423e-05
2.33000000e+01 5.86398527e-05
2.33500000e+01 5.88295153e-05
2.34000000e+01 5.90059053e-05
2.34500000e+01 5.91698800e-05
2.35000000e+01 5.93233030e-05
2.35500000e+01 5.94688223e-05
2.36000000e+01 5.96096200e-05
2.36500000e+01 5.97491213e-05
2.37000000e+01 5.98907407e-05
2.37500000e+01 6.00376187e-05
2.38000000e+01 6.01923950e-05
2.38500000e+01 6.03570170e-05
2.39000000e+01 6.05326137e-05
2.39500000e+01 6.07193827e-05
2.40000000e+01 6.09165453e-05
2.40500000e+01 6.11223357e-05
2.41000000e+01 6.13340463e-05
2.41500000e+01 6.15481033e-05
2.42000000e+01 6.17601850e-05
2.42500000e+01 6.19653940e-05
2.43000000e+01 6.21584500e-05
2.43500000e+01 6.23339043e-05
2.44000000e+01 6.24863810e-05
2.44500000e+01 6.26108237e-05
2.45000000e+01 6.27027233e-05
2.45500000e+01 6.27583257e-05
2.46000000e+01 6.27747653e-05
2.46500000e+01 6.27502040e-05
2.47000000e+01 6.26838353e-05
2.47500000e+01 6.25758647e-05
2.48000000e+01 6.24274267e-05
2.48500000e+01 6.22404453e-05
2.49000000e+01 6.20174777e-05
2.49500000e+01 6.17615327e-05
2.50000000e+01 6.14759130e-05
2.50500000e+01 6.11640697e-05
2.51000000e+01 6.08294897e-05
2.51500000e+01 6.04756077e-05
2.52000000e+01 6.01057637e-05
2.52500000e+01 5.97231680e-05
2.53000000e+01 5.93309097e-05
2.53500000e+01 5.89319530e-05
2.54000000e+01 5.85291597e-05
2.54500000e+01 5.81253030e-05
2.55000000e+01 5.77230777e-05
2.55500000e+01 5.73251177e-05
2.56000000e+01 5.69339753e-05
2.56500000e+01 5.65521547e-05
2.57000000e+01 5.61820723e-05
2.57500000e+01 5.58260683e-05
2.58000000e+01 5.54863930e-05
2.58500000e+01 5.51651893e-05
2.59000000e+01 5.48644773e-05
2.59500000e+01 5.45861267e-05
2.60000000e+01 5.43318327e-05
2.60500000e+01 5.41030840e-05
2.61000000e+01 5.39011150e-05
2.61500000e+01 5.37268687e-05
2.62000000e+01 5.35809607e-05
2.62500000e+01 5.34636243e-05
2.63000000e+01 5.33746963e-05
2.63500000e+01 5.33135713e-05
2.64000000e+01 5.32792213e-05
2.64500000e+01 5.32701737e-05
2.65000000e+01 5.32845480e-05
2.65500000e+01 5.33200927e-05
2.66000000e+01 5.33742343e-05
2.66500000e+01 5.34441613e-05
2.67000000e+01 5.35268910e-05
2.67500000e+01 5.36193723e-05
2.68000000e+01 5.37185823e-05
2.68500000e+01 5.38216110e-05
2.69000000e+01 5.39257707e-05
2.69500000e+01 5.40286750e-05
2.70000000e+01 5.41283067e-05
2.70500000e+01 5.42230860e-05
2.71000000e+01 5.43118980e-05
2.71500000e+01 5.43941183e-05
2.72000000e+01 5.44695947e-05
2.72500000e+01 5.45386150e-05
2.73000000e+01 5.46018627e-05
2.73500000e+01 5.46603213e-05
2.74000000e+01 5.47152043e-05
2.74500000e+01 5.47678343e-05
2.75000000e+01 5.48195453e-05
2.75500000e+01 5.48715697e-05
2.76000000e+01 5.49249393e-05
2.76500000e+01 5.49804037e-05
2.77000000e+01 5.50383637e-05
2.77500000e+01 5.50988203e-05
2.78000000e+01 5.51613673e-05
2.78500000e+01 5.52251930e-05
2.79000000e+01 5.52891047e-05
2.79500000e+01 5.53515930e-05
2.80000000e+01 5.54108803e-05
2.80500000e+01 5.54650257e-05
2.81000000e+01 5.55119987e-05
2.81500000e+01 5.55497833e-05
2.82000000e+01 5.55764653e-05
2.82500000e+01 5.55903187e-05
2.83000000e+01 5.55898790e-05
2.83500000e+01 5.55740010e-05
2.84000000e+01 5.55418987e-05
2.84500000e+01 5.54931597e-05
2.85000000e+01 5.54277467e-05
2.85500000e+01 5.53459727e-05
2.86000000e+01 5.52484530e-05
2.86500000e+01 5.51360490e-05
2.87000000e+01 5.50098007e-05
2.87500000e+01 5.48708550e-05
2.88000000e+01 5.47203913e-05
2.88500000e+01 5.45595593e-05
2.89000000e+01 5.43894333e-05
2.89500000e+01 5.42109770e-05
2.90000000e+01 5.40250273e-05
2.90500000e+01 5.38322960e-05
2.91000000e+01 5.36333957e-05
2.91500000e+01 5.34288640e-05
2.92000000e+01 5.32192067e-05
2.92500000e+01 5.30049353e-05
2.93000000e+01 5.27866127e-05
2.93500000e+01 5.25648780e-05
2.94000000e+01 5.23404830e-05
2.94500000e+01 5.21142977e-05
2.95000000e+01 5.18873270e-05
2.95500000e+01 5.16607063e-05
2.96000000e+01 5.14356980e-05
2.96500000e+01 5.12136923e-05
2.97000000e+01 5.09962010e-05
2.97500000e+01 5.07848500e-05
2.98000000e+01 5.05813797e-05
2.98500000e+01 5.03876387e-05
2.99000000e+01 5.02055773e-05
2.99500000e+01 5.00372287e-05
3.00000000e+01 4.98846833e-05
3.00500000e+01 4.97500510e-05
3.01000000e+01 4.96354077e-05
3.01500000e+01 4.95427373e-05
3.02000000e+01 4.94738567e-05
3.02500000e+01 4.94303440e-05
3.03000000e+01 4.94134583e-05
3.03500000e+01 4.94240680e-05
3.04000000e+01 4.94625827e-05
3.04500000e+01 4.95289040e-05
3.05000000e+01 4.96223760e-05
3.05500000e+01 4.97417663e-05
3.06000000e+01 4.98852517e-05
3.06500000e+01 5.00504310e-05
3.07000000e+01 5.02343467e-05
3.07500000e+01 5.04335293e-05
3.08000000e+01 5.06440580e-05
3.08500000e+01 5.08616390e-05
3.09000000e+01 5.10816993e-05
3.09500000e+01 5.12994973e-05
3.10000000e+01 5.15102503e-05
3.10500000e+01 5.17092680e-05
3.11000000e+01 5.18920947e-05
3.11500000e+01 5.20546590e-05
3.12000000e+01 5.21934137e-05
3.12500000e+01 5.23054603e-05
3.13000000e+01 5.23886593e-05
3.13500000e+01 5.24417100e-05
3.14000000e+01 5.24641873e-05
3.14500000e+01 5.24565520e-05
3.15000000e+01 5.24201107e-05
3.15500000e+01 5.23569473e-05
3.16000000e+01 5.22698173e-05
3.16500000e+01 5.21620227e-05
3.17000000e+01 5.20372737e-05
3.17500000e+01 5.18995460e-05
3.18000000e+01 5.17529413e-05
3.18500000e+01 5.16015627e-05
3.19000000e+01 5.14494047e-05
3.19500000e+01 5.13002610e-05
3.20000000e+01 5.11576530e-05
3.20500000e+01 5.10247770e-05
3.21000000e+01 5.09044627e-05
3.21500000e+01 5.07991590e-05
3.22000000e+01 5.07109157e-05
3.22500000e+01 5.06413900e-05
3.23000000e+01 5.05918497e-05
3.23500000e+01 5.05631950e-05
3.24000000e+01 5.05559743e-05
3.24500000e+01 5.05704147e-05
3.25000000e+01 5.06064503e-05
3.25500000e+01 5.06637547e-05
3.26000000e+01 5.07417743e-05
3.26500000e+01 5.08397637e-05
3.27000000e+01 5.09568117e-05
3.27500000e+01 5.10918763e-05
3.28000000e+01 5.12438033e-05
3.28500000e+01 5.14113453e-05
3.29000000e+01 5.15931767e-05
3.29500000e+01 5.17878987e-05
3.30000000e+01 5.19940453e-05
3.30500000e+01 5.22100830e-05
3.31000000e+01 5.24344117e-05
3.31500000e+01 5.26653660e-05
3.32000000e+01 5.29012203e-05
3.32500000e+01 5.31401953e-05
3.33000000e+01 5.33804723e-05
3.33500000e+01 5.36202110e-05
3.34000000e+01 5.38575720e-05
3.34500000e+01 5.40907440e-05
3.35000000e+01 5.43179720e-05
3.35500000e+01 5.45375897e-05
3.36000000e+01 5.47480500e-05
3.36500000e+01 5.49479563e-05
3.37000000e+01 5.51360900e-05
3.37500000e+01 5.53114360e-05
3.38000000e+01 5.54732037e-05
3.38500000e+01 5.56208403e-05
3.39000000e+01 5.57540407e-05
3.39500000e+01 5.58727420e-05
3.40000000e+01 5.59771177e-05
3.40500000e+01 5.60675513e-05
3.41000000e+01 5.61446063e-05
3.41500000e+01 5.62089800e-05
3.42000000e+01 5.62614503e-05
3.42500000e+01 5.63028153e-05
3.43000000e+01 5.63338237e-05
3.43500000e+01 5.63551110e-05
3.44000000e+01 5.63671310e-05
3.44500000e+01 5.63700977e-05
3.45000000e+01 5.63639387e-05
3.45500000e+01 5.63482607e-05
3.46000000e+01 5.63223313e-05
3.46500000e+01 5.62850823e-05
3.47000000e+01 5.62351337e-05
3.47500000e+01 5.61708343e-05
3.48000000e+01 5.60903303e-05
3.48500000e+01 5.59916437e-05
3.49000000e+01 5.58727727e-05
3.49500000e+01 5.57318033e-05
3.50000000e+01 5.55670213e-05
3.50500000e+01 5.53770343e-05
3.51000000e+01 5.51608763e-05
3.51500000e+01 5.49181113e-05
3.52000000e+01 5.46489040e-05
3.52500000e+01 5.43540823e-05
3.53000000e+01 5.40351507e-05
3.53500000e+01 5.36942903e-05
3.54000000e+01 5.33343130e-05
3.54500000e+01 5.29585947e-05
3.55000000e+01 5.25709760e-05
3.55500000e+01 5.21756443e-05
3.56000000e+01 5.17770017e-05
3.56500000e+01 5.13795243e-05
3.57000000e+01 5.09876193e-05
3.57500000e+01 5.06054890e-05
3.58000000e+01 5.02370057e-05
3.58500000e+01 4.98855967e-05
3.59000000e+01 4.95541507e-05
3.59500000e+01 4.92449423e-05
3.60000000e+01 4.89595710e-05
3.60500000e+01 4.86989277e-05
3.61000000e+01 4.84631747e-05
3.61500000e+01 4.82517523e-05
3.62000000e+01 4.80634030e-05
3.62500000e+01 4.78962140e-05
3.63000000e+01 4.77476890e-05
3.63500000e+01 4.76148357e-05
3.64000000e+01 4.74942763e-05
3.64500000e+01 4.73823733e-05
3.65000000e+01 4.72753783e-05
3.65500000e+01 4.71695837e-05
3.66000000e+01 4.70614830e-05
3.66500000e+01 4.69479257e-05
3.67000000e+01 4.68262580e-05
3.67500000e+01 4.66944500e-05
3.68000000e+01 4.65511777e-05
3.68500000e+01 4.63958927e-05
3.69000000e+01 4.62288310e-05
3.69500000e+01 4.60509967e-05
3.70000000e+01 4.58640953e-05
3.70500000e+01 4.56704450e-05
3.71000000e+01 4.54728487e-05
3.71500000e+01 4.52744573e-05
3.72000000e+01 4.50786103e-05
3.72500000e+01 4.48886767e-05
3.73000000e+01 4.47079070e-05
3.73500000e+01 4.45392817e-05
3.74000000e+01 4.43853840e-05
3.74500000e+01 4.42482893e-05
3.75000000e+01 4.41294753e-05
3.75500000e+01 4.40297497e-05
3.76000000e+01 4.39492067e-05
3.76500000e+01 4.38872103e-05
3.77000000e+01 4.38423903e-05
3.77500000e+01 4.38126803e-05
3.78000000e+01 4.37953683e-05
3.78500000e+01 4.37871860e-05
3.79000000e+01 4.37844167e-05
3.79500000e+01 4.37830343e-05
3.80000000e+01 4.37788603e-05
3.80500000e+01 4.37677503e-05
3.81000000e+01 4.37457753e-05
3.81500000e+01 4.37094167e-05
3.82000000e+01 4.36557490e-05
3.82500000e+01 4.35826010e-05
3.83000000e+01 4.34886877e-05
3.83500000e+01 4.33736920e-05
3.84000000e+01 4.32383190e-05
3.84500000e+01 4.30842680e-05
3.85000000e+01 4.29141870e-05
3.85500000e+01 4.27315530e-05
3.86000000e+01 4.25405397e-05
3.86500000e+01 4.23458373e-05
3.87000000e+01 4.21524747e-05
3.87500000e+01 4.19656257e-05
3.88000000e+01 4.17904343e-05
3.88500000e+01 4.16318487e-05
3.89000000e+01 4.14944823e-05
3.89500000e+01 4.13824973e-05
3.90000000e+01 4.12995173e-05
3.90500000e+01 4.12485640e-05
3.91000000e+01 4.12320230e-05
3.91500000e+01 4.12516163e-05
3.92000000e+01 4.13084083e-05
3.92500000e+01 4.14028160e-05
3.93000000e+01 4.15346280e-05
3.93500000e+01 4.17030447e-05
3.94000000e+01 4.19067167e-05
3.94500000e+01 4.21437890e-05
3.95000000e+01 4.24119603e-05
3.95500000e+01 4.27085393e-05
3.96000000e+01 4.30305143e-05
3.96500000e+01 4.33746300e-05
3.97000000e+01 4.37374537e-05
3.97500000e+01 4.41154653e-05
3.98000000e+01 4.45051410e-05
3.98500000e+01 4.49030317e-05
3.99000000e+01 4.53058390e-05
3.99500000e+01 4.57104890e-05
4.00000000e+01 4.61141943e-05
4.00500000e+01 4.65144910e-05
4.01000000e+01 4.69092637e-05
4.01500000e+01 4.72967567e-05
4.02000000e+01 4.76755553e-05
4.02500000e+01 4.80445437e-05
4.03000000e+01 4.84028527e-05
4.03500000e+01 4.87498007e-05
4.04000000e+01 4.90848153e-05
4.04500000e+01 4.94073613e-05
4.05000000e+01 4.97168800e-05
4.05500000e+01 5.00127460e-05
4.06000000e+01 5.02942257e-05
4.06500000e+01 5.05604787e-05
4.07000000e+01 5.08105683e-05
4.07500000e+01 5.10435113e-05
4.08000000e+01 5.12583140e-05
4.08500000e+01 5.14540673e-05
4.09000000e+01 5.16300073e-05
4.09500000e+01 5.17856050e-05
4.10000000e+01 5.19206293e-05
4.10500000e+01 5.20352110e-05
4.11000000e+01 5.21298893e-05
4.11500000e+01 5.22056183e-05
4.12000000e+01 5.22637713e-05
4.12500000e+01 5.23061090e-05
4.13000000e+01 5.23347290e-05
4.13500000e+01 5.23519847e-05
4.14000000e+01 5.23604140e-05
4.14500000e+01 5.23626197e-05
4.15000000e+01 5.23611840e-05
4.15500000e+01 5.23585420e-05
4.16000000e+01 5.23568963e-05
4.16500000e+01 5.23581250e-05
4.17000000e+01 5.23637043e-05
4.17500000e+01 5.23746513e-05
4.18000000e+01 5.23914930e-05
4.18500000e+01 5.24142550e-05
4.19000000e+01 5.24424743e-05
4.19500000e+01 5.24752350e-05
4.20000000e+01 5.25112480e-05
4.20500000e+01 5.25489010e-05
4.21000000e+01 5.25863947e-05
4.21500000e+01 5.26218290e-05
4.22000000e+01 5.26533280e-05
4.22500000e+01 5.26791657e-05
4.23000000e+01 5.26978663e-05
4.23500000e+01 5.27083167e-05
4.24000000e+01 5.27098437e-05
4.24500000e+01 5.27022807e-05
4.25000000e+01 5.26859913e-05
4.25500000e+01 5.26618793e-05
4.26000000e+01 5.26313557e-05
4.26500000e+01 5.25962907e-05
4.27000000e+01 5.25589250e-05
4.27500000e+01 5.25217707e-05
4.28000000e+01 5.24874823e-05
4.28500000e+01 5.24587400e-05
4.29000000e+01 5.24381060e-05
4.29500000e+01 5.24279000e-05
4.30000000e+01 5.24300897e-05
4.30500000e+01 5.24461843e-05
4.31000000e+01 5.24771767e-05
4.31500000e+01 5.25234770e-05
4.32000000e+01 5.25849143e-05
4.32500000e+01 5.26607447e-05
4.33000000e+01 5.27496913e-05
4.33500000e+01 5.28500297e-05
4.34000000e+01 5.29596800e-05
4.34500000e+01 5.30763363e-05
4.35000000e+01 5.31975970e-05
4.35500000e+01 5.33211117e-05
4.36000000e+01 5.34447243e-05
4.36500000e+01 5.35665960e-05
4.37000000e+01 5.36853250e-05
4.37500000e+01 5.38000293e-05
4.38000000e+01 5.39104167e-05
4.38500000e+01 5.40167950e-05
4.39000000e+01 5.41200780e-05
4.39500000e+01 5.42217480e-05
4.40000000e+01 5.43237760e-05
4.40500000e+01 5.44285273e-05
4.41000000e+01 5.45386497e-05
4.41500000e+01 5.46569310e-05
4.42000000e+01 5.47861597e-05
4.42500000e+01 5.49289743e-05
4.43000000e+01 5.50877180e-05
4.43500000e+01 5.52643010e-05
4.44000000e+01 5.54600587e-05
4.44500000e+01 5.56756603e-05
4.45000000e+01 5.59110033e-05
4.45500000e+01 5.61651633e-05
4.46000000e+01 5.64363403e-05
4.46500000e+01 5.67218717e-05
4.47000000e+01 5.70182650e-05
4.47500000e+01 5.73212393e-05
4.48000000e+01 5.76258503e-05
4.48500000e+01 5.79266127e-05
4.49000000e+01 5.82176837e-05
4.49500000e+01 5.84930497e-05
4.50000000e+01 5.87467577e-05
4.50500000e+01 5.89731473e-05
4.51000000e+01 5.91670853e-05
4.51500000e+01 5.93241990e-05
4.52000000e+01 5.94410703e-05
4.52500000e+01 5.95154210e-05
4.53000000e+01 5.95462080e-05
4.53500000e+01 5.95336957e-05
4.54000000e+01 5.94794300e-05
4.54500000e+01 5.93861687e-05
4.55000000e+01 5.92577343e-05
4.55500000e+01 5.90988010e-05
4.56000000e+01 5.89146770e-05
4.56500000e+01 5.87110373e-05
4.57000000e+01 5.84936517e-05
4.57500000e+01 5.82681383e-05
4.58000000e+01 5.80397550e-05
4.58500000e+01 5.78132000e-05
4.59000000e+01 5.75924877e-05
4.59500000e+01 5.73808600e-05
4.60000000e+01 5.71807323e-05
4.60500000e+01 5.69937213e-05
4.61000000e+01 5.68206457e-05
4.61500000e+01 5.66616340e-05
4.62000000e+01 5.65161703e-05
4.62500000e+01 5.63832483e-05
4.63000000e+01 5.62614397e-05
4.63500000e+01 5.61490503e-05
4.64000000e+01 5.60442390e-05
4.64500000e+01 5.59451070e-05
4.65000000e+01 5.58498557e-05
4.65500000e+01 5.57568517e-05
4.66000000e+01 5.56647323e-05
4.66500000e+01 5.55724870e-05
4.67000000e+01 5.54794987e-05
4.67500000e+01 5.53856037e-05
4.68000000e+01 5.52910917e-05
4.68500000e+01 5.51967120e-05
4.69000000e+01 5.51036477e-05
4.69500000e+01 5.50134747e-05
4.70000000e+01 5.49281000e-05
4.70500000e+01 5.48496753e-05
4.71000000e+01 5.47805360e-05
4.71500000e+01 5.47230763e-05
4.72000000e+01 5.46796850e-05
4.72500000e+01 5.46526303e-05
4.73000000e+01 5.46439930e-05
4.73500000e+01 5.46555713e-05
4.74000000e+01 5.46888097e-05
4.74500000e+01 5.47447587e-05
4.75000000e+01 5.48239940e-05
4.75500000e+01 5.49266043e-05
4.76000000e+01 5.50521417e-05
4.76500000e+01 5.51996267e-05
4.77000000e+01 5.53675210e-05
4.77500000e+01 5.55537480e-05
4.78000000e+01 5.57557230e-05
4.78500000e+01 5.59703660e-05
4.79000000e+01 5.61941857e-05
4.79500000e+01 5.64233163e-05
4.80000000e+01 5.66536420e-05
4.80500000e+01 5.68808587e-05
4.81000000e+01 5.71006097e-05
4.81500000e+01 5.73086077e-05
4.82000000e+01 5.75007503e-05
4.82500000e+01 5.76732420e-05
4.83000000e+01 5.78227247e-05
4.83500000e+01 5.79463423e-05
4.84000000e+01 5.80418613e-05
4.84500000e+01 5.81076750e-05
4.85000000e+01 5.81428610e-05
4.85500000e+01 5.81471540e-05
4.86000000e+01 5.81208897e-05
4.86500000e+01 5.80649747e-05
4.87000000e+01 5.79807313e-05
4.87500000e+01 5.78698600e-05
4.88000000e+01 5.77342180e-05
4.88500000e+01 5.75757953e-05
4.89000000e+01 5.73965190e-05
4.89500000e+01 5.71981550e-05
4.90000000e+01 5.69822553e-05
4.90500000e+01 5.67500193e-05
4.91000000e+01 5.65023287e-05
4.91500000e+01 5.62396393e-05
4.92000000e+01 5.59621167e-05
4.92500000e+01 5.56695597e-05
4.93000000e+01 5.53615703e-05
4.93500000e+01 5.50375860e-05
4.94000000e+01 5.46970347e-05
4.94500000e+01 5.43394313e-05
4.95000000e+01 5.39645140e-05
4.95500000e+01 5.35723997e-05
4.96000000e+01 5.31636113e-05
4.96500000e+01 5.27392497e-05
4.97000000e+01 5.23009707e-05
4.97500000e+01 5.18510593e-05
4.98000000e+01 5.13923513e-05
4.98500000e+01 5.09282223e-05
4.99000000e+01 5.04624897e-05
4.99500000e+01 4.99992373e-05
5.00000000e+01 4.95428060e-05
5.00500000e+01 4.90975243e-05
5.01000000e+01 4.86676813e-05
5.01500000e+01 4.82573343e-05
5.02000000e+01 4.78702427e-05
5.02500000e+01 4.75097827e-05
5.03000000e+01 4.71788260e-05
5.03500000e+01 4.68798033e-05
5.04000000e+01 4.66145493e-05
5.04500000e+01 4.63844033e-05
5.05000000e+01 4.61901300e-05
5.05500000e+01 4.60319653e-05
5.06000000e+01 4.59096350e-05
5.06500000e+01 4.58223333e-05
5.07000000e+01 4.57688280e-05
5.07500000e+01 4.57473987e-05
5.08000000e+01 4.57559470e-05
5.08500000e+01 4.57919947e-05
5.09000000e+01 4.58527533e-05
5.09500000e+01 4.59351870e-05
5.10000000e+01 4.60360337e-05
5.10500000e+01 4.61519447e-05
5.11000000e+01 4.62794897e-05
5.11500000e+01 4.64152543e-05
5.12000000e+01 4.65559047e-05
5.12500000e+01 4.66982367e-05
5.13000000e+01 4.68392323e-05
5.13500000e+01 4.69760477e-05
5.14000000e+01 4.71060907e-05
5.14500000e+01 4.72269727e-05
5.15000000e+01 4.73365467e-05
5.15500000e+01 4.74328660e-05
5.16000000e+01 4.75142100e-05
5.16500000e+01 4.75790640e-05
5.17000000e+01 4.76261127e-05
5.17500000e+01 4.76542737e-05
5.18000000e+01 4.76626773e-05
5.18500000e+01 4.76507217e-05
5.19000000e+01 4.76180347e-05
5.19500000e+01 4.75645333e-05
5.20000000e+01 4.74903983e-05
5.20500000e+01 4.73960900e-05
5.21000000e+01 4.72823577e-05
5.21500000e+01 4.71502197e-05
5.22000000e+01 4.70009843e-05
5.22500000e+01 4.68362223e-05
5.23000000e+01 4.66577807e-05
5.23500000e+01 4.64677273e-05
5.24000000e+01 4.62683630e-05
5.24500000e+01 4.60621523e-05
5.25000000e+01 4.58516700e-05
5.25500000e+01 4.56395393e-05
5.26000000e+01 4.54283393e-05
5.26500000e+01 4.52205270e-05
5.27000000e+01 4.50183163e-05
5.27500000e+01 4.48236343e-05
5.28000000e+01 4.46380263e-05
5.28500000e+01 4.44625883e-05
5.29000000e+01 4.42979543e-05
5.29500000e+01 4.41442723e-05
5.30000000e+01 4.40012097e-05
5.30500000e+01 4.38680130e-05
5.31000000e+01 4.37435130e-05
5.31500000e+01 4.36262593e-05
5.32000000e+01 4.35145213e-05
5.32500000e+01 4.34064403e-05
5.33000000e+01 4.33000863e-05
5.33500000e+01 4.31935323e-05
5.34000000e+01 4.30850103e-05
5.34500000e+01 4.29728877e-05
5.35000000e+01 4.28558553e-05
5.35500000e+01 4.27328790e-05
5.36000000e+01 4.26033230e-05
5.36500000e+01 4.24669220e-05
5.37000000e+01 4.23237690e-05
5.37500000e+01 4.21743273e-05
5.38000000e+01 4.20192710e-05
5.38500000e+01 4.14947460e-05
5.39000000e+01 4.13257260e-05
5.39500000e+01 4.07923310e-05
5.40000000e+01 4.06069340e-05
5.40500000e+01 4.04158417e-05
5.41000000e+01 3.98555380e-05
5.41500000e+01 3.96425020e-05
5.42000000e+01 3.94208003e-05
5.42500000e+01 3.88346837e-05
5.43000000e+01 3.82398497e-05
5.43500000e+01 3.79801403e-05
5.44000000e+01 3.74151053e-05
5.44500000e+01 3.71361250e-05
5.45000000e+01 3.68464150e-05
5.45500000e+01 3.62983793e-05
5.46000000e+01 3.59951800e-05
5.46500000e+01 3.56823150e-05
5.47000000e+01 3.51693683e-05
5.47500000e+01 3.48504353e-05
5.48000000e+01 3.45239247e-05
5.48500000e+01 3.40594823e-05
5.49000000e+01 3.37342377e-05
5.49500000e+01 3.34039777e-05
5.50000000e+01 3.29953503e-05
5.50500000e+01 3.26724270e-05
5.51000000e+01 3.23470210e-05
5.51500000e+01 3.19958890e-05
5.52000000e+01 3.16821563e-05
5.52500000e+01 3.13681150e-05
5.53000000e+01 3.10543823e-05
5.53500000e+01 3.07722423e-05
5.54000000e+01 3.04738753e-05
5.54500000e+01 3.01774170e-05
5.55000000e+01 2.99447613e-05
5.55500000e+01 2.97422847e-05
5.56000000e+01 2.94764300e-05
5.56500000e+01 2.92891083e-05
5.57000000e+01 2.90376110e-05
5.57500000e+01 2.87893203e-05
5.58000000e+01 2.86346953e-05
5.58500000e+01 2.84000737e-05
5.59000000e+01 2.81689683e-05
5.59500000e+01 2.80414500e-05
5.60000000e+01 2.78230010e-05
5.60500000e+01 2.76081580e-05
5.61000000e+01 2.73970123e-05
5.61500000e+01 2.72994533e-05
5.62000000e+01 2.70996507e-05
5.62500000e+01 2.69034463e-05
5.63000000e+01 2.68227537e-05
5.63500000e+01 2.66366617e-05
5.64000000e+01 2.64539817e-05
5.64500000e+01 2.63868163e-05
5.65000000e+01 2.62131107e-05
5.65500000e+01 2.60425913e-05
5.66000000e+01 2.59862933e-05
5.66500000e+01 2.58237270e-05
5.67000000e+01 2.56641183e-05
5.67500000e+01 2.55074383e-05
5.68000000e+01 2.56044623e-05
5.68500000e+01 2.54562363e-05
5.69000000e+01 2.53105547e-05
5.69500000e+01 2.52694807e-05
5.70000000e+01 2.51297267e-05
5.70500000e+01 2.49923357e-05
5.71000000e+01 2.48572777e-05
5.71500000e+01 2.48248317e-05
5.72000000e+01 2.46949813e-05
5.72500000e+01 2.45672917e-05
5.73000000e+01 2.45392133e-05
5.73500000e+01 2.44162430e-05
5.74000000e+01 2.42952850e-05
5.74500000e+01 2.42708893e-05
5.75000000e+01 2.41542280e-05
5.75500000e+01 2.40394403e-05
5.76000000e+01 2.39264987e-05
5.76500000e+01 2.39073307e-05
5.77000000e+01 2.37982283e-05
5.77500000e+01 2.36908497e-05
5.78000000e+01 2.36741883e-05
5.78500000e+01 2.35703480e-05
5.79000000e+01 2.34681273e-05
5.79500000e+01 2.33674990e-05
5.80000000e+01 2.33547157e-05
5.80500000e+01 2.32572993e-05
5.81000000e+01 2.32851070e-05
5.81500000e+01 2.32713170e-05
5.82000000e+01 2.31785447e-05
5.82500000e+01 2.30871687e-05
5.83000000e+01 2.29971697e-05
5.83500000e+01 2.29865737e-05
5.84000000e+01 2.28993373e-05
5.84500000e+01 2.28134203e-05
5.85000000e+01 2.28043303e-05
5.85500000e+01 2.27210293e-05
5.86000000e+01 2.26389983e-05
5.86500000e+01 2.25582250e-05
5.87000000e+01 2.25517350e-05
5.87500000e+01 2.24734157e-05
5.88000000e+01 2.23963113e-05
5.88500000e+01 2.23204123e-05
5.89000000e+01 2.23162233e-05
5.89500000e+01 2.22426353e-05
5.90000000e+01 2.21702137e-05
5.90500000e+01 2.21669967e-05
5.91000000e+01 2.20967817e-05
5.91500000e+01 2.20276967e-05
5.92000000e+01 2.19597377e-05
5.92500000e+01 2.19583387e-05
5.93000000e+01 2.18924507e-05
5.93500000e+01 2.18276553e-05
5.94000000e+01 2.17639407e-05
5.94500000e+01 2.17640667e-05
5.95000000e+01 2.18023710e-05
5.95500000e+01 2.17413033e-05
5.96000000e+01 2.17396140e-05
5.96500000e+01 2.16803483e-05
5.97000000e+01 2.16220680e-05
5.97500000e+01 2.15647667e-05
5.98000000e+01 2.15641303e-05
5.98500000e+01 2.15084947e-05
5.99000000e+01 2.14537977e-05
5.99500000e+01 2.14000340e-05
6.00000000e+01 2.14001597e-05
6.00500000e+01 2.13479250e-05
6.01000000e+01 2.12965813e-05
6.01500000e+01 2.12461170e-05
6.02000000e+01 2.12467293e-05
6.02500000e+01 2.11976593e-05
6.03000000e+01 2.11494293e-05
6.03500000e+01 2.11020283e-05
6.04000000e+01 2.11028627e-05
6.04500000e+01 2.10567193e-05
6.05000000e+01 2.10113647e-05
6.05500000e+01 2.10117917e-05
6.06000000e+01 2.09675943e-05
6.06500000e+01 2.09241423e-05
6.07000000e+01 2.08814240e-05
6.07500000e+01 2.08816757e-05
6.08000000e+01 2.08399853e-05
6.08500000e+01 2.07989870e-05
6.09000000e+01 2.08308597e-05
6.09500000e+01 2.08288810e-05
6.10000000e+01 2.07887287e-05
6.10500000e+01 2.07492030e-05
6.11000000e+01 2.07102927e-05
6.11500000e+01 2.07078150e-05
6.12000000e+01 2.06696883e-05
6.12500000e+01 2.06321350e-05
6.13000000e+01 2.05951460e-05
6.13500000e+01 2.05920113e-05
6.14000000e+01 2.05556977e-05
6.14500000e+01 2.05199080e-05
6.15000000e+01 2.04846330e-05
6.15500000e+01 2.04806967e-05
6.16000000e+01 2.04459953e-05
6.16500000e+01 2.04117703e-05
6.17000000e+01 2.03780103e-05
6.17500000e+01 2.03731520e-05
6.18000000e+01 2.03398707e-05
6.18500000e+01 2.03070177e-05
6.19000000e+01 2.02745857e-05
6.19500000e+01 2.02687013e-05
6.20000000e+01 2.02366560e-05
6.20500000e+01 2.02049980e-05
6.21000000e+01 2.01737140e-05
6.21500000e+01 2.01667153e-05
6.22000000e+01 2.01357390e-05
6.22500000e+01 2.01051043e-05
6.23000000e+01 2.00748003e-05
6.23500000e+01 2.00666203e-05
6.24000000e+01 2.00784343e-05
6.24500000e+01 2.00478897e-05
6.25000000e+01 2.00176350e-05
6.25500000e+01 2.00070243e-05
6.26000000e+01 1.99769473e-05
6.26500000e+01 1.99471337e-05
6.27000000e+01 1.99175730e-05
6.27500000e+01 1.99057560e-05
6.28000000e+01 1.98763137e-05
6.28500000e+01 1.98470963e-05
6.29000000e+01 1.98181010e-05
6.29500000e+01 1.98050423e-05
6.30000000e+01 1.97761067e-05
6.30500000e+01 1.97473667e-05
6.31000000e+01 1.97188130e-05
6.31500000e+01 1.97044867e-05
6.32000000e+01 1.96759440e-05
6.32500000e+01 1.96475663e-05
6.33000000e+01 1.96193430e-05
6.33500000e+01 1.96037313e-05
6.34000000e+01 1.95754713e-05
6.34500000e+01 1.95473490e-05
6.35000000e+01 1.95193553e-05
6.35500000e+01 1.95024447e-05
6.36000000e+01 1.94743690e-05
6.36500000e+01 1.94464033e-05
6.37000000e+01 1.94185387e-05
6.37500000e+01 1.93907683e-05
6.38000000e+01 1.93723400e-05
6.38500000e+01 1.93444377e-05
6.39000000e+01 1.93166130e-05
6.39500000e+01 1.93068697e-05
6.40000000e+01 1.92864170e-05
6.40500000e+01 1.92578763e-05
6.41000000e+01 1.92293923e-05
6.41500000e+01 1.92009570e-05
6.42000000e+01 1.91792443e-05
6.42500000e+01 1.91506223e-05
6.43000000e+01 1.91220357e-05
6.43500000e+01 1.90934770e-05
6.44000000e+01 1.90705037e-05
6.44500000e+01 1.90417267e-05
6.45000000e+01 1.90129640e-05
6.45500000e+01 1.89842057e-05
6.46000000e+01 1.89599763e-05
6.46500000e+01 1.89309763e-05
6.47000000e+01 1.89019647e-05
6.47500000e+01 1.88729407e-05
6.48000000e+01 1.88438987e-05
6.48500000e+01 1.88181690e-05
6.49000000e+01 1.87888473e-05
6.49500000e+01 1.87594930e-05
6.50000000e+01 1.87300990e-05
6.50500000e+01 1.87031287e-05
6.51000000e+01 1.86734353e-05
6.51500000e+01 1.86436880e-05
6.52000000e+01 1.86138860e-05
6.52500000e+01 1.85856880e-05
6.53000000e+01 1.85555647e-05
6.53500000e+01 1.85253737e-05
6.54000000e+01 1.84951073e-05
6.54500000e+01 1.84647657e-05
6.55000000e+01 1.84350963e-05
6.55500000e+01 1.84059987e-05
6.56000000e+01 1.83748050e-05
6.56500000e+01 1.83435267e-05
6.57000000e+01 1.83124077e-05
6.57500000e+01 1.82807840e-05
6.58000000e+01 1.82490640e-05
6.58500000e+01 1.82172420e-05
6.59000000e+01 1.81850073e-05
6.59500000e+01 1.81528283e-05
6.60000000e+01 1.81205390e-05
6.60500000e+01 1.80881387e-05
6.61000000e+01 1.80556190e-05
6.61500000e+01 1.80220417e-05
6.62000000e+01 1.79891500e-05
6.62500000e+01 1.79561343e-05
6.63000000e+01 1.79229893e-05
6.63500000e+01 1.78883547e-05
6.64000000e+01 1.78548273e-05
6.64500000e+01 1.78211670e-05
6.65000000e+01 1.77873693e-05
6.65500000e+01 1.77534290e-05
6.66000000e+01 1.77175213e-05
6.66500000e+01 1.76831910e-05
6.67000000e+01 1.76487130e-05
6.67500000e+01 1.76140863e-05
6.68000000e+01 1.75771960e-05
6.68500000e+01 1.75421723e-05
6.69000000e+01 1.75069967e-05
6.69500000e+01 1.74716640e-05
6.70000000e+01 1.74361700e-05
6.70500000e+01 1.73980957e-05
6.71000000e+01 1.73622050e-05
6.71500000e+01 1.73261497e-05
6.72000000e+01 1.72899307e-05
6.72500000e+01 1.72445757e-05
6.73000000e+01 1.72078023e-05
6.73500000e+01 1.71708693e-05
6.74000000e+01 1.71337727e-05
6.74500000e+01 1.70965093e-05
6.75000000e+01 1.70565537e-05
6.75500000e+01 1.70189110e-05
6.76000000e+01 1.69811033e-05
6.76500000e+01 1.69431267e-05
6.77000000e+01 1.69024000e-05
6.77500000e+01 1.68640477e-05
6.78000000e+01 1.68255273e-05
6.78500000e+01 1.67868347e-05
6.79000000e+01 1.67479713e-05
6.79500000e+01 1.67063257e-05
6.80000000e+01 1.66670950e-05
6.80500000e+01 1.66276927e-05
6.81000000e+01 1.65881167e-05
6.81500000e+01 1.65458057e-05
6.82000000e+01 1.65058720e-05
6.82500000e+01 1.64657657e-05
6.83000000e+01 1.64254873e-05
6.83500000e+01 1.63850350e-05
6.84000000e+01 1.63419347e-05
6.84500000e+01 1.63011373e-05
6.85000000e+01 1.62601690e-05
6.85500000e+01 1.62190267e-05
6.86000000e+01 1.61753717e-05
6.86500000e+01 1.61338997e-05
6.87000000e+01 1.60922560e-05
6.87500000e+01 1.60504437e-05
6.88000000e+01 1.60084623e-05
6.88500000e+01 1.59641530e-05
6.89000000e+01 1.59218557e-05
6.89500000e+01 1.58793923e-05
6.90000000e+01 1.58312380e-05
6.90500000e+01 1.57885303e-05
6.91000000e+01 1.57439260e-05
6.91500000e+01 1.57009323e-05
6.92000000e+01 1.56577820e-05
6.92500000e+01 1.56144757e-05
6.93000000e+01 1.55695027e-05
6.93500000e+01 1.55259260e-05
6.94000000e+01 1.54821957e-05
6.94500000e+01 1.54383153e-05
6.95000000e+01 1.53942840e-05
6.95500000e+01 1.53488820e-05
6.96000000e+01 1.53045977e-05
6.96500000e+01 1.52601673e-05
6.97000000e+01 1.52155897e-05
6.97500000e+01 1.51708683e-05
6.98000000e+01 1.51251053e-05
6.98500000e+01 1.50801500e-05
6.99000000e+01 1.50350540e-05
6.99500000e+01 1.49898183e-05
7.00000000e+01 1.49444420e-05
7.00500000e+01 1.48983813e-05
7.01000000e+01 1.48527900e-05
7.01500000e+01 1.48070657e-05
7.02000000e+01 1.47612067e-05
7.02500000e+01 1.47149720e-05
7.03000000e+01 1.46689120e-05
7.03500000e+01 1.46227230e-05
7.04000000e+01 1.45764050e-05
7.04500000e+01 1.45299573e-05
7.05000000e+01 1.44835270e-05
7.05500000e+01 1.44368960e-05
7.06000000e+01 1.43901420e-05
7.06500000e+01 1.43432660e-05
7.07000000e+01 1.42962647e-05
7.07500000e+01 1.42496887e-05
7.08000000e+01 1.42047107e-05
7.08500000e+01 1.41576593e-05
7.09000000e+01 1.41104950e-05
7.09500000e+01 1.40632147e-05
7.10000000e+01 1.40169047e-05
7.10500000e+01 1.39694797e-05
7.11000000e+01 1.39219450e-05
7.11500000e+01 1.38743000e-05
7.12000000e+01 1.38265470e-05
7.12500000e+01 1.37801913e-05
7.13000000e+01 1.37323073e-05
7.13500000e+01 1.36843183e-05
7.14000000e+01 1.36362240e-05
7.14500000e+01 1.35898857e-05
7.15000000e+01 1.35416723e-05
7.15500000e+01 1.34933577e-05
7.16000000e+01 1.34449453e-05
7.16500000e+01 1.33964330e-05
7.17000000e+01 1.33501290e-05
7.17500000e+01 1.33015120e-05
7.18000000e+01 1.32528007e-05
7.18500000e+01 1.32039930e-05
7.19000000e+01 1.31550933e-05
7.19500000e+01 1.31088723e-05
7.20000000e+01 1.30598827e-05
7.20500000e+01 1.30108053e-05
7.21000000e+01 1.29616373e-05
7.21500000e+01 1.29123830e-05
7.22000000e+01 1.28662927e-05
7.22500000e+01 1.28169670e-05
7.23000000e+01 1.27675573e-05
7.23500000e+01 1.27180660e-05
7.24000000e+01 1.26684937e-05
7.24500000e+01 1.26225867e-05
7.25000000e+01 1.25729620e-05
7.25500000e+01 1.25232600e-05
7.26000000e+01 1.24734847e-05
7.26500000e+01 1.24236367e-05
7.27000000e+01 1.23779693e-05
7.27500000e+01 1.23430117e-05
7.28000000e+01 1.22934277e-05
7.28500000e+01 1.22437827e-05
7.29000000e+01 1.21940773e-05
7.29500000e+01 1.21491403e-05
7.30000000e+01 1.20994303e-05
7.30500000e+01 1.20496670e-05
7.31000000e+01 1.19998513e-05
7.31500000e+01 1.19499870e-05
7.32000000e+01 1.19054240e-05
7.32500000e+01 1.18555783e-05
7.33000000e+01 1.18056913e-05
7.33500000e+01 1.17557633e-05
7.34000000e+01 1.17057970e-05
7.34500000e+01 1.16616783e-05
7.35000000e+01 1.16117590e-05
7.35500000e+01 1.15618090e-05
7.36000000e+01 1.15118320e-05
7.36500000e+01 1.14618307e-05
7.37000000e+01 1.14182280e-05
7.37500000e+01 1.13683017e-05
7.38000000e+01 1.13183587e-05
7.38500000e+01 1.12684020e-05
7.39000000e+01 1.12184343e-05
7.39500000e+01 1.11754243e-05
7.40000000e+01 1.11255643e-05
7.40500000e+01 1.10757020e-05
7.41000000e+01 1.10258417e-05
7.41500000e+01 1.09759843e-05
7.42000000e+01 1.09336460e-05
7.42500000e+01 1.08839290e-05
7.43000000e+01 1.08342263e-05
7.43500000e+01 1.07845413e-05
7.44000000e+01 1.07348760e-05
7.44500000e+01 1.06932860e-05
7.45000000e+01 1.06437953e-05
7.45500000e+01 1.05943347e-05
7.46000000e+01 1.05449097e-05
7.46500000e+01 1.04955203e-05
7.47000000e+01 1.04863553e-05
7.47500000e+01 1.04376213e-05
7.48000000e+01 1.03889367e-05
7.48500000e+01 1.03403033e-05
7.49000000e+01 1.02917257e-05
7.49500000e+01 1.02522353e-05
7.50000000e+01 1.02038970e-05
7.50500000e+01 1.01556243e-05
7.51000000e+01 1.01074200e-05
7.51500000e+01 1.00592884e-05
7.52000000e+01 1.00207449e-05
7.52500000e+01 9.97288343e-06
7.53000000e+01 9.92510613e-06
7.53500000e+01 9.87741353e-06
7.54000000e+01 9.82981003e-06
7.54500000e+01 9.78229983e-06
7.55000000e+01 9.74497230e-06
7.55500000e+01 9.69776910e-06
7.56000000e+01 9.65066903e-06
7.56500000e+01 9.60367470e-06
7.57000000e+01 9.55678937e-06
7.57500000e+01 9.52053323e-06
7.58000000e+01 9.47398330e-06
7.58500000e+01 9.42755233e-06
7.59000000e+01 9.38124280e-06
7.59500000e+01 9.33505890e-06
7.60000000e+01 9.29991810e-06
7.60500000e+01 9.25409457e-06
7.61000000e+01 9.20840400e-06
7.61500000e+01 9.16285073e-06
7.62000000e+01 9.11743717e-06
7.62500000e+01 9.08344810e-06
7.63000000e+01 9.03841787e-06
7.63500000e+01 8.99353473e-06
7.64000000e+01 8.94880177e-06
7.64500000e+01 8.90422267e-06
7.65000000e+01 8.87141213e-06
7.65500000e+01 8.82723583e-06
7.66000000e+01 8.78321917e-06
7.66500000e+01 8.73936570e-06
7.67000000e+01 8.69567620e-06
7.67500000e+01 8.65215427e-06
7.68000000e+01 8.66861703e-06
7.68500000e+01 8.62584220e-06
7.69000000e+01 8.58323657e-06
7.69500000e+01 8.54080073e-06
7.70000000e+01 8.49853813e-06
7.70500000e+01 8.46852627e-06
7.71000000e+01 8.42668887e-06
7.71500000e+01 8.38502840e-06
7.72000000e+01 8.34354750e-06
7.72500000e+01 8.30224737e-06
7.73000000e+01 8.27341460e-06
7.73500000e+01 8.23254913e-06
7.74000000e+01 8.19186797e-06
7.74500000e+01 8.15137380e-06
7.75000000e+01 8.11106760e-06
7.75500000e+01 8.07095080e-06
7.76000000e+01 8.04354013e-06
7.76500000e+01 8.00386453e-06
7.77000000e+01 7.96438137e-06
7.77500000e+01 7.92509183e-06
7.78000000e+01 7.88599730e-06
7.78500000e+01 7.85974227e-06
7.79000000e+01 7.82109087e-06
7.79500000e+01 7.78263607e-06
7.80000000e+01 7.74437900e-06
7.80500000e+01 7.70632037e-06
7.81000000e+01 7.68120053e-06
7.81500000e+01 7.64358543e-06
7.82000000e+01 7.60616957e-06
7.82500000e+01 7.56895370e-06
7.83000000e+01 7.53193933e-06
7.83500000e+01 7.49512527e-06
7.84000000e+01 7.47135517e-06
7.84500000e+01 7.43498237e-06
7.85000000e+01 7.39881177e-06
7.85500000e+01 7.36284177e-06
7.86000000e+01 7.32707443e-06
7.86500000e+01 7.30437917e-06
7.87000000e+01 7.26904760e-06
7.87500000e+01 7.23391837e-06
7.88000000e+01 7.19898993e-06
7.88500000e+01 7.16426370e-06
7.89000000e+01 7.12973920e-06
7.89500000e+01 7.16419663e-06
7.90000000e+01 7.13021023e-06
7.90500000e+01 7.09642010e-06
7.91000000e+01 7.06282597e-06
7.91500000e+01 7.02942790e-06
7.92000000e+01 7.00892460e-06
7.92500000e+01 6.97593820e-06
7.93000000e+01 6.94314680e-06
7.93500000e+01 6.91054970e-06
7.94000000e+01 6.87814657e-06
7.94500000e+01 6.85858597e-06
7.95000000e+01 6.82658527e-06
7.95500000e+01 6.79477710e-06
7.96000000e+01 6.76316063e-06
7.96500000e+01 6.73173610e-06
7.97000000e+01 6.70050210e-06
7.97500000e+01 6.68204810e-06
7.98000000e+01 6.65120483e-06
7.98500000e+01 6.62055033e-06
7.99000000e+01 6.59008417e-06
7.99500000e+01 6.55980553e-06
8.00000000e+01 6.54221037e-06
