-2.00000000e+01 1.35443977e-08
-1.99500000e+01 1.36140777e-08
-1.99000000e+01 1.36843560e-08
-1.98500000e+01 1.37552370e-08
-1.98000000e+01 1.38267300e-08
-1.97500000e+01 1.38988443e-08
-1.97000000e+01 1.39715857e-08
-1.96500000e+01 1.40449640e-08
-1.96000000e+01 1.41189837e-08
-1.95500000e+01 1.41936557e-08
-1.95000000e+01 1.42689893e-08
-1.94500000e+01 1.43449923e-08
-1.94000000e+01 1.44216720e-08
-1.93500000e+01 1.44990383e-08
-1.93000000e+01 1.45771000e-08
-1.92500000e+01 1.46558663e-08
-1.92000000e+01 1.47353480e-08
-1.91500000e+01 1.48155513e-08
-1.91000000e+01 1.48964870e-08
-1.90500000e+01 1.49781680e-08
-1.90000000e+01 1.50606007e-08
-1.89500000e+01 1.51437970e-08
-1.89000000e+01 1.52277660e-08
-1.88500000e+01 1.53125183e-08
-1.88000000e+01 1.53980663e-08
-1.87500000e+01 1.54844203e-08
-1.87000000e+01 1.55715927e-08
-1.86500000e+01 1.56595890e-08
-1.86000000e+01 1.57484290e-08
-1.85500000e+01 1.58381193e-08
-1.85000000e+01 1.59286733e-08
-1.84500000e+01 1.60201043e-08
-1.84000000e+01 1.61124207e-08
-1.83500000e+01 1.62056403e-08
-1.83000000e+01 1.62997743e-08
-1.82500000e+01 1.63948357e-08
-1.82000000e+01 1.64908367e-08
-1.81500000e+01 1.65877923e-08
-1.81000000e+01 1.66857177e-08
-1.80500000e+01 1.67846243e-08
-1.80000000e+01 1.68845300e-08
-1.79500000e+01 1.69854457e-08
-1.79000000e+01 1.70873913e-08
-1.78500000e+01 1.71903803e-08
-1.78000000e+01 1.72944267e-08
-1.77500000e+01 1.73995477e-08
-1.77000000e+01 1.75057603e-08
-1.76500000e+01 1.76130820e-08
-1.76000000e+01 1.77215280e-08
-1.75500000e+01 1.78311180e-08
-1.75000000e+01 1.79418683e-08
-1.74500000e+01 1.80537977e-08
-1.74000000e+01 1.81669250e-08
-1.73500000e+01 1.82812687e-08
-1.73000000e+01 1.83968490e-08
-1.72500000e+01 1.85136833e-08
-1.72000000e+01 1.86317963e-08
-1.71500000e+01 1.87512063e-08
-1.71000000e+01 1.88719357e-08
-1.70500000e+01 1.89940030e-08
-1.70000000e+01 1.91174333e-08
-1.69500000e+01 1.92422497e-08
-1.69000000e+01 1.93684730e-08
-1.68500000e+01 1.94961300e-08
-1.68000000e+01 1.96252407e-08
-1.67500000e+01 1.97558337e-08
-1.67000000e+01 1.98879350e-08
-1.66500000e+01 2.00215667e-08
-1.66000000e+01 2.01567570e-08
-1.65500000e+01 2.02935337e-08
-1.65000000e+01 2.04319263e-08
-1.64500000e+01 2.05719603e-08
-1.64000000e+01 2.07136677e-08
-1.63500000e+01 2.08570760e-08
-1.63000000e+01 2.10022170e-08
-1.62500000e+01 2.11491227e-08
-1.62000000e+01 2.12978233e-08
-1.61500000e+01 2.14483553e-08
-1.61000000e+01 2.16007460e-08
-1.60500000e+01 2.17550387e-08
-1.60000000e+01 2.19112657e-08
-1.59500000e+01 2.20694603e-08
-1.59000000e+01 2.22296613e-08
-1.58500000e+01 2.23919080e-08
-1.58000000e+01 2.25562413e-08
-1.57500000e+01 2.27226990e-08
-1.57000000e+01 2.28913247e-08
-1.56500000e+01 2.30621587e-08
-1.56000000e+01 2.32352457e-08
-1.55500000e+01 2.34106323e-08
-1.55000000e+01 2.35883613e-08
-1.54500000e+01 2.37684830e-08
-1.54000000e+01 2.39510413e-08
-1.53500000e+01 2.41360943e-08
-1.53000000e+01 2.43236877e-08
-1.52500000e+01 2.45138767e-08
-1.52000000e+01 2.47067110e-08
-1.51500000e+01 2.49022513e-08
-1.51000000e+01 2.51005560e-08
-1.50500000e+01 2.53016800e-08
-1.50000000e+01 2.55056883e-08
-1.49500000e+01 2.57126383e-08
-1.49000000e+01 2.59225997e-08
-1.48500000e+01 2.61356397e-08
-1.48000000e+01 2.63518213e-08
-1.47500000e+01 2.65712167e-08
-1.47000000e+01 2.67939003e-08
-1.46500000e+01 2.70199493e-08
-1.46000000e+01 2.72494363e-08
-1.45500000e+01 2.74824447e-08
-1.45000000e+01 2.77190523e-08
-1.44500000e+01 2.79593477e-08
-1.44000000e+01 2.82034183e-08
-1.43500000e+01 2.84513517e-08
-1.43000000e+01 2.87032450e-08
-1.42500000e+01 2.89591853e-08
-1.42000000e+01 2.92192860e-08
-1.41500000e+01 2.94836443e-08
-1.41000000e+01 2.97523607e-08
-1.40500000e+01 3.00255507e-08
-1.40000000e+01 3.03033253e-08
-1.39500000e+01 3.05858070e-08
-1.39000000e+01 3.08731113e-08
-1.38500000e+01 3.11653690e-08
-1.38000000e+01 3.14627057e-08
-1.37500000e+01 3.17652610e-08
-1.37000000e+01 3.20731740e-08
-1.36500000e+01 3.23865850e-08
-1.36000000e+01 3.27056500e-08
-1.35500000e+01 3.30305200e-08
-1.35000000e+01 3.33613620e-08
-1.34500000e+01 3.36983403e-08
-1.34000000e+01 3.40416293e-08
-1.33500000e+01 3.43914117e-08
-1.33000000e+01 3.47478700e-08
-1.32500000e+01 3.51112077e-08
-1.32000000e+01 3.54816197e-08
-1.31500000e+01 3.58593220e-08
-1.31000000e+01 3.62445270e-08
-1.30500000e+01 3.66374740e-08
-1.30000000e+01 3.70383987e-08
-1.29500000e+01 3.74475357e-08
-1.29000000e+01 3.78651570e-08
-1.28500000e+01 3.82915237e-08
-1.28000000e+01 3.87269200e-08
-1.27500000e+01 3.91716353e-08
-1.27000000e+01 3.96259767e-08
-1.26500000e+01 4.00902663e-08
-1.26000000e+01 4.05648247e-08
-1.25500000e+01 4.10500140e-08
-1.25000000e+01 4.15461810e-08
-1.24500000e+01 4.20537243e-08
-1.24000000e+01 4.25730267e-08
-1.23500000e+01 4.31045107e-08
-1.23000000e+01 4.36486160e-08
-1.22500000e+01 4.42057860e-08
-1.22000000e+01 4.47765160e-08
-1.21500000e+01 4.53612893e-08
-1.21000000e+01 4.59606537e-08
-1.20500000e+01 4.65751467e-08
-1.20000000e+01 4.72053570e-08
-1.19500000e+01 4.78518947e-08
-1.19000000e+01 4.85154030e-08
-1.18500000e+01 4.91965610e-08
-1.18000000e+01 4.98960667e-08
-1.17500000e+01 5.06146933e-08
-1.17000000e+01 5.13532133e-08
-1.16500000e+01 5.21124710e-08
-1.16000000e+01 5.28933463e-08
-1.15500000e+01 5.36967650e-08
-1.15000000e+01 5.45237287e-08
-1.14500000e+01 5.53752467e-08
-1.14000000e+01 5.62524540e-08
-1.13500000e+01 5.71564930e-08
-1.13000000e+01 5.80886117e-08
-1.12500000e+01 5.90501177e-08
-1.12000000e+01 6.00424097e-08
-1.11500000e+01 6.10669717e-08
-1.11000000e+01 6.21253547e-08
-1.10500000e+01 6.32192630e-08
-1.10000000e+01 6.43504480e-08
-1.09500000e+01 6.55208373e-08
-1.09000000e+01 6.67324393e-08
-1.08500000e+01 6.79874300e-08
-1.08000000e+01 6.92881283e-08
-1.07500000e+01 7.06369833e-08
-1.07000000e+01 7.20366800e-08
-1.06500000e+01 7.34900127e-08
-1.06000000e+01 7.50000827e-08
-1.05500000e+01 7.65701190e-08
-1.05000000e+01 7.82036600e-08
-1.04500000e+01 7.99044833e-08
-1.04000000e+01 8.16766783e-08
-1.03500000e+01 8.35246490e-08
-1.03000000e+01 8.54531103e-08
-1.02500000e+01 8.74672587e-08
-1.02000000e+01 8.95726067e-08
-1.01500000e+01 9.17752080e-08
-1.01000000e+01 9.40816017e-08
-1.00500000e+01 9.64988920e-08
-1.00000000e+01 9.90348610e-08
-9.95000000e+00 1.01697855e-07
-9.90000000e+00 1.04497177e-07
-9.85000000e+00 1.07442817e-07
-9.80000000e+00 1.10545824e-07
-9.75000000e+00 1.13818252e-07
-9.70000000e+00 1.17273391e-07
-9.65000000e+00 1.20925828e-07
-9.60000000e+00 1.24791589e-07
-9.55000000e+00 1.28888499e-07
-9.50000000e+00 1.33236079e-07
-9.45000000e+00 1.37856147e-07
-9.40000000e+00 1.42772770e-07
-9.35000000e+00 1.48012840e-07
-9.30000000e+00 1.53606240e-07
-9.25000000e+00 1.59586313e-07
-9.20000000e+00 1.65990530e-07
-9.15000000e+00 1.72860600e-07
-9.10000000e+00 1.80243863e-07
-9.05000000e+00 1.88193137e-07
-9.00000000e+00 1.96768430e-07
-8.95000000e+00 2.06037423e-07
-8.90000000e+00 2.16076947e-07
-8.85000000e+00 2.26974393e-07
-8.80000000e+00 2.38828943e-07
-8.75000000e+00 2.51754533e-07
-8.70000000e+00 2.65880683e-07
-8.65000000e+00 2.81356470e-07
-8.60000000e+00 2.98352690e-07
-8.55000000e+00 3.17066077e-07
-8.50000000e+00 3.37722763e-07
-8.45000000e+00 3.60583007e-07
-8.40000000e+00 3.85947410e-07
-8.35000000e+00 4.14160517e-07
-8.30000000e+00 4.45618557e-07
-8.25000000e+00 4.80773477e-07
-8.20000000e+00 5.20138547e-07
-8.15000000e+00 5.64289397e-07
-8.10000000e+00 6.13860140e-07
-8.05000000e+00 6.69535867e-07
-8.00000000e+00 7.32021783e-07
-7.95000000e+00 8.02001707e-07
-7.90000000e+00 8.80053863e-07
-7.85000000e+00 9.66529513e-07
-7.80000000e+00 1.06136351e-06
-7.75000000e+00 1.16382270e-06
-7.70000000e+00 1.27219362e-06
-7.65000000e+00 1.38344617e-06
-7.60000000e+00 1.49299344e-06
-7.55000000e+00 1.59467733e-06
-7.50000000e+00 1.68120083e-06
-7.45000000e+00 1.74509440e-06
-7.40000000e+00 1.78012763e-06
-7.35000000e+00 1.78276260e-06
-7.30000000e+00 1.75307043e-06
-7.25000000e+00 1.69470247e-06
-7.20000000e+00 1.61392360e-06
-7.15000000e+00 1.51814352e-06
-7.10000000e+00 1.41453255e-06
-7.05000000e+00 1.30907525e-06
-7.00000000e+00 1.20619389e-06
-6.95000000e+00 1.10877447e-06
-6.90000000e+00 1.01843718e-06
-6.85000000e+00 9.35882023e-07
-6.80000000e+00 8.61195970e-07
-6.75000000e+00 7.94099967e-07
-6.70000000e+00 7.34107153e-07
-6.65000000e+00 6.80632413e-07
-6.60000000e+00 6.33053460e-07
-6.55000000e+00 5.90752727e-07
-6.50000000e+00 5.53149780e-07
-6.45000000e+00 5.19717680e-07
-6.40000000e+00 4.89994910e-07
-6.35000000e+00 4.63583677e-07
-6.30000000e+00 4.40144350e-07
-6.25000000e+00 4.19384757e-07
-6.20000000e+00 4.01051233e-07
-6.15000000e+00 3.84921887e-07
-6.10000000e+00 3.70801940e-07
-6.05000000e+00 3.58521217e-07
-6.00000000e+00 3.47931730e-07
-5.95000000e+00 3.38906833e-07
-5.90000000e+00 3.31339283e-07
-5.85000000e+00 3.25140667e-07
-5.80000000e+00 3.20240010e-07
-5.75000000e+00 3.16583030e-07
-5.70000000e+00 3.14130973e-07
-5.65000000e+00 3.12859800e-07
-5.60000000e+00 3.12758847e-07
-5.55000000e+00 3.13829040e-07
-5.50000000e+00 3.16081800e-07
-5.45000000e+00 3.19536237e-07
-5.40000000e+00 3.24216437e-07
-5.35000000e+00 3.30147587e-07
-5.30000000e+00 3.37350917e-07
-5.25000000e+00 3.45836017e-07
-5.20000000e+00 3.55590107e-07
-5.15000000e+00 3.66563487e-07
-5.10000000e+00 3.78652603e-07
-5.05000000e+00 3.91685173e-07
-5.00000000e+00 4.05415460e-07
-4.95000000e+00 4.19540533e-07
-4.90000000e+00 4.33744053e-07
-4.85000000e+00 4.47765143e-07
-4.80000000e+00 4.61473033e-07
-4.75000000e+00 4.74916977e-07
-4.70000000e+00 4.88327230e-07
-4.65000000e+00 5.02060627e-07
-4.60000000e+00 5.16513570e-07
-4.55000000e+00 5.32029303e-07
-4.50000000e+00 5.48825537e-07
-4.45000000e+00 5.66946130e-07
-4.40000000e+00 5.86237390e-07
-4.35000000e+00 6.06346687e-07
-4.30000000e+00 6.26749607e-07
-4.25000000e+00 6.46816750e-07
-4.20000000e+00 6.65918167e-07
-4.15000000e+00 6.83548827e-07
-4.10000000e+00 6.99431827e-07
-4.05000000e+00 7.13562493e-07
-4.00000000e+00 7.26176580e-07
-3.95000000e+00 7.37666150e-07
-3.90000000e+00 7.48483367e-07
-3.85000000e+00 7.59066893e-07
-3.80000000e+00 7.69805423e-07
-3.75000000e+00 7.81024080e-07
-3.70000000e+00 7.92981040e-07
-3.65000000e+00 8.05859567e-07
-3.60000000e+00 8.19755213e-07
-3.55000000e+00 8.34661367e-07
-3.50000000e+00 8.50456577e-07
-3.45000000e+00 8.66896657e-07
-3.40000000e+00 8.83617860e-07
-3.35000000e+00 9.00156000e-07
-3.30000000e+00 9.15995480e-07
-3.25000000e+00 9.30648947e-07
-3.20000000e+00 9.43757327e-07
-3.15000000e+00 9.55179497e-07
-3.10000000e+00 9.65036260e-07
-3.05000000e+00 9.73689670e-07
-3.00000000e+00 9.81654237e-07
-2.95000000e+00 9.89483990e-07
-2.90000000e+00 9.97667360e-07
-2.85000000e+00 1.00657161e-06
-2.80000000e+00 1.01643438e-06
-2.75000000e+00 1.02739521e-06
-2.70000000e+00 1.03953670e-06
-2.65000000e+00 1.05291526e-06
-2.60000000e+00 1.06757607e-06
-2.55000000e+00 1.08355578e-06
-2.50000000e+00 1.10089237e-06
-2.45000000e+00 1.11963820e-06
-2.40000000e+00 1.13987857e-06
-2.35000000e+00 1.16173243e-06
-2.30000000e+00 1.18532613e-06
-2.25000000e+00 1.21073093e-06
-2.20000000e+00 1.23788377e-06
-2.15000000e+00 1.26651940e-06
-2.10000000e+00 1.29614530e-06
-2.05000000e+00 1.32608817e-06
-2.00000000e+00 1.35560803e-06
-1.95000000e+00 1.38406047e-06
-1.90000000e+00 1.41105053e-06
-1.85000000e+00 1.43652370e-06
-1.80000000e+00 1.46076167e-06
-1.75000000e+00 1.48428523e-06
-1.70000000e+00 1.50771080e-06
-1.65000000e+00 1.53160940e-06
-1.60000000e+00 1.55642043e-06
-1.55000000e+00 1.58242383e-06
-1.50000000e+00 1.60976233e-06
-1.45000000e+00 1.63847710e-06
-1.40000000e+00 1.66853133e-06
-1.35000000e+00 1.69980560e-06
-1.30000000e+00 1.73206787e-06
-1.25000000e+00 1.76495180e-06
-1.20000000e+00 1.79796210e-06
-1.15000000e+00 1.83052943e-06
-1.10000000e+00 1.86210563e-06
-1.05000000e+00 1.89227277e-06
-1.00000000e+00 1.92082870e-06
-9.50000000e-01 1.94781400e-06
-9.00000000e-01 1.97347660e-06
-8.50000000e-01 1.99818983e-06
-8.00000000e-01 2.02235977e-06
-7.50000000e-01 2.04635033e-06
-7.00000000e-01 2.07044233e-06
-6.50000000e-01 2.09482307e-06
-6.00000000e-01 2.11957963e-06
-5.50000000e-01 2.14468843e-06
-5.00000000e-01 2.16998803e-06
-4.50000000e-01 2.19515460e-06
-4.00000000e-01 2.21970527e-06
-3.50000000e-01 2.24305563e-06
-3.00000000e-01 2.26464010e-06
-2.50000000e-01 2.28407473e-06
-2.00000000e-01 2.30131580e-06
-1.50000000e-01 2.31675130e-06
-1.00000000e-01 2.33119323e-06
-5.00000000e-02 2.34575603e-06
0.00000000e+00 2.36166587e-06
5.00000000e-02 2.38005803e-06
1.00000000e-01 2.40181773e-06
1.50000000e-01 2.42750747e-06
2.00000000e-01 2.45737430e-06
2.50000000e-01 2.49142900e-06
3.00000000e-01 2.52954753e-06
3.50000000e-01 2.57155847e-06
4.00000000e-01 2.61728650e-06
4.50000000e-01 2.66653500e-06
5.00000000e-01 2.71902570e-06
5.50000000e-01 2.77432300e-06
6.00000000e-01 2.83178690e-06
6.50000000e-01 2.89057713e-06
7.00000000e-01 2.94972640e-06
7.50000000e-01 3.00825503e-06
8.00000000e-01 3.06529183e-06
8.50000000e-01 3.12014350e-06
9.00000000e-01 3.17228283e-06
9.50000000e-01 3.22125707e-06
1.00000000e+00 3.26655540e-06
1.05000000e+00 3.30750487e-06
1.10000000e+00 3.34325523e-06
1.15000000e+00 3.37288717e-06
1.20000000e+00 3.39562383e-06
1.25000000e+00 3.41107563e-06
1.30000000e+00 3.41943567e-06
1.35000000e+00 3.42154580e-06
1.40000000e+00 3.41880230e-06
1.45000000e+00 3.41293247e-06
1.50000000e+00 3.40570440e-06
1.55000000e+00 3.39865713e-06
1.60000000e+00 3.39289703e-06
1.65000000e+00 3.38900303e-06
1.70000000e+00 3.38702260e-06
1.75000000e+00 3.38654073e-06
1.80000000e+00 3.38678503e-06
1.85000000e+00 3.38674333e-06
1.90000000e+00 3.38528107e-06
1.95000000e+00 3.38125340e-06
2.00000000e+00 3.37362400e-06
2.05000000e+00 3.36158630e-06
2.10000000e+00 3.34467133e-06
2.15000000e+00 3.32282147e-06
2.20000000e+00 3.29638673e-06
2.25000000e+00 3.26603610e-06
2.30000000e+00 3.23258800e-06
2.35000000e+00 3.19679463e-06
2.40000000e+00 3.15914677e-06
2.45000000e+00 3.11975013e-06
2.50000000e+00 3.07832650e-06
2.55000000e+00 3.03433970e-06
2.60000000e+00 2.98722590e-06
2.65000000e+00 2.93666393e-06
2.70000000e+00 2.88279497e-06
2.75000000e+00 2.82632870e-06
2.80000000e+00 2.76849180e-06
2.85000000e+00 2.71083867e-06
2.90000000e+00 2.65498417e-06
2.95000000e+00 2.60232753e-06
3.00000000e+00 2.55383790e-06
3.05000000e+00 2.50993580e-06
3.10000000e+00 2.47048120e-06
3.15000000e+00 2.43486330e-06
3.20000000e+00 2.40216190e-06
3.25000000e+00 2.37135197e-06
3.30000000e+00 2.34150447e-06
3.35000000e+00 2.31194720e-06
3.40000000e+00 2.28235177e-06
3.45000000e+00 2.25273833e-06
3.50000000e+00 2.22340960e-06
3.55000000e+00 2.19484400e-06
3.60000000e+00 2.16758227e-06
3.65000000e+00 2.14213410e-06
3.70000000e+00 2.11892040e-06
3.75000000e+00 2.09824883e-06
3.80000000e+00 2.08031340e-06
3.85000000e+00 2.06520437e-06
3.90000000e+00 2.05291627e-06
3.95000000e+00 2.04334937e-06
4.00000000e+00 2.03630447e-06
4.05000000e+00 2.03147790e-06
4.10000000e+00 2.02846690e-06
4.15000000e+00 2.02679073e-06
4.20000000e+00 2.02593120e-06
4.25000000e+00 2.02538673e-06
4.30000000e+00 2.02472853e-06
4.35000000e+00 2.02364243e-06
4.40000000e+00 2.02194327e-06
4.45000000e+00 2.01955293e-06
4.50000000e+00 2.01644940e-06
4.55000000e+00 2.01259943e-06
4.60000000e+00 2.00789760e-06
4.65000000e+00 2.00213353e-06
4.70000000e+00 1.99500173e-06
4.75000000e+00 1.98615203e-06
4.80000000e+00 1.97526993e-06
4.85000000e+00 1.96216100e-06
4.90000000e+00 1.94681053e-06
4.95000000e+00 1.92939797e-06
5.00000000e+00 1.91026163e-06
5.05000000e+00 1.88982517e-06
5.10000000e+00 1.86851177e-06
5.15000000e+00 1.84667383e-06
5.20000000e+00 1.82456023e-06
5.25000000e+00 1.80232973e-06
5.30000000e+00 1.78010233e-06
5.35000000e+00 1.75802817e-06
5.40000000e+00 1.73635033e-06
5.45000000e+00 1.71543537e-06
5.50000000e+00 1.69575947e-06
5.55000000e+00 1.67785207e-06
5.60000000e+00 1.66220983e-06
5.65000000e+00 1.64920200e-06
5.70000000e+00 1.63898807e-06
5.75000000e+00 1.63146717e-06
5.80000000e+00 1.62626857e-06
5.85000000e+00 1.62278903e-06
5.90000000e+00 1.62027373e-06
5.95000000e+00 1.61792837e-06
6.00000000e+00 1.61504073e-06
6.05000000e+00 1.61108393e-06
6.10000000e+00 1.60577613e-06
6.15000000e+00 1.59908387e-06
6.20000000e+00 1.59117087e-06
6.25000000e+00 1.58231370e-06
6.30000000e+00 1.57281283e-06
6.35000000e+00 1.56292490e-06
6.40000000e+00 1.55283337e-06
6.45000000e+00 1.54265680e-06
6.50000000e+00 1.53248607e-06
6.55000000e+00 1.52242863e-06
6.60000000e+00 1.51264010e-06
6.65000000e+00 1.50332867e-06
6.70000000e+00 1.49472687e-06
6.75000000e+00 1.48703903e-06
6.80000000e+00 1.48037830e-06
6.85000000e+00 1.47471250e-06
6.90000000e+00 1.46983537e-06
6.95000000e+00 1.46537520e-06
7.00000000e+00 1.46084207e-06
7.05000000e+00 1.45570903e-06
7.10000000e+00 1.44950757e-06
7.15000000e+00 1.44191587e-06
7.20000000e+00 1.43281273e-06
7.25000000e+00 1.42228507e-06
7.30000000e+00 1.41058630e-06
7.35000000e+00 1.39806167e-06
7.40000000e+00 1.38506570e-06
7.45000000e+00 1.37189633e-06
7.50000000e+00 1.35876217e-06
7.55000000e+00 1.34578837e-06
7.60000000e+00 1.33305140e-06
7.65000000e+00 1.32062787e-06
7.70000000e+00 1.30863543e-06
7.75000000e+00 1.29725073e-06
7.80000000e+00 1.28669600e-06
7.85000000e+00 1.27719697e-06
7.90000000e+00 1.26892490e-06
7.95000000e+00 1.26193930e-06
8.00000000e+00 1.25614907e-06
8.05000000e+00 1.25130397e-06
8.10000000e+00 1.24702217e-06
8.15000000e+00 1.24285000e-06
8.20000000e+00 1.23834153e-06
8.25000000e+00 1.23313580e-06
8.30000000e+00 1.22701077e-06
8.35000000e+00 1.21989663e-06
8.40000000e+00 1.21184453e-06
8.45000000e+00 1.20296140e-06
8.50000000e+00 1.19333583e-06
8.55000000e+00 1.18297927e-06
8.60000000e+00 1.17180510e-06
8.65000000e+00 1.15965340e-06
8.70000000e+00 1.14635390e-06
8.75000000e+00 1.13180680e-06
8.80000000e+00 1.11605077e-06
8.85000000e+00 1.09929263e-06
8.90000000e+00 1.08188400e-06
8.95000000e+00 1.06425110e-06
9.00000000e+00 1.04679742e-06
9.05000000e+00 1.02980942e-06
9.10000000e+00 1.01339131e-06
9.15000000e+00 9.97446937e-07
9.20000000e+00 9.81712420e-07
9.25000000e+00 9.65833163e-07
9.30000000e+00 9.49463477e-07
9.35000000e+00 9.32361350e-07
9.40000000e+00 9.14448057e-07
9.45000000e+00 8.95815497e-07
9.50000000e+00 8.76680453e-07
9.55000000e+00 8.57305173e-07
9.60000000e+00 8.37913623e-07
9.65000000e+00 8.18631917e-07
9.70000000e+00 7.99470357e-07
9.75000000e+00 7.80349360e-07
9.80000000e+00 7.61157133e-07
9.85000000e+00 7.41815350e-07
9.90000000e+00 7.22327400e-07
9.95000000e+00 7.02789887e-07
1.00000000e+01 6.83363543e-07
1.00500000e+01 6.64216183e-07
1.01000000e+01 6.45460790e-07
1.01500000e+01 6.27112610e-07
1.02000000e+01 6.09080907e-07
1.02500000e+01 5.91198327e-07
1.03000000e+01 5.73276117e-07
1.03500000e+01 5.55164640e-07
1.04000000e+01 5.36795190e-07
1.04500000e+01 5.18189660e-07
1.05000000e+01 4.99439437e-07
1.05500000e+01 4.80670460e-07
1.06000000e+01 4.62014960e-07
1.06500000e+01 4.43602263e-07
1.07000000e+01 4.25566733e-07
1.07500000e+01 4.08059700e-07
1.08000000e+01 3.91252083e-07
1.08500000e+01 3.75322570e-07
1.09000000e+01 3.60436743e-07
1.09500000e+01 3.46727007e-07
1.10000000e+01 3.34280957e-07
1.10500000e+01 3.23140000e-07
1.11000000e+01 3.13306157e-07
1.11500000e+01 3.04752633e-07
1.12000000e+01 2.97435083e-07
1.12500000e+01 2.91301243e-07
1.13000000e+01 2.86298450e-07
1.13500000e+01 2.82378897e-07
1.14000000e+01 2.79503130e-07
1.14500000e+01 2.77642277e-07
1.15000000e+01 2.76779407e-07
1.15500000e+01 2.76910517e-07
1.16000000e+01 2.78045240e-07
1.16500000e+01 2.80207557e-07
1.17000000e+01 2.83436690e-07
1.17500000e+01 2.87788123e-07
1.18000000e+01 2.93334997e-07
1.18500000e+01 3.00169697e-07
1.19000000e+01 3.08405923e-07
1.19500000e+01 3.18180930e-07
1.20000000e+01 3.29658123e-07
1.20500000e+01 3.43029717e-07
1.21000000e+01 3.58519253e-07
1.21500000e+01 3.76383490e-07
1.22000000e+01 3.96912837e-07
1.22500000e+01 4.20429107e-07
1.23000000e+01 4.47278523e-07
1.23500000e+01 4.77816983e-07
1.24000000e+01 5.12383123e-07
1.24500000e+01 5.51253493e-07
1.25000000e+01 5.94572363e-07
1.25500000e+01 6.42249513e-07
1.26000000e+01 6.93821967e-07
1.26500000e+01 7.48286633e-07
1.27000000e+01 8.03930787e-07
1.27500000e+01 8.58217820e-07
1.28000000e+01 9.07818593e-07
1.28500000e+01 9.48885103e-07
1.29000000e+01 9.77610243e-07
1.29500000e+01 9.90988523e-07
1.30000000e+01 9.87538660e-07
1.30500000e+01 9.67689670e-07
1.31000000e+01 9.33650930e-07
1.31500000e+01 8.88832150e-07
1.32000000e+01 8.37074423e-07
1.32500000e+01 7.81976360e-07
1.33000000e+01 7.26476987e-07
1.33500000e+01 6.72708273e-07
1.34000000e+01 6.22039490e-07
1.34500000e+01 5.75219013e-07
1.35000000e+01 5.32540457e-07
1.35500000e+01 4.93993557e-07
1.36000000e+01 4.59383180e-07
1.36500000e+01 4.28415707e-07
1.37000000e+01 4.00757227e-07
1.37500000e+01 3.76070330e-07
1.38000000e+01 3.54035083e-07
1.38500000e+01 3.34359757e-07
1.39000000e+01 3.16784823e-07
1.39500000e+01 3.01082903e-07
1.40000000e+01 2.87056467e-07
1.40500000e+01 2.74534460e-07
1.41000000e+01 2.63368767e-07
1.41500000e+01 2.53430667e-07
1.42000000e+01 2.44607983e-07
1.42500000e+01 2.36802760e-07
1.43000000e+01 2.29929613e-07
1.43500000e+01 2.23914380e-07
1.44000000e+01 2.18693233e-07
1.44500000e+01 2.14212017e-07
1.45000000e+01 2.10425633e-07
1.45500000e+01 2.07297540e-07
1.46000000e+01 2.04799373e-07
1.46500000e+01 2.02910580e-07
1.47000000e+01 2.01618017e-07
1.47500000e+01 2.00915617e-07
1.48000000e+01 2.00803957e-07
1.48500000e+01 2.01289640e-07
1.49000000e+01 2.02384397e-07
1.49500000e+01 2.04103697e-07
1.50000000e+01 2.06464643e-07
1.50500000e+01 2.09482843e-07
1.51000000e+01 2.13168000e-07
1.51500000e+01 2.17518173e-07
1.52000000e+01 2.22512847e-07
1.52500000e+01 2.28105883e-07
1.53000000e+01 2.34220040e-07
1.53500000e+01 2.40746230e-07
1.54000000e+01 2.47550450e-07
1.54500000e+01 2.54490707e-07
1.55000000e+01 2.61442673e-07
1.55500000e+01 2.68328220e-07
1.56000000e+01 2.75137313e-07
1.56500000e+01 2.81934660e-07
1.57000000e+01 2.88847167e-07
1.57500000e+01 2.96036020e-07
1.58000000e+01 3.03661703e-07
1.58500000e+01 3.11850060e-07
1.59000000e+01 3.20665240e-07
1.59500000e+01 3.30091247e-07
1.60000000e+01 3.40023293e-07
1.60500000e+01 3.50270047e-07
1.61000000e+01 3.60569203e-07
1.61500000e+01 3.70617843e-07
1.62000000e+01 3.80116370e-07
1.62500000e+01 3.88819287e-07
1.63000000e+01 3.96581447e-07
1.63500000e+01 4.03387273e-07
1.64000000e+01 4.09353927e-07
1.64500000e+01 4.14708020e-07
1.65000000e+01 4.19742600e-07
1.65500000e+01 4.24767137e-07
1.66000000e+01 4.30060747e-07
1.66500000e+01 4.35837630e-07
1.67000000e+01 4.42226677e-07
1.67500000e+01 4.49265393e-07
1.68000000e+01 4.56905020e-07
1.68500000e+01 4.65023987e-07
1.69000000e+01 4.73446893e-07
1.69500000e+01 4.81966123e-07
1.70000000e+01 4.90364193e-07
1.70500000e+01 4.98434900e-07
1.71000000e+01 5.06002930e-07
1.71500000e+01 5.12940123e-07
1.72000000e+01 5.19178303e-07
1.72500000e+01 5.24716923e-07
1.73000000e+01 5.29624700e-07
1.73500000e+01 5.34033693e-07
1.74000000e+01 5.38126453e-07
1.74500000e+01 5.42117270e-07
1.75000000e+01 5.46230003e-07
1.75500000e+01 5.50676057e-07
1.76000000e+01 5.55635550e-07
1.76500000e+01 5.61244893e-07
1.77000000e+01 5.67592337e-07
1.77500000e+01 5.74721860e-07
1.78000000e+01 5.82644300e-07
1.78500000e+01 5.91352937e-07
1.79000000e+01 6.00840010e-07
1.79500000e+01 6.11108800e-07
1.80000000e+01 6.22178173e-07
1.80500000e+01 6.34076327e-07
1.81000000e+01 6.46824787e-07
1.81500000e+01 6.60414753e-07
1.82000000e+01 6.74782170e-07
1.82500000e+01 6.89788277e-07
1.83000000e+01 7.05213107e-07
1.83500000e+01 7.20768170e-07
1.84000000e+01 7.36130773e-07
1.84500000e+01 7.50997433e-07
1.85000000e+01 7.65144463e-07
1.85500000e+01 7.78481493e-07
1.86000000e+01 7.91079930e-07
1.86500000e+01 8.03166790e-07
1.87000000e+01 8.15082787e-07
1.87500000e+01 8.27216263e-07
1.88000000e+01 8.39929307e-07
1.88500000e+01 8.53493057e-07
1.89000000e+01 8.68043590e-07
1.89500000e+01 8.83565423e-07
1.90000000e+01 8.99902923e-07
1.90500000e+01 9.16795703e-07
1.91000000e+01 9.33930080e-07
1.91500000e+01 9.50995310e-07
1.92000000e+01 9.67731990e-07
1.92500000e+01 9.83961530e-07
1.93000000e+01 9.99592077e-07
1.93500000e+01 1.01460413e-06
1.94000000e+01 1.02902560e-06
1.94500000e+01 1.04290805e-06
1.95000000e+01 1.05631243e-06
1.95500000e+01 1.06930854e-06
1.96000000e+01 1.08198187e-06
1.96500000e+01 1.09444003e-06
1.97000000e+01 1.10680969e-06
1.97500000e+01 1.11921913e-06
1.98000000e+01 1.13176549e-06
1.98500000e+01 1.14447613e-06
1.99000000e+01 1.15727598e-06
1.99500000e+01 1.16997571e-06
2.00000000e+01 1.18229188e-06
2.00500000e+01 1.19390130e-06
2.01000000e+01 1.20452322e-06
2.01500000e+01 1.21400849e-06
2.02000000e+01 1.22241010e-06
2.02500000e+01 1.23001083e-06
2.03000000e+01 1.23729863e-06
2.03500000e+01 1.24489453e-06
2.04000000e+01 1.25345393e-06
2.04500000e+01 1.26356717e-06
2.05000000e+01 1.27568330e-06
2.05500000e+01 1.29006737e-06
2.06000000e+01 1.30679830e-06
2.06500000e+01 1.32579797e-06
2.07000000e+01 1.34688303e-06
2.07500000e+01 1.36982320e-06
2.08000000e+01 1.39438997e-06
2.08500000e+01 1.42038303e-06
2.09000000e+01 1.44762727e-06
2.09500000e+01 1.47594383e-06
2.10000000e+01 1.50510530e-06
2.10500000e+01 1.53479657e-06
2.11000000e+01 1.56459733e-06
2.11500000e+01 1.59399550e-06
2.12000000e+01 1.62243463e-06
2.12500000e+01 1.64937503e-06
2.13000000e+01 1.67435017e-06
2.13500000e+01 1.69699793e-06
2.14000000e+01 1.71705383e-06
2.14500000e+01 1.73431797e-06
2.15000000e+01 1.74861290e-06
2.15500000e+01 1.75976380e-06
2.16000000e+01 1.76761813e-06
2.16500000e+01 1.77210657e-06
2.17000000e+01 1.77333060e-06
2.17500000e+01 1.77163660e-06
2.18000000e+01 1.76764247e-06
2.18500000e+01 1.76219103e-06
2.19000000e+01 1.75623407e-06
2.19500000e+01 1.75067297e-06
2.20000000e+01 1.74619550e-06
2.20500000e+01 1.74315013e-06
2.21000000e+01 1.74148583e-06
2.21500000e+01 1.74077210e-06
2.22000000e+01 1.74029277e-06
2.22500000e+01 1.73919513e-06
2.23000000e+01 1.73665923e-06
2.23500000e+01 1.73204663e-06
2.24000000e+01 1.72499140e-06
2.24500000e+01 1.71541757e-06
2.25000000e+01 1.70348573e-06
2.25500000e+01 1.68949640e-06
2.26000000e+01 1.67378593e-06
2.26500000e+01 1.65664090e-06
2.27000000e+01 1.63825140e-06
2.27500000e+01 1.61870053e-06
2.28000000e+01 1.59797950e-06
2.28500000e+01 1.57602187e-06
2.29000000e+01 1.55274093e-06
2.29500000e+01 1.52807053e-06
2.30000000e+01 1.50200727e-06
2.30500000e+01 1.47465060e-06
2.31000000e+01 1.44623637e-06
2.31500000e+01 1.41715083e-06
2.32000000e+01 1.38791837e-06
2.32500000e+01 1.35915583e-06
2.33000000e+01 1.33149873e-06
2.33500000e+01 1.30551317e-06
2.34000000e+01 1.28160973e-06
2.34500000e+01 1.25998033e-06
2.35000000e+01 1.24056917e-06
2.35500000e+01 1.22308890e-06
2.36000000e+01 1.20707967e-06
2.36500000e+01 1.19200210e-06
2.37000000e+01 1.17734627e-06
2.37500000e+01 1.16273240e-06
2.38000000e+01 1.14797603e-06
2.38500000e+01 1.13310623e-06
2.39000000e+01 1.11833233e-06
2.39500000e+01 1.10397530e-06
2.40000000e+01 1.09038963e-06
2.40500000e+01 1.07789330e-06
2.41000000e+01 1.06672480e-06
2.41500000e+01 1.05702467e-06
2.42000000e+01 1.04884120e-06
2.42500000e+01 1.04214630e-06
2.43000000e+01 1.03685170e-06
2.43500000e+01 1.03282330e-06
2.44000000e+01 1.02988900e-06
2.44500000e+01 1.02784600e-06
2.45000000e+01 1.02647097e-06
2.45500000e+01 1.02553773e-06
2.46000000e+01 1.02483800e-06
2.46500000e+01 1.02420230e-06
2.47000000e+01 1.02350950e-06
2.47500000e+01 1.02268187e-06
2.48000000e+01 1.02166287e-06
2.48500000e+01 1.02038707e-06
2.49000000e+01 1.01875357e-06
2.49500000e+01 1.01661593e-06
2.50000000e+01 1.01379707e-06
2.50500000e+01 1.01012304e-06
2.51000000e+01 1.00546533e-06
2.51500000e+01 9.99771273e-07
2.52000000e+01 9.93072113e-07
2.52500000e+01 9.85461023e-07
2.53000000e+01 9.77054940e-07
2.53500000e+01 9.67957090e-07
2.54000000e+01 9.58235923e-07
2.54500000e+01 9.47930143e-07
2.55000000e+01 9.37076010e-07
2.55500000e+01 9.25743090e-07
2.56000000e+01 9.14059733e-07
2.56500000e+01 9.02218300e-07
2.57000000e+01 8.90458187e-07
2.57500000e+01 8.79034590e-07
2.58000000e+01 8.68185633e-07
2.58500000e+01 8.58111540e-07
2.59000000e+01 8.48967137e-07
2.59500000e+01 8.40865727e-07
2.60000000e+01 8.33883527e-07
2.60500000e+01 8.28059970e-07
2.61000000e+01 8.23387537e-07
2.61500000e+01 8.19794247e-07
2.62000000e+01 8.17131133e-07
2.62500000e+01 8.15168987e-07
2.63000000e+01 8.13616537e-07
2.63500000e+01 8.12152980e-07
2.64000000e+01 8.10474057e-07
2.64500000e+01 8.08331927e-07
2.65000000e+01 8.05562973e-07
2.65500000e+01 8.02095640e-07
2.66000000e+01 7.97940607e-07
2.66500000e+01 7.93175860e-07
2.67000000e+01 7.87929173e-07
2.67500000e+01 7.82364177e-07
2.68000000e+01 7.76666600e-07
2.68500000e+01 7.71024993e-07
2.69000000e+01 7.65609280e-07
2.69500000e+01 7.60545603e-07
2.70000000e+01 7.55902080e-07
2.70500000e+01 7.51686773e-07
2.71000000e+01 7.47861537e-07
2.71500000e+01 7.44365010e-07
2.72000000e+01 7.41131790e-07
2.72500000e+01 7.38102130e-07
2.73000000e+01 7.35211300e-07
2.73500000e+01 7.32373797e-07
2.74000000e+01 7.29468323e-07
2.74500000e+01 7.26337770e-07
2.75000000e+01 7.22811147e-07
2.75500000e+01 7.18736490e-07
2.76000000e+01 7.14017573e-07
2.76500000e+01 7.08633993e-07
2.77000000e+01 7.02641503e-07
2.77500000e+01 6.96153620e-07
2.78000000e+01 6.89316640e-07
2.78500000e+01 6.82287510e-07
2.79000000e+01 6.75220990e-07
2.79500000e+01 6.68264377e-07
2.80000000e+01 6.61551657e-07
2.80500000e+01 6.55199127e-07
2.81000000e+01 6.49296830e-07
2.81500000e+01 6.43904313e-07
2.82000000e+01 6.39047770e-07
2.82500000e+01 6.34721453e-07
2.83000000e+01 6.30891517e-07
2.83500000e+01 6.27496573e-07
2.84000000e+01 6.24452407e-07
2.84500000e+01 6.21653310e-07
2.85000000e+01 6.18980237e-07
2.85500000e+01 6.16309140e-07
2.86000000e+01 6.13522037e-07
2.86500000e+01 6.10516807e-07
2.87000000e+01 6.07210697e-07
2.87500000e+01 6.03539957e-07
2.88000000e+01 5.99448240e-07
2.88500000e+01 5.94877950e-07
2.89000000e+01 5.89762347e-07
2.89500000e+01 5.84034477e-07
2.90000000e+01 5.77648843e-07
2.90500000e+01 5.70607637e-07
2.91000000e+01 5.62979727e-07
2.91500000e+01 5.54891573e-07
2.92000000e+01 5.46500293e-07
2.92500000e+01 5.37951313e-07
2.93000000e+01 5.29350527e-07
2.93500000e+01 5.20753863e-07
2.94000000e+01 5.12176337e-07
2.94500000e+01 5.03612817e-07
2.95000000e+01 4.95049273e-07
2.95500000e+01 4.86471027e-07
2.96000000e+01 4.77857467e-07
2.96500000e+01 4.69179737e-07
2.97000000e+01 4.60397347e-07
2.97500000e+01 4.51461097e-07
2.98000000e+01 4.42323270e-07
2.98500000e+01 4.32947990e-07
2.99000000e+01 4.23323337e-07
2.99500000e+01 4.13464417e-07
3.00000000e+01 4.03412730e-07
3.00500000e+01 3.93227297e-07
3.01000000e+01 3.82973893e-07
3.01500000e+01 3.72715500e-07
3.02000000e+01 3.62501470e-07
3.02500000e+01 3.52363643e-07
3.03000000e+01 3.42314010e-07
3.03500000e+01 3.32350500e-07
3.04000000e+01 3.22463337e-07
3.04500000e+01 3.12641320e-07
3.05000000e+01 3.02874840e-07
3.05500000e+01 2.93153337e-07
3.06000000e+01 2.83461070e-07
3.06500000e+01 2.73772817e-07
3.07000000e+01 2.64055700e-07
3.07500000e+01 2.54275213e-07
3.08000000e+01 2.44405113e-07
3.08500000e+01 2.34435500e-07
3.09000000e+01 2.24377077e-07
3.09500000e+01 2.14261907e-07
3.10000000e+01 2.04141767e-07
3.10500000e+01 1.94086363e-07
3.11000000e+01 1.84179337e-07
3.11500000e+01 1.74513297e-07
3.12000000e+01 1.65181183e-07
3.12500000e+01 1.56267250e-07
3.13000000e+01 1.47838950e-07
3.13500000e+01 1.39942013e-07
3.14000000e+01 1.32599110e-07
3.14500000e+01 1.25811703e-07
3.15000000e+01 1.19564357e-07
3.15500000e+01 1.13829357e-07
3.16000000e+01 1.08571453e-07
3.16500000e+01 1.03751781e-07
3.17000000e+01 9.93306607e-08
3.17500000e+01 9.52697123e-08
3.18000000e+01 9.15327570e-08
3.18500000e+01 8.80867133e-08
3.19000000e+01 8.49016283e-08
3.19500000e+01 8.19506587e-08
3.20000000e+01 7.92099760e-08
3.20500000e+01 7.66584390e-08
3.21000000e+01 7.42774253e-08
3.21500000e+01 7.20504017e-08
3.22000000e+01 6.99628467e-08
3.22500000e+01 6.80018627e-08
3.23000000e+01 6.61560523e-08
3.23500000e+01 6.44153067e-08
3.24000000e+01 6.27706147e-08
3.24500000e+01 6.12139963e-08
3.25000000e+01 5.97382643e-08
3.25500000e+01 5.83370510e-08
3.26000000e+01 5.70045693e-08
3.26500000e+01 5.57356770e-08
3.27000000e+01 5.45257107e-08
3.27500000e+01 5.33704440e-08
3.28000000e+01 5.22660817e-08
3.28500000e+01 5.12091380e-08
3.29000000e+01 5.01964873e-08
3.29500000e+01 4.92252263e-08
3.30000000e+01 4.82927490e-08
3.30500000e+01 4.73966533e-08
3.31000000e+01 4.65347200e-08
3.31500000e+01 4.57049380e-08
3.32000000e+01 4.49054313e-08
3.32500000e+01 4.41344963e-08
3.33000000e+01 4.33905233e-08
3.33500000e+01 4.26720570e-08
3.34000000e+01 4.19777383e-08
3.34500000e+01 4.13062907e-08
3.35000000e+01 4.06565553e-08
3.35500000e+01 4.00274203e-08
3.36000000e+01 3.94178893e-08
3.36500000e+01 3.88269913e-08
3.37000000e+01 3.82538530e-08
3.37500000e+01 3.76976370e-08
3.38000000e+01 3.71575653e-08
3.38500000e+01 3.66329127e-08
3.39000000e+01 3.61229843e-08
3.39500000e+01 3.56271517e-08
3.40000000e+01 3.51447950e-08
3.40500000e+01 3.46753560e-08
3.41000000e+01 3.42182880e-08
3.41500000e+01 3.37730890e-08
3.42000000e+01 3.33392817e-08
3.42500000e+01 3.29164050e-08
3.43000000e+01 3.25040450e-08
3.43500000e+01 3.21017830e-08
3.44000000e+01 3.17092473e-08
3.44500000e+01 3.13260620e-08
3.45000000e+01 3.09518877e-08
3.45500000e+01 3.05863980e-08
3.46000000e+01 3.02292757e-08
3.46500000e+01 2.98802307e-08
3.47000000e+01 2.95389733e-08
3.47500000e+01 2.92052433e-08
3.48000000e+01 2.88787747e-08
3.48500000e+01 2.85593293e-08
3.49000000e+01 2.82466763e-08
3.49500000e+01 2.79405847e-08
3.50000000e+01 2.76408520e-08
3.50500000e+01 2.73472633e-08
3.51000000e+01 2.70596363e-08
3.51500000e+01 2.67777757e-08
3.52000000e+01 2.65015070e-08
3.52500000e+01 2.62306613e-08
3.53000000e+01 2.59650713e-08
3.53500000e+01 2.57045853e-08
3.54000000e+01 2.54490433e-08
3.54500000e+01 2.51983123e-08
3.55000000e+01 2.49522450e-08
3.55500000e+01 2.47107123e-08
3.56000000e+01 2.44735890e-08
3.56500000e+01 2.42407440e-08
3.57000000e+01 2.40120657e-08
3.57500000e+01 2.37874337e-08
3.58000000e+01 2.35667453e-08
3.58500000e+01 2.33498927e-08
3.59000000e+01 2.31367727e-08
3.59500000e+01 2.29272847e-08
3.60000000e+01 2.27213363e-08
3.60500000e+01 2.25188417e-08
3.61000000e+01 2.23197023e-08
3.61500000e+01 2.21238407e-08
3.62000000e+01 2.19311727e-08
3.62500000e+01 2.17416180e-08
3.63000000e+01 2.15551013e-08
3.63500000e+01 2.13715483e-08
3.64000000e+01 2.11908883e-08
3.64500000e+01 2.10130463e-08
3.65000000e+01 2.08379627e-08
3.65500000e+01 2.06655690e-08
3.66000000e+01 2.04958057e-08
3.66500000e+01 2.03286073e-08
3.67000000e+01 2.01639143e-08
3.67500000e+01 2.00016770e-08
3.68000000e+01 1.98418333e-08
3.68500000e+01 1.96843317e-08
3.69000000e+01 1.95291197e-08
3.69500000e+01 1.93761480e-08
3.70000000e+01 1.92253670e-08
3.70500000e+01 1.90767300e-08
3.71000000e+01 1.89301910e-08
3.71500000e+01 1.87857013e-08
3.72000000e+01 1.86432243e-08
3.72500000e+01 1.85027107e-08
3.73000000e+01 1.83641263e-08
3.73500000e+01 1.82274263e-08
3.74000000e+01 1.80925733e-08
3.74500000e+01 1.79595313e-08
3.75000000e+01 1.78282620e-08
3.75500000e+01 1.76987293e-08
3.76000000e+01 1.75709003e-08
3.76500000e+01 1.74447403e-08
3.77000000e+01 1.73202167e-08
3.77500000e+01 1.71972987e-08
3.78000000e+01 1.70759530e-08
3.78500000e+01 1.69561490e-08
3.79000000e+01 1.68378613e-08
3.79500000e+01 1.67210570e-08
3.80000000e+01 1.66057100e-08
3.80500000e+01 1.64917920e-08
3.81000000e+01 1.63792770e-08
3.81500000e+01 1.62681397e-08
3.82000000e+01 1.61583540e-08
3.82500000e+01 1.60498970e-08
3.83000000e+01 1.59427400e-08
3.83500000e+01 1.58368643e-08
3.84000000e+01 1.57322453e-08
3.84500000e+01 1.56288623e-08
3.85000000e+01 1.55266907e-08
3.85500000e+01 1.54257093e-08
3.86000000e+01 1.53259010e-08
3.86500000e+01 1.52272417e-08
3.87000000e+01 1.51297133e-08
3.87500000e+01 1.50332953e-08
3.88000000e+01 1.49379700e-08
3.88500000e+01 1.48437190e-08
3.89000000e+01 1.47505240e-08
3.89500000e+01 1.46583673e-08
3.90000000e+01 1.45672297e-08
3.90500000e+01 1.44770983e-08
3.91000000e+01 1.43879533e-08
3.91500000e+01 1.42997797e-08
3.92000000e+01 1.42125620e-08
3.92500000e+01 1.41262840e-08
3.93000000e+01 1.40409313e-08
3.93500000e+01 1.39564897e-08
3.94000000e+01 1.38729443e-08
3.94500000e+01 1.37902790e-08
3.95000000e+01 1.37084823e-08
3.95500000e+01 1.36275403e-08
3.96000000e+01 1.35474407e-08
3.96500000e+01 1.34681683e-08
3.97000000e+01 1.33897097e-08
3.97500000e+01 1.33120563e-08
3.98000000e+01 1.32351933e-08
3.98500000e+01 1.31591083e-08
3.99000000e+01 1.30837913e-08
3.99500000e+01 1.30092290e-08
4.00000000e+01 1.29354117e-08
4.00500000e+01 1.28623280e-08
4.01000000e+01 1.27899677e-08
4.01500000e+01 1.27183180e-08
4.02000000e+01 1.26473700e-08
4.02500000e+01 1.25771140e-08
4.03000000e+01 1.25075407e-08
4.03500000e+01 1.24386377e-08
4.04000000e+01 1.23703963e-08
4.04500000e+01 1.23028090e-08
4.05000000e+01 1.22358650e-08
4.05500000e+01 1.21695547e-08
4.06000000e+01 1.21038703e-08
4.06500000e+01 1.20388023e-08
4.07000000e+01 1.19743437e-08
4.07500000e+01 1.19104850e-08
4.08000000e+01 1.18472173e-08
4.08500000e+01 1.17845323e-08
4.09000000e+01 1.17224247e-08
4.09500000e+01 1.16608843e-08
4.10000000e+01 1.15999033e-08
4.10500000e+01 1.15394757e-08
4.11000000e+01 1.14795923e-08
4.11500000e+01 1.14202477e-08
4.12000000e+01 1.13614347e-08
4.12500000e+01 1.13031457e-08
4.13000000e+01 1.12453717e-08
4.13500000e+01 1.11881090e-08
4.14000000e+01 1.11313503e-08
4.14500000e+01 1.10750890e-08
4.15000000e+01 1.10193180e-08
4.15500000e+01 1.09640307e-08
4.16000000e+01 1.09092223e-08
4.16500000e+01 1.08548873e-08
4.17000000e+01 1.08010160e-08
4.17500000e+01 1.07476067e-08
4.18000000e+01 1.06946507e-08
4.18500000e+01 1.06421453e-08
4.19000000e+01 1.05900823e-08
4.19500000e+01 1.05384570e-08
4.20000000e+01 1.04872633e-08
4.20500000e+01 1.04364970e-08
4.21000000e+01 1.03861530e-08
4.21500000e+01 1.03362253e-08
4.22000000e+01 1.02867097e-08
4.22500000e+01 1.02375997e-08
4.23000000e+01 1.01888923e-08
4.23500000e+01 1.01405827e-08
4.24000000e+01 1.00926634e-08
4.24500000e+01 1.00451326e-08
4.25000000e+01 9.99798383e-09
4.25500000e+01 9.95121503e-09
4.26000000e+01 9.90481920e-09
4.26500000e+01 9.85879340e-09
4.27000000e+01 9.81313193e-09
4.27500000e+01 9.76783227e-09
4.28000000e+01 9.72289013e-09
4.28500000e+01 9.67829940e-09
4.29000000e+01 9.63405803e-09
4.29500000e+01 9.59016070e-09
4.30000000e+01 9.54660503e-09
4.30500000e+01 9.50338657e-09
4.31000000e+01 9.46050070e-09
4.31500000e+01 9.41794357e-09
4.32000000e+01 9.37571210e-09
4.32500000e+01 9.33380397e-09
4.33000000e+01 9.29221367e-09
4.33500000e+01 9.25093823e-09
4.34000000e+01 9.20997357e-09
4.34500000e+01 9.16931760e-09
4.35000000e+01 9.12896683e-09
4.35500000e+01 9.08891617e-09
4.36000000e+01 9.04916403e-09
4.36500000e+01 9.00970613e-09
4.37000000e+01 8.97054103e-09
4.37500000e+01 8.93166383e-09
4.38000000e+01 8.89307193e-09
4.38500000e+01 8.85476177e-09
4.39000000e+01 8.81673153e-09
4.39500000e+01 8.77897750e-09
4.40000000e+01 8.74149700e-09
4.40500000e+01 8.70428700e-09
4.41000000e+01 8.66734410e-09
4.41500000e+01 8.63066663e-09
4.42000000e+01 8.59425187e-09
4.42500000e+01 8.55809540e-09
4.43000000e+01 8.52219613e-09
4.43500000e+01 8.48655040e-09
4.44000000e+01 8.45115720e-09
4.44500000e+01 8.41601233e-09
4.45000000e+01 8.38111383e-09
4.45500000e+01 8.34645853e-09
4.46000000e+01 8.31204517e-09
4.46500000e+01 8.27787117e-09
4.47000000e+01 8.24393263e-09
4.47500000e+01 8.21022870e-09
4.48000000e+01 8.17675600e-09
4.48500000e+01 8.14351370e-09
4.49000000e+01 8.11049830e-09
4.49500000e+01 8.07770773e-09
4.50000000e+01 8.04513930e-09
4.50500000e+01 8.01279137e-09
4.51000000e+01 7.98066273e-09
4.51500000e+01 7.94874987e-09
4.52000000e+01 7.91705110e-09
4.52500000e+01 7.88556377e-09
4.53000000e+01 7.85428697e-09
4.53500000e+01 7.82321847e-09
4.54000000e+01 7.79235500e-09
4.54500000e+01 7.76169593e-09
4.55000000e+01 7.73123840e-09
4.55500000e+01 7.70098180e-09
4.56000000e+01 7.67092297e-09
4.56500000e+01 7.64106043e-09
4.57000000e+01 7.61139177e-09
4.57500000e+01 7.58191623e-09
4.58000000e+01 7.55263190e-09
4.58500000e+01 7.52353570e-09
4.59000000e+01 7.49462713e-09
4.59500000e+01 7.46590367e-09
4.60000000e+01 7.43736437e-09
4.60500000e+01 7.40900760e-09
4.61000000e+01 7.38083080e-09
4.61500000e+01 7.35283227e-09
4.62000000e+01 7.32501083e-09
4.62500000e+01 7.29736567e-09
4.63000000e+01 7.26989407e-09
4.63500000e+01 7.24259477e-09
4.64000000e+01 7.21546573e-09
4.64500000e+01 7.18850637e-09
4.65000000e+01 7.16171500e-09
4.65500000e+01 7.13508900e-09
4.66000000e+01 7.10862810e-09
4.66500000e+01 7.08232997e-09
4.67000000e+01 7.05619440e-09
4.67500000e+01 7.03021883e-09
4.68000000e+01 7.00440213e-09
4.68500000e+01 6.97874253e-09
4.69000000e+01 6.95323900e-09
4.69500000e+01 6.92789100e-09
4.70000000e+01 6.90269607e-09
4.70500000e+01 6.87765320e-09
4.71000000e+01 6.85276063e-09
4.71500000e+01 6.82801790e-09
4.72000000e+01 6.80342360e-09
4.72500000e+01 6.77897547e-09
4.73000000e+01 6.75467330e-09
4.73500000e+01 6.73051507e-09
4.74000000e+01 6.70650070e-09
4.74500000e+01 6.68262787e-09
4.75000000e+01 6.65889577e-09
4.75500000e+01 6.63530267e-09
4.76000000e+01 6.61184837e-09
4.76500000e+01 6.58853150e-09
4.77000000e+01 6.56534983e-09
4.77500000e+01 6.54230350e-09
4.78000000e+01 6.51939050e-09
4.78500000e+01 6.49661057e-09
4.79000000e+01 6.47396220e-09
4.79500000e+01 6.45144413e-09
4.80000000e+01 6.42905493e-09
4.80500000e+01 6.40679403e-09
4.81000000e+01 6.38466097e-09
4.81500000e+01 6.36265383e-09
4.82000000e+01 6.34077180e-09
4.82500000e+01 6.31901347e-09
4.83000000e+01 6.29737867e-09
4.83500000e+01 6.27586620e-09
4.84000000e+01 6.25447423e-09
4.84500000e+01 6.23320277e-09
4.85000000e+01 6.21205007e-09
4.85500000e+01 6.19101620e-09
4.86000000e+01 6.17009930e-09
4.86500000e+01 6.14929880e-09
4.87000000e+01 6.12861327e-09
4.87500000e+01 6.10804260e-09
4.88000000e+01 6.08758530e-09
4.88500000e+01 6.06724087e-09
4.89000000e+01 6.04700817e-09
4.89500000e+01 6.02688607e-09
4.90000000e+01 6.00687430e-09
4.90500000e+01 5.98697190e-09
4.91000000e+01 5.96717727e-09
4.91500000e+01 5.94749043e-09
4.92000000e+01 5.92790990e-09
4.92500000e+01 5.90843570e-09
4.93000000e+01 5.88906630e-09
4.93500000e+01 5.86980107e-09
4.94000000e+01 5.85063883e-09
4.94500000e+01 5.83157953e-09
4.95000000e+01 5.81262223e-09
4.95500000e+01 5.79376540e-09
4.96000000e+01 5.77500913e-09
4.96500000e+01 5.75635203e-09
4.97000000e+01 5.73779403e-09
4.97500000e+01 5.71933410e-09
4.98000000e+01 5.70097127e-09
4.98500000e+01 5.68270460e-09
4.99000000e+01 5.66453373e-09
4.99500000e+01 5.64645843e-09
5.00000000e+01 5.62847727e-09
5.00500000e+01 5.61058980e-09
5.01000000e+01 5.59279493e-09
5.01500000e+01 5.57509267e-09
5.02000000e+01 5.55748213e-09
5.02500000e+01 5.53996200e-09
5.03000000e+01 5.52253240e-09
5.03500000e+01 5.50519207e-09
5.04000000e+01 5.48794117e-09
5.04500000e+01 5.47077833e-09
5.05000000e+01 5.45370310e-09
5.05500000e+01 5.43671453e-09
5.06000000e+01 5.41981260e-09
5.06500000e+01 5.40299627e-09
5.07000000e+01 5.38626520e-09
5.07500000e+01 5.36961853e-09
5.08000000e+01 5.35305550e-09
5.08500000e+01 5.33657607e-09
5.09000000e+01 5.32017943e-09
5.09500000e+01 5.30386440e-09
5.10000000e+01 5.28763117e-09
5.10500000e+01 5.27147857e-09
5.11000000e+01 5.25540677e-09
5.11500000e+01 5.23941453e-09
5.12000000e+01 5.22350157e-09
5.12500000e+01 5.20766693e-09
5.13000000e+01 5.19191073e-09
5.13500000e+01 5.17623213e-09
5.14000000e+01 5.16063017e-09
5.14500000e+01 5.36738450e-09
5.15000000e+01 5.35119563e-09
5.15500000e+01 5.77667640e-09
5.16000000e+01 5.75918207e-09
5.16500000e+01 5.74177343e-09
5.17000000e+01 5.93916427e-09
5.17500000e+01 5.92121637e-09
5.18000000e+01 6.11476377e-09
5.18500000e+01 6.09629607e-09
5.19000000e+01 6.50566073e-09
5.19500000e+01 6.48597090e-09
5.20000000e+01 6.46637723e-09
5.20500000e+01 6.65117427e-09
5.21000000e+01 6.63110373e-09
5.21500000e+01 6.81231593e-09
5.22000000e+01 7.00901213e-09
5.22500000e+01 6.98787727e-09
5.23000000e+01 7.16432060e-09
5.23500000e+01 7.14275043e-09
5.24000000e+01 7.31577757e-09
5.24500000e+01 7.29378777e-09
5.25000000e+01 7.27190273e-09
5.25500000e+01 7.65531737e-09
5.26000000e+01 7.63234397e-09
5.26500000e+01 7.79755390e-09
5.27000000e+01 7.77419773e-09
5.27500000e+01 7.93622007e-09
5.28000000e+01 7.91249577e-09
5.28500000e+01 7.88888293e-09
5.29000000e+01 8.25867563e-09
5.29500000e+01 8.23404110e-09
5.30000000e+01 8.38874327e-09
5.30500000e+01 8.36377543e-09
5.31000000e+01 8.33892377e-09
5.31500000e+01 8.49020853e-09
5.32000000e+01 8.46503647e-09
5.32500000e+01 8.61341400e-09
5.33000000e+01 8.79586150e-09
5.33500000e+01 8.76985050e-09
5.34000000e+01 8.91430247e-09
5.34500000e+01 8.88800333e-09
5.35000000e+01 9.02968150e-09
5.35500000e+01 9.00310387e-09
5.36000000e+01 8.97664903e-09
5.36500000e+01 9.32047563e-09
5.37000000e+01 9.29312283e-09
5.37500000e+01 9.42839267e-09
5.38000000e+01 9.40078937e-09
5.38500000e+01 9.37331197e-09
5.39000000e+01 9.50562313e-09
5.39500000e+01 9.47790733e-09
5.40000000e+01 9.45031817e-09
5.40500000e+01 9.78179907e-09
5.41000000e+01 9.75336670e-09
5.41500000e+01 9.87968630e-09
5.42000000e+01 9.85104120e-09
5.42500000e+01 9.82252483e-09
5.43000000e+01 9.94609350e-09
5.43500000e+01 9.91737543e-09
5.44000000e+01 1.00385803e-08
5.44500000e+01 1.02086483e-08
5.45000000e+01 1.01792663e-08
5.45500000e+01 1.02972290e-08
5.46000000e+01 1.02676690e-08
5.46500000e+01 1.02382400e-08
5.47000000e+01 1.03536430e-08
5.47500000e+01 1.03240427e-08
5.48000000e+01 1.04372420e-08
5.48500000e+01 1.06034963e-08
5.49000000e+01 1.05732840e-08
5.49500000e+01 1.06834377e-08
5.50000000e+01 1.06530760e-08
5.50500000e+01 1.06228487e-08
5.51000000e+01 1.07306200e-08
5.51500000e+01 1.07002497e-08
5.52000000e+01 1.08059633e-08
5.52500000e+01 1.07754593e-08
5.53000000e+01 1.09376847e-08
5.53500000e+01 1.10405383e-08
5.54000000e+01 1.10094787e-08
5.54500000e+01 1.09785533e-08
5.55000000e+01 1.10791897e-08
5.55500000e+01 1.10481487e-08
5.56000000e+01 1.11468617e-08
5.56500000e+01 1.11157127e-08
5.57000000e+01 1.12745590e-08
5.57500000e+01 1.13705827e-08
5.58000000e+01 1.13389180e-08
5.58500000e+01 1.13073910e-08
5.59000000e+01 1.14013477e-08
5.59500000e+01 1.13697280e-08
5.60000000e+01 1.13382440e-08
5.60500000e+01 1.14301820e-08
5.61000000e+01 1.13986107e-08
5.61500000e+01 1.16754657e-08
5.62000000e+01 1.16432837e-08
5.62500000e+01 1.16112370e-08
5.63000000e+01 1.16989397e-08
5.63500000e+01 1.16668230e-08
5.64000000e+01 1.16348427e-08
5.64500000e+01 1.17206633e-08
5.65000000e+01 1.16886180e-08
5.65500000e+01 1.16567053e-08
5.66000000e+01 1.17406870e-08
5.66500000e+01 1.18918280e-08
5.67000000e+01 1.18594760e-08
5.67500000e+01 1.19411320e-08
5.68000000e+01 1.19087290e-08
5.68500000e+01 1.19888167e-08
5.69000000e+01 1.19563680e-08
5.69500000e+01 1.19240523e-08
5.70000000e+01 1.20024247e-08
5.70500000e+01 1.19700680e-08
5.71000000e+01 1.21180443e-08
5.71500000e+01 1.21942247e-08
5.72000000e+01 1.21614667e-08
5.72500000e+01 1.21288430e-08
5.73000000e+01 1.22033907e-08
5.73500000e+01 1.21707380e-08
5.74000000e+01 1.21382180e-08
5.74500000e+01 1.22111707e-08
5.75000000e+01 1.21786250e-08
5.75500000e+01 1.21462130e-08
5.76000000e+01 1.23945030e-08
5.76500000e+01 1.23615857e-08
5.77000000e+01 1.23288013e-08
5.77500000e+01 1.23981723e-08
5.78000000e+01 1.23653740e-08
5.78500000e+01 1.23327080e-08
5.79000000e+01 1.24005947e-08
5.79500000e+01 1.23679173e-08
5.80000000e+01 1.23353703e-08
5.80500000e+01 1.24018053e-08
5.81000000e+01 1.25430000e-08
5.81500000e+01 1.26076640e-08
5.82000000e+01 1.25746407e-08
5.82500000e+01 1.25417483e-08
5.83000000e+01 1.26050250e-08
5.83500000e+01 1.25721367e-08
5.84000000e+01 1.25393767e-08
5.84500000e+01 1.26012967e-08
5.85000000e+01 1.25685447e-08
5.85500000e+01 1.25359197e-08
5.86000000e+01 1.27672253e-08
5.86500000e+01 1.27341547e-08
5.87000000e+01 1.27012150e-08
5.87500000e+01 1.27600470e-08
5.88000000e+01 1.27271213e-08
5.88500000e+01 1.26943253e-08
5.89000000e+01 1.27518917e-08
5.89500000e+01 1.27191143e-08
5.90000000e+01 1.26864610e-08
5.90500000e+01 1.27427930e-08
5.91000000e+01 1.27101603e-08
5.91500000e+01 1.28450270e-08
5.92000000e+01 1.28996963e-08
5.92500000e+01 1.28667750e-08
5.93000000e+01 1.28339807e-08
5.93500000e+01 1.28874723e-08
5.94000000e+01 1.28547050e-08
5.94500000e+01 1.28220657e-08
5.95000000e+01 1.27895503e-08
5.95500000e+01 1.28417927e-08
5.96000000e+01 1.28093053e-08
5.96500000e+01 1.27769433e-08
5.97000000e+01 1.29922240e-08
5.97500000e+01 1.29594677e-08
5.98000000e+01 1.29268373e-08
5.98500000e+01 1.29764203e-08
5.99000000e+01 1.29438260e-08
5.99500000e+01 1.29113540e-08
6.00000000e+01 1.29598660e-08
6.00500000e+01 1.29274323e-08
6.01000000e+01 1.28951220e-08
6.01500000e+01 1.29425840e-08
6.02000000e+01 1.29103130e-08
6.02500000e+01 1.30392637e-08
6.03000000e+01 1.30852767e-08
6.03500000e+01 1.30527580e-08
6.04000000e+01 1.30203620e-08
6.04500000e+01 1.30653757e-08
6.05000000e+01 1.30330243e-08
6.05500000e+01 1.30007937e-08
6.06000000e+01 1.30448283e-08
6.06500000e+01 1.30126447e-08
6.07000000e+01 1.29805803e-08
6.07500000e+01 1.30236577e-08
6.08000000e+01 1.31497987e-08
6.08500000e+01 1.31175050e-08
6.09000000e+01 1.30853293e-08
6.09500000e+01 1.31269927e-08
6.10000000e+01 1.30948707e-08
6.10500000e+01 1.30628653e-08
6.11000000e+01 1.31036187e-08
6.11500000e+01 1.30716673e-08
6.12000000e+01 1.30398330e-08
6.12500000e+01 1.30796943e-08
6.13000000e+01 1.30479140e-08
6.13500000e+01 1.30162500e-08
6.14000000e+01 1.32101877e-08
6.14500000e+01 1.31781953e-08
6.15000000e+01 1.31463190e-08
6.15500000e+01 1.31840607e-08
6.16000000e+01 1.31522450e-08
6.16500000e+01 1.31205420e-08
6.17000000e+01 1.30889560e-08
6.17500000e+01 1.31258100e-08
6.18000000e+01 1.30942830e-08
6.18500000e+01 1.30628700e-08
6.19000000e+01 1.30989100e-08
6.19500000e+01 1.30675573e-08
6.20000000e+01 1.30363170e-08
6.20500000e+01 1.32230743e-08
6.21000000e+01 1.31915267e-08
6.21500000e+01 1.31600913e-08
6.22000000e+01 1.31941783e-08
6.22500000e+01 1.31628080e-08
6.23000000e+01 1.31315487e-08
6.23500000e+01 1.31004000e-08
6.24000000e+01 1.31336833e-08
6.24500000e+01 1.31026003e-08
6.25000000e+01 1.30716277e-08
6.25500000e+01 1.31041677e-08
6.26000000e+01 1.30732610e-08
6.26500000e+01 1.31910660e-08
6.27000000e+01 1.32225117e-08
6.27500000e+01 1.31914250e-08
6.28000000e+01 1.31604473e-08
6.28500000e+01 1.31295783e-08
6.29000000e+01 1.31602763e-08
6.29500000e+01 1.31294760e-08
6.30000000e+01 1.30987860e-08
6.30500000e+01 1.31287910e-08
6.31000000e+01 1.30981687e-08
6.31500000e+01 1.30676533e-08
6.32000000e+01 1.30969820e-08
6.32500000e+01 1.30665367e-08
6.33000000e+01 1.31816577e-08
6.33500000e+01 1.31510783e-08
6.34000000e+01 1.31793567e-08
6.34500000e+01 1.31488497e-08
6.35000000e+01 1.31184497e-08
6.35500000e+01 1.31460827e-08
6.36000000e+01 1.31157533e-08
6.36500000e+01 1.30855297e-08
6.37000000e+01 1.30554093e-08
6.37500000e+01 1.30823787e-08
6.38000000e+01 1.30523313e-08
6.38500000e+01 1.30223867e-08
6.39000000e+01 1.30487387e-08
6.39500000e+01 1.31613303e-08
6.40000000e+01 1.31312290e-08
6.40500000e+01 1.31566353e-08
6.41000000e+01 1.31266090e-08
6.41500000e+01 1.30966863e-08
6.42000000e+01 1.30668640e-08
6.42500000e+01 1.30916543e-08
6.43000000e+01 1.30619077e-08
6.43500000e+01 1.30322630e-08
6.44000000e+01 1.30564777e-08
6.44500000e+01 1.30269077e-08
6.45000000e+01 1.29974380e-08
6.45500000e+01 1.29680670e-08
6.46000000e+01 1.29916933e-08
6.46500000e+01 1.31016717e-08
6.47000000e+01 1.30721553e-08
6.47500000e+01 1.30949010e-08
6.48000000e+01 1.30654627e-08
6.48500000e+01 1.30361220e-08
6.49000000e+01 1.30068803e-08
6.49500000e+01 1.30290700e-08
6.50000000e+01 1.29999047e-08
6.50500000e+01 1.29708360e-08
6.51000000e+01 1.29924997e-08
6.51500000e+01 1.29635083e-08
6.52000000e+01 1.29346143e-08
6.52500000e+01 1.29058153e-08
6.53000000e+01 1.29269453e-08
6.53500000e+01 1.30344610e-08
6.54000000e+01 1.30055277e-08
6.54500000e+01 1.30258377e-08
6.55000000e+01 1.29969830e-08
6.55500000e+01 1.29682220e-08
6.56000000e+01 1.29395563e-08
6.56500000e+01 1.29593610e-08
6.57000000e+01 1.29307747e-08
6.57500000e+01 1.29022827e-08
6.58000000e+01 1.28738833e-08
6.58500000e+01 1.28931930e-08
6.59000000e+01 1.28648730e-08
6.59500000e+01 1.28366437e-08
6.60000000e+01 1.28554843e-08
6.60500000e+01 1.28273333e-08
6.61000000e+01 1.29323150e-08
6.61500000e+01 1.29040503e-08
6.62000000e+01 1.29221170e-08
6.62500000e+01 1.28939340e-08
6.63000000e+01 1.28658407e-08
6.63500000e+01 1.28834593e-08
6.64000000e+01 1.28554473e-08
6.64500000e+01 1.28275240e-08
6.65000000e+01 1.27996923e-08
6.65500000e+01 1.28168613e-08
6.66000000e+01 1.27891080e-08
6.66500000e+01 1.27614443e-08
6.67000000e+01 1.27338697e-08
6.67500000e+01 1.27506027e-08
6.68000000e+01 1.27231067e-08
6.68500000e+01 1.28256957e-08
6.69000000e+01 1.28417153e-08
6.69500000e+01 1.28141023e-08
6.70000000e+01 1.27865767e-08
6.70500000e+01 1.27591387e-08
6.71000000e+01 1.27747427e-08
6.71500000e+01 1.27473860e-08
6.72000000e+01 1.27201157e-08
6.72500000e+01 1.26929323e-08
6.73000000e+01 1.27081307e-08
6.73500000e+01 1.26810257e-08
6.74000000e+01 1.26540070e-08
6.74500000e+01 1.26688133e-08
6.75000000e+01 1.26418737e-08
6.75500000e+01 1.26150187e-08
6.76000000e+01 1.27153470e-08
6.76500000e+01 1.27294853e-08
6.77000000e+01 1.27025213e-08
6.77500000e+01 1.26756407e-08
6.78000000e+01 1.26488447e-08
6.78500000e+01 1.26626057e-08
6.79000000e+01 1.26358897e-08
6.79500000e+01 1.26092567e-08
6.80000000e+01 1.25827070e-08
6.80500000e+01 1.25961017e-08
6.81000000e+01 1.25696320e-08
6.81500000e+01 1.25432437e-08
6.82000000e+01 1.25562820e-08
6.82500000e+01 1.25299730e-08
6.83000000e+01 1.25037457e-08
6.83500000e+01 1.24775993e-08
6.84000000e+01 1.26143467e-08
6.84500000e+01 1.25880163e-08
6.85000000e+01 1.25617673e-08
6.85500000e+01 1.25355993e-08
6.86000000e+01 1.25476737e-08
6.86500000e+01 1.25215853e-08
6.87000000e+01 1.24955770e-08
6.87500000e+01 1.24696470e-08
6.88000000e+01 1.24813887e-08
6.88500000e+01 1.24555380e-08
6.89000000e+01 1.24297667e-08
6.89500000e+01 1.24040740e-08
6.90000000e+01 1.24154913e-08
6.90500000e+01 1.23898777e-08
6.91000000e+01 1.23643437e-08
6.91500000e+01 1.23388847e-08
6.92000000e+01 1.23499820e-08
6.92500000e+01 1.24455303e-08
6.93000000e+01 1.24199747e-08
6.93500000e+01 1.24305017e-08
6.94000000e+01 1.24050247e-08
6.94500000e+01 1.23796263e-08
6.95000000e+01 1.23543050e-08
6.95500000e+01 1.23645310e-08
6.96000000e+01 1.23392873e-08
6.96500000e+01 1.23141190e-08
6.97000000e+01 1.22890263e-08
6.97500000e+01 1.22989577e-08
6.98000000e+01 1.22739423e-08
6.98500000e+01 1.22490027e-08
6.99000000e+01 1.22241383e-08
6.99500000e+01 1.22337823e-08
7.00000000e+01 1.22089950e-08
7.00500000e+01 1.23024760e-08
7.01000000e+01 1.22775930e-08
7.01500000e+01 1.22867073e-08
7.02000000e+01 1.22619017e-08
7.02500000e+01 1.22371703e-08
7.03000000e+01 1.22125133e-08
7.03500000e+01 1.22213550e-08
7.04000000e+01 1.21967750e-08
7.04500000e+01 1.21722680e-08
7.05000000e+01 1.21478343e-08
7.05500000e+01 1.21564083e-08
7.06000000e+01 1.21320507e-08
7.06500000e+01 1.21077643e-08
7.07000000e+01 1.20835493e-08
7.07500000e+01 1.20918640e-08
7.08000000e+01 1.20677253e-08
7.08500000e+01 1.20436583e-08
7.09000000e+01 1.20196620e-08
7.09500000e+01 1.21428383e-08
7.10000000e+01 1.21186837e-08
7.10500000e+01 1.20946003e-08
7.11000000e+01 1.20705880e-08
7.11500000e+01 1.20781620e-08
7.12000000e+01 1.20542250e-08
7.12500000e+01 1.20303580e-08
7.13000000e+01 1.20065613e-08
7.13500000e+01 1.20138953e-08
7.14000000e+01 1.19901750e-08
7.14500000e+01 1.19665213e-08
7.15000000e+01 1.19429367e-08
7.15500000e+01 1.19500350e-08
7.16000000e+01 1.19265250e-08
7.16500000e+01 1.19030840e-08
7.17000000e+01 1.18797100e-08
7.17500000e+01 1.18865787e-08
7.18000000e+01 1.18632800e-08
7.18500000e+01 1.19522477e-08
7.19000000e+01 1.19288600e-08
7.19500000e+01 1.19352757e-08
7.20000000e+01 1.19119617e-08
7.20500000e+01 1.18887150e-08
7.21000000e+01 1.18655350e-08
7.21500000e+01 1.18717327e-08
7.22000000e+01 1.18486273e-08
7.22500000e+01 1.18255877e-08
7.23000000e+01 1.18026140e-08
7.23500000e+01 1.17797063e-08
7.24000000e+01 1.17856997e-08
7.24500000e+01 1.17628643e-08
7.25000000e+01 1.17400947e-08
7.25500000e+01 1.17173883e-08
7.26000000e+01 1.17231740e-08
7.26500000e+01 1.17005407e-08
7.27000000e+01 1.16779723e-08
7.27500000e+01 1.17649003e-08
7.28000000e+01 1.17702647e-08
7.28500000e+01 1.17476190e-08
7.29000000e+01 1.17250363e-08
7.29500000e+01 1.17025173e-08
7.30000000e+01 1.17076847e-08
7.30500000e+01 1.16852387e-08
7.31000000e+01 1.16628560e-08
7.31500000e+01 1.16405360e-08
7.32000000e+01 1.16455130e-08
7.32500000e+01 1.16232653e-08
7.33000000e+01 1.16010793e-08
7.33500000e+01 1.15789553e-08
7.34000000e+01 1.15568933e-08
7.34500000e+01 1.15616910e-08
7.35000000e+01 1.15397000e-08
7.35500000e+01 1.15177703e-08
7.36000000e+01 1.14959027e-08
7.36500000e+01 1.15005173e-08
7.37000000e+01 1.15853093e-08
7.37500000e+01 1.15633677e-08
7.38000000e+01 1.15414860e-08
7.38500000e+01 1.15457130e-08
7.39000000e+01 1.15239017e-08
7.39500000e+01 1.15021513e-08
7.40000000e+01 1.14804610e-08
7.40500000e+01 1.14845150e-08
7.41000000e+01 1.14628963e-08
7.41500000e+01 1.14413360e-08
7.42000000e+01 1.14198350e-08
7.42500000e+01 1.13983933e-08
7.43000000e+01 1.14022880e-08
7.43500000e+01 1.13809160e-08
7.44000000e+01 1.13596017e-08
7.44500000e+01 1.13383467e-08
7.45000000e+01 1.13420760e-08
7.45500000e+01 1.13208897e-08
7.46000000e+01 1.12997620e-08
7.46500000e+01 1.12786913e-08
7.47000000e+01 1.13859577e-08
7.47500000e+01 1.13647580e-08
7.48000000e+01 1.13436177e-08
7.48500000e+01 1.13225337e-08
7.49000000e+01 1.13015070e-08
7.49500000e+01 1.13047300e-08
7.50000000e+01 1.12837727e-08
7.50500000e+01 1.12628720e-08
7.51000000e+01 1.12420287e-08
7.51500000e+01 1.12450987e-08
7.52000000e+01 1.12243217e-08
7.52500000e+01 1.12036007e-08
7.53000000e+01 1.11829360e-08
7.53500000e+01 1.11858573e-08
7.54000000e+01 1.11652593e-08
7.54500000e+01 1.11447180e-08
7.55000000e+01 1.11242317e-08
7.55500000e+01 1.11037993e-08
7.56000000e+01 1.11065870e-08
7.56500000e+01 1.10862217e-08
7.57000000e+01 1.11668720e-08
7.57500000e+01 1.11464280e-08
7.58000000e+01 1.11488820e-08
7.58500000e+01 1.11285040e-08
7.59000000e+01 1.11081813e-08
7.59500000e+01 1.10879130e-08
7.60000000e+01 1.10676977e-08
7.60500000e+01 1.10700267e-08
7.61000000e+01 1.10498780e-08
7.61500000e+01 1.10297813e-08
7.62000000e+01 1.10097387e-08
7.62500000e+01 1.10119340e-08
7.63000000e+01 1.09919567e-08
7.63500000e+01 1.09720320e-08
7.64000000e+01 1.09521613e-08
7.64500000e+01 1.09323427e-08
7.65000000e+01 1.09344190e-08
7.65500000e+01 1.09146640e-08
7.66000000e+01 1.08949613e-08
7.66500000e+01 1.08753107e-08
7.67000000e+01 1.09756227e-08
7.67500000e+01 1.09558553e-08
7.68000000e+01 1.09361403e-08
7.68500000e+01 1.09164783e-08
7.69000000e+01 1.08968680e-08
7.69500000e+01 1.08985213e-08
7.70000000e+01 1.08789737e-08
7.70500000e+01 1.08594773e-08
7.71000000e+01 1.08400317e-08
7.71500000e+01 1.08415640e-08
7.72000000e+01 1.08221820e-08
7.72500000e+01 1.08028507e-08
7.73000000e+01 1.07835697e-08
7.73500000e+01 1.07643393e-08
7.74000000e+01 1.07657663e-08
7.74500000e+01 1.07465990e-08
7.75000000e+01 1.07274797e-08
7.75500000e+01 1.07084107e-08
7.76000000e+01 1.06893910e-08
7.76500000e+01 1.06907150e-08
7.77000000e+01 1.06717570e-08
7.77500000e+01 1.06528483e-08
7.78000000e+01 1.07295467e-08
7.78500000e+01 1.07305837e-08
7.79000000e+01 1.07116143e-08
7.79500000e+01 1.06926927e-08
7.80000000e+01 1.06738207e-08
7.80500000e+01 1.06549960e-08
7.81000000e+01 1.06559377e-08
7.81500000e+01 1.06371753e-08
7.82000000e+01 1.06184597e-08
7.82500000e+01 1.05997940e-08
7.83000000e+01 1.05811760e-08
7.83500000e+01 1.05820253e-08
7.84000000e+01 1.05634667e-08
7.84500000e+01 1.05449553e-08
7.85000000e+01 1.05264920e-08
7.85500000e+01 1.05272370e-08
7.86000000e+01 1.05088333e-08
7.86500000e+01 1.04904760e-08
7.87000000e+01 1.04721663e-08
7.87500000e+01 1.04539037e-08
7.88000000e+01 1.04545610e-08
7.88500000e+01 1.04363563e-08
7.89000000e+01 1.05110987e-08
7.89500000e+01 1.04928220e-08
7.90000000e+01 1.04745917e-08
7.90500000e+01 1.04749970e-08
7.91000000e+01 1.04568263e-08
7.91500000e+01 1.04387013e-08
7.92000000e+01 1.04206223e-08
7.92500000e+01 1.04025890e-08
7.93000000e+01 1.04029130e-08
7.93500000e+01 1.03849377e-08
7.94000000e+01 1.03670077e-08
7.94500000e+01 1.03491227e-08
7.95000000e+01 1.03493530e-08
7.95500000e+01 1.03315260e-08
7.96000000e+01 1.03137447e-08
7.96500000e+01 1.02960070e-08
7.97000000e+01 1.02783133e-08
7.97500000e+01 1.02784670e-08
7.98000000e+01 1.02608307e-08
7.98500000e+01 1.02432380e-08
7.99000000e+01 1.02256900e-08
7.99500000e+01 1.02081848e-08
8.00000000e+01 1.02082626e-08
