-2.00000000e+01 2.74571517e-07
-1.99500000e+01 2.76010087e-07
-1.99000000e+01 2.77461973e-07
-1.98500000e+01 2.78927357e-07
-1.98000000e+01 2.80406363e-07
-1.97500000e+01 2.81899263e-07
-1.97000000e+01 2.83406223e-07
-1.96500000e+01 2.84927427e-07
-1.96000000e+01 2.86463030e-07
-1.95500000e+01 2.88013333e-07
-1.95000000e+01 2.89578453e-07
-1.94500000e+01 2.91158637e-07
-1.94000000e+01 2.92754107e-07
-1.93500000e+01 2.94365000e-07
-1.93000000e+01 2.95991630e-07
-1.92500000e+01 2.97634200e-07
-1.92000000e+01 2.99292930e-07
-1.91500000e+01 3.00968053e-07
-1.91000000e+01 3.02659743e-07
-1.90500000e+01 3.04368333e-07
-1.90000000e+01 3.06094043e-07
-1.89500000e+01 3.07837137e-07
-1.89000000e+01 3.09597783e-07
-1.88500000e+01 3.11376350e-07
-1.88000000e+01 3.13173073e-07
-1.87500000e+01 3.14988213e-07
-1.87000000e+01 3.16822057e-07
-1.86500000e+01 3.18674807e-07
-1.86000000e+01 3.20546863e-07
-1.85500000e+01 3.22438480e-07
-1.85000000e+01 3.24349957e-07
-1.84500000e+01 3.26281550e-07
-1.84000000e+01 3.28233643e-07
-1.83500000e+01 3.30206513e-07
-1.83000000e+01 3.32200500e-07
-1.82500000e+01 3.34215947e-07
-1.82000000e+01 3.36253103e-07
-1.81500000e+01 3.38312423e-07
-1.81000000e+01 3.40394227e-07
-1.80500000e+01 3.42498863e-07
-1.80000000e+01 3.44626713e-07
-1.79500000e+01 3.46778057e-07
-1.79000000e+01 3.48953400e-07
-1.78500000e+01 3.51153100e-07
-1.78000000e+01 3.53377543e-07
-1.77500000e+01 3.55627077e-07
-1.77000000e+01 3.57902237e-07
-1.76500000e+01 3.60203360e-07
-1.76000000e+01 3.62530907e-07
-1.75500000e+01 3.64885353e-07
-1.75000000e+01 3.67267033e-07
-1.74500000e+01 3.69676547e-07
-1.74000000e+01 3.72114320e-07
-1.73500000e+01 3.74580840e-07
-1.73000000e+01 3.77076583e-07
-1.72500000e+01 3.79602033e-07
-1.72000000e+01 3.82157763e-07
-1.71500000e+01 3.84744283e-07
-1.71000000e+01 3.87362167e-07
-1.70500000e+01 3.90011840e-07
-1.70000000e+01 3.92694027e-07
-1.69500000e+01 3.95409240e-07
-1.69000000e+01 3.98158087e-07
-1.68500000e+01 4.00941193e-07
-1.68000000e+01 4.03759043e-07
-1.67500000e+01 4.06612447e-07
-1.67000000e+01 4.09502010e-07
-1.66500000e+01 4.12428383e-07
-1.66000000e+01 4.15392200e-07
-1.65500000e+01 4.18394257e-07
-1.65000000e+01 4.21435210e-07
-1.64500000e+01 4.24515820e-07
-1.64000000e+01 4.27636870e-07
-1.63500000e+01 4.30798990e-07
-1.63000000e+01 4.34003150e-07
-1.62500000e+01 4.37250090e-07
-1.62000000e+01 4.40540653e-07
-1.61500000e+01 4.43875710e-07
-1.61000000e+01 4.47255987e-07
-1.60500000e+01 4.50682580e-07
-1.60000000e+01 4.54156350e-07
-1.59500000e+01 4.57678237e-07
-1.59000000e+01 4.61249113e-07
-1.58500000e+01 4.64870160e-07
-1.58000000e+01 4.68542267e-07
-1.57500000e+01 4.72266520e-07
-1.57000000e+01 4.76044060e-07
-1.56500000e+01 4.79875790e-07
-1.56000000e+01 4.83763083e-07
-1.55500000e+01 4.87707020e-07
-1.55000000e+01 4.91708807e-07
-1.54500000e+01 4.95769660e-07
-1.54000000e+01 4.99890797e-07
-1.53500000e+01 5.04073627e-07
-1.53000000e+01 5.08319433e-07
-1.52500000e+01 5.12629683e-07
-1.52000000e+01 5.17005563e-07
-1.51500000e+01 5.21448797e-07
-1.51000000e+01 5.25960777e-07
-1.50500000e+01 5.30543077e-07
-1.50000000e+01 5.35197297e-07
-1.49500000e+01 5.39924880e-07
-1.49000000e+01 5.44727777e-07
-1.48500000e+01 5.49607653e-07
-1.48000000e+01 5.54566277e-07
-1.47500000e+01 5.59605373e-07
-1.47000000e+01 5.64727093e-07
-1.46500000e+01 5.69933220e-07
-1.46000000e+01 5.75225807e-07
-1.45500000e+01 5.80607037e-07
-1.45000000e+01 5.86078787e-07
-1.44500000e+01 5.91643597e-07
-1.44000000e+01 5.97303613e-07
-1.43500000e+01 6.03061230e-07
-1.43000000e+01 6.08918913e-07
-1.42500000e+01 6.14878927e-07
-1.42000000e+01 6.20944210e-07
-1.41500000e+01 6.27117350e-07
-1.41000000e+01 6.33401100e-07
-1.40500000e+01 6.39798167e-07
-1.40000000e+01 6.46311827e-07
-1.39500000e+01 6.52945040e-07
-1.39000000e+01 6.59700883e-07
-1.38500000e+01 6.66582807e-07
-1.38000000e+01 6.73593883e-07
-1.37500000e+01 6.80738020e-07
-1.37000000e+01 6.88018690e-07
-1.36500000e+01 6.95439720e-07
-1.36000000e+01 7.03004877e-07
-1.35500000e+01 7.10718407e-07
-1.35000000e+01 7.18584413e-07
-1.34500000e+01 7.26607263e-07
-1.34000000e+01 7.34791620e-07
-1.33500000e+01 7.43141773e-07
-1.33000000e+01 7.51663060e-07
-1.32500000e+01 7.60360313e-07
-1.32000000e+01 7.69238857e-07
-1.31500000e+01 7.78304177e-07
-1.31000000e+01 7.87561567e-07
-1.30500000e+01 7.97017393e-07
-1.30000000e+01 8.06677657e-07
-1.29500000e+01 8.16548713e-07
-1.29000000e+01 8.26636957e-07
-1.28500000e+01 8.36949753e-07
-1.28000000e+01 8.47493973e-07
-1.27500000e+01 8.58277173e-07
-1.27000000e+01 8.69307353e-07
-1.26500000e+01 8.80592127e-07
-1.26000000e+01 8.92140607e-07
-1.25500000e+01 9.03961357e-07
-1.25000000e+01 9.16063723e-07
-1.24500000e+01 9.28457420e-07
-1.24000000e+01 9.41151997e-07
-1.23500000e+01 9.54158703e-07
-1.23000000e+01 9.67488220e-07
-1.22500000e+01 9.81152400e-07
-1.22000000e+01 9.95162617e-07
-1.21500000e+01 1.00953230e-06
-1.21000000e+01 1.02427423e-06
-1.20500000e+01 1.03940253e-06
-1.20000000e+01 1.05493173e-06
-1.19500000e+01 1.07087653e-06
-1.19000000e+01 1.08725363e-06
-1.18500000e+01 1.10407973e-06
-1.18000000e+01 1.12137240e-06
-1.17500000e+01 1.13914997e-06
-1.17000000e+01 1.15743233e-06
-1.16500000e+01 1.17623993e-06
-1.16000000e+01 1.19559440e-06
-1.15500000e+01 1.21551887e-06
-1.15000000e+01 1.23603643e-06
-1.14500000e+01 1.25717363e-06
-1.14000000e+01 1.27895660e-06
-1.13500000e+01 1.30141390e-06
-1.13000000e+01 1.32457553e-06
-1.12500000e+01 1.34847213e-06
-1.12000000e+01 1.37313840e-06
-1.11500000e+01 1.39860933e-06
-1.11000000e+01 1.42492263e-06
-1.10500000e+01 1.45211747e-06
-1.10000000e+01 1.48023730e-06
-1.09500000e+01 1.50932620e-06
-1.09000000e+01 1.53943220e-06
-1.08500000e+01 1.57060667e-06
-1.08000000e+01 1.60290227e-06
-1.07500000e+01 1.63637843e-06
-1.07000000e+01 1.67109580e-06
-1.06500000e+01 1.70712047e-06
-1.06000000e+01 1.74452267e-06
-1.05500000e+01 1.78337660e-06
-1.05000000e+01 1.82376417e-06
-1.04500000e+01 1.86577073e-06
-1.04000000e+01 1.90948997e-06
-1.03500000e+01 1.95501920e-06
-1.03000000e+01 2.00246753e-06
-1.02500000e+01 2.05194893e-06
-1.02000000e+01 2.10358797e-06
-1.01500000e+01 2.15751873e-06
-1.01000000e+01 2.21388370e-06
-1.00500000e+01 2.27284180e-06
-1.00000000e+01 2.33456173e-06
-9.95000000e+00 2.39922750e-06
-9.90000000e+00 2.46703760e-06
-9.85000000e+00 2.53821007e-06
-9.80000000e+00 2.61298127e-06
-9.75000000e+00 2.69160873e-06
-9.70000000e+00 2.77437583e-06
-9.65000000e+00 2.86158713e-06
-9.60000000e+00 2.95358493e-06
-9.55000000e+00 3.05073780e-06
-9.50000000e+00 3.15345513e-06
-9.45000000e+00 3.26218693e-06
-9.40000000e+00 3.37742527e-06
-9.35000000e+00 3.49972483e-06
-9.30000000e+00 3.62969157e-06
-9.25000000e+00 3.76800180e-06
-9.20000000e+00 3.91540397e-06
-9.15000000e+00 4.07273990e-06
-9.10000000e+00 4.24094523e-06
-9.05000000e+00 4.42106677e-06
-9.00000000e+00 4.61428550e-06
-8.95000000e+00 4.82191680e-06
-8.90000000e+00 5.04546397e-06
-8.85000000e+00 5.28660767e-06
-8.80000000e+00 5.54726240e-06
-8.75000000e+00 5.82959673e-06
-8.70000000e+00 6.13607540e-06
-8.65000000e+00 6.46952020e-06
-8.60000000e+00 6.83314390e-06
-8.55000000e+00 7.23063490e-06
-8.50000000e+00 7.66619530e-06
-8.45000000e+00 8.14468460e-06
-8.40000000e+00 8.67164797e-06
-8.35000000e+00 9.25346770e-06
-8.30000000e+00 9.89745057e-06
-8.25000000e+00 1.06119197e-05
-8.20000000e+00 1.14063863e-05
-8.15000000e+00 1.22915373e-05
-8.10000000e+00 1.32792930e-05
-8.05000000e+00 1.43826550e-05
-8.00000000e+00 1.56154887e-05
-7.95000000e+00 1.69918193e-05
-7.90000000e+00 1.85248083e-05
-7.85000000e+00 2.02250337e-05
-7.80000000e+00 2.20977180e-05
-7.75000000e+00 2.41392717e-05
-7.70000000e+00 2.63323000e-05
-7.65000000e+00 2.86404640e-05
-7.60000000e+00 3.10036563e-05
-7.55000000e+00 3.33357683e-05
-7.50000000e+00 3.55281663e-05
-7.45000000e+00 3.74603637e-05
-7.40000000e+00 3.90192203e-05
-7.35000000e+00 4.01221063e-05
-7.30000000e+00 4.07369233e-05
-7.25000000e+00 4.08898670e-05
-7.20000000e+00 4.06575020e-05
-7.15000000e+00 4.01457170e-05
-7.10000000e+00 3.94647500e-05
-7.05000000e+00 3.87090997e-05
-7.00000000e+00 3.79472593e-05
-6.95000000e+00 3.72210197e-05
-6.90000000e+00 3.65507033e-05
-6.85000000e+00 3.59422470e-05
-6.80000000e+00 3.53934003e-05
-6.75000000e+00 3.48975240e-05
-6.70000000e+00 3.44454477e-05
-6.65000000e+00 3.40262543e-05
-6.60000000e+00 3.36279077e-05
-6.55000000e+00 3.32388717e-05
-6.50000000e+00 3.28505187e-05
-6.45000000e+00 3.24598297e-05
-6.40000000e+00 3.20707830e-05
-6.35000000e+00 3.16934267e-05
-6.30000000e+00 3.13408950e-05
-6.25000000e+00 3.10255090e-05
-6.20000000e+00 3.07556527e-05
-6.15000000e+00 3.05339610e-05
-6.10000000e+00 3.03570730e-05
-6.05000000e+00 3.02164857e-05
-6.00000000e+00 3.01003390e-05
-5.95000000e+00 2.99957110e-05
-5.90000000e+00 2.98907783e-05
-5.85000000e+00 2.97762260e-05
-5.80000000e+00 2.96453947e-05
-5.75000000e+00 2.94936677e-05
-5.70000000e+00 2.93177343e-05
-5.65000000e+00 2.91153823e-05
-5.60000000e+00 2.88860583e-05
-5.55000000e+00 2.86314363e-05
-5.50000000e+00 2.83555207e-05
-5.45000000e+00 2.80637973e-05
-5.40000000e+00 2.77619227e-05
-5.35000000e+00 2.74542827e-05
-5.30000000e+00 2.71431643e-05
-5.25000000e+00 2.68286507e-05
-5.20000000e+00 2.65091410e-05
-5.15000000e+00 2.61822520e-05
-5.10000000e+00 2.58457340e-05
-5.05000000e+00 2.54980420e-05
-5.00000000e+00 2.51384683e-05
-4.95000000e+00 2.47669690e-05
-4.90000000e+00 2.43838220e-05
-4.85000000e+00 2.39894647e-05
-4.80000000e+00 2.35845120e-05
-4.75000000e+00 2.31700727e-05
-4.70000000e+00 2.27482793e-05
-4.65000000e+00 2.23226133e-05
-4.60000000e+00 2.18980040e-05
-4.55000000e+00 2.14805437e-05
-4.50000000e+00 2.10769073e-05
-4.45000000e+00 2.06936937e-05
-4.40000000e+00 2.03368897e-05
-4.35000000e+00 2.00114567e-05
-4.30000000e+00 1.97211453e-05
-4.25000000e+00 1.94684223e-05
-4.20000000e+00 1.92544093e-05
-4.15000000e+00 1.90788110e-05
-4.10000000e+00 1.89398160e-05
-4.05000000e+00 1.88340960e-05
-4.00000000e+00 1.87570060e-05
-3.95000000e+00 1.87030210e-05
-3.90000000e+00 1.86664527e-05
-3.85000000e+00 1.86423290e-05
-3.80000000e+00 1.86271513e-05
-3.75000000e+00 1.86194347e-05
-3.70000000e+00 1.86197013e-05
-3.65000000e+00 1.86300220e-05
-3.60000000e+00 1.86530987e-05
-3.55000000e+00 1.86912403e-05
-3.50000000e+00 1.87453663e-05
-3.45000000e+00 1.88143807e-05
-3.40000000e+00 1.88950313e-05
-3.35000000e+00 1.89822330e-05
-3.30000000e+00 1.90698463e-05
-3.25000000e+00 1.91516787e-05
-3.20000000e+00 1.92224500e-05
-3.15000000e+00 1.92785120e-05
-3.10000000e+00 1.93181243e-05
-3.05000000e+00 1.93412300e-05
-3.00000000e+00 1.93489923e-05
-2.95000000e+00 1.93430930e-05
-2.90000000e+00 1.93251707e-05
-2.85000000e+00 1.92964340e-05
-2.80000000e+00 1.92575487e-05
-2.75000000e+00 1.92087323e-05
-2.70000000e+00 1.91500287e-05
-2.65000000e+00 1.90815383e-05
-2.60000000e+00 1.90035683e-05
-2.55000000e+00 1.89166747e-05
-2.50000000e+00 1.88215777e-05
-2.45000000e+00 1.87190617e-05
-2.40000000e+00 1.86099013e-05
-2.35000000e+00 1.84948647e-05
-2.30000000e+00 1.83747897e-05
-2.25000000e+00 1.82506800e-05
-2.20000000e+00 1.81238117e-05
-2.15000000e+00 1.79957453e-05
-2.10000000e+00 1.78682977e-05
-2.05000000e+00 1.77434237e-05
-2.00000000e+00 1.76231253e-05
-1.95000000e+00 1.75092867e-05
-1.90000000e+00 1.74035813e-05
-1.85000000e+00 1.73073953e-05
-1.80000000e+00 1.72217687e-05
-1.75000000e+00 1.71473920e-05
-1.70000000e+00 1.70845620e-05
-1.65000000e+00 1.70332230e-05
-1.60000000e+00 1.69929283e-05
-1.55000000e+00 1.69628633e-05
-1.50000000e+00 1.69418687e-05
-1.45000000e+00 1.69284600e-05
-1.40000000e+00 1.69209287e-05
-1.35000000e+00 1.69173830e-05
-1.30000000e+00 1.69159150e-05
-1.25000000e+00 1.69146340e-05
-1.20000000e+00 1.69117583e-05
-1.15000000e+00 1.69056200e-05
-1.10000000e+00 1.68945817e-05
-1.05000000e+00 1.68769857e-05
-1.00000000e+00 1.68509937e-05
-9.50000000e-01 1.68145840e-05
-9.00000000e-01 1.67655370e-05
-8.50000000e-01 1.67016107e-05
-8.00000000e-01 1.66208073e-05
-7.50000000e-01 1.65217100e-05
-7.00000000e-01 1.64038953e-05
-6.50000000e-01 1.62682193e-05
-6.00000000e-01 1.61170167e-05
-5.50000000e-01 1.59540767e-05
-5.00000000e-01 1.57844183e-05
-4.50000000e-01 1.56139057e-05
-4.00000000e-01 1.54487340e-05
-3.50000000e-01 1.52949330e-05
-3.00000000e-01 1.51578780e-05
-2.50000000e-01 1.50419467e-05
-2.00000000e-01 1.49502643e-05
-1.50000000e-01 1.48845867e-05
-1.00000000e-01 1.48452773e-05
-5.00000000e-02 1.48313717e-05
0.00000000e+00 1.48406923e-05
5.00000000e-02 1.48700160e-05
1.00000000e-01 1.49152647e-05
1.50000000e-01 1.49717127e-05
2.00000000e-01 1.50342310e-05
2.50000000e-01 1.50975143e-05
3.00000000e-01 1.51563663e-05
3.50000000e-01 1.52059667e-05
4.00000000e-01 1.52421870e-05
4.50000000e-01 1.52618623e-05
5.00000000e-01 1.52630197e-05
5.50000000e-01 1.52450337e-05
6.00000000e-01 1.52086187e-05
6.50000000e-01 1.51557203e-05
7.00000000e-01 1.50892517e-05
7.50000000e-01 1.50127587e-05
8.00000000e-01 1.49300203e-05
8.50000000e-01 1.48446543e-05
9.00000000e-01 1.47597640e-05
9.50000000e-01 1.46776430e-05
1.00000000e+00 1.45995973e-05
1.05000000e+00 1.45258713e-05
1.10000000e+00 1.44556923e-05
1.15000000e+00 1.43874450e-05
1.20000000e+00 1.43189233e-05
1.25000000e+00 1.42476640e-05
1.30000000e+00 1.41713060e-05
1.35000000e+00 1.40879147e-05
1.40000000e+00 1.39962717e-05
1.45000000e+00 1.38960133e-05
1.50000000e+00 1.37876980e-05
1.55000000e+00 1.36726943e-05
1.60000000e+00 1.35529947e-05
1.65000000e+00 1.34309297e-05
1.70000000e+00 1.33088640e-05
1.75000000e+00 1.31889317e-05
1.80000000e+00 1.30727910e-05
1.85000000e+00 1.29615230e-05
1.90000000e+00 1.28555667e-05
1.95000000e+00 1.27547943e-05
2.00000000e+00 1.26586160e-05
2.05000000e+00 1.25661487e-05
2.10000000e+00 1.24764320e-05
2.15000000e+00 1.23886017e-05
2.20000000e+00 1.23020887e-05
2.25000000e+00 1.22167410e-05
2.30000000e+00 1.21329137e-05
2.35000000e+00 1.20514747e-05
2.40000000e+00 1.19737483e-05
2.45000000e+00 1.19014263e-05
2.50000000e+00 1.18364030e-05
2.55000000e+00 1.17806460e-05
2.60000000e+00 1.17360427e-05
2.65000000e+00 1.17042863e-05
2.70000000e+00 1.16867917e-05
2.75000000e+00 1.16846317e-05
2.80000000e+00 1.16985080e-05
2.85000000e+00 1.17287113e-05
2.90000000e+00 1.17751057e-05
2.95000000e+00 1.18370980e-05
3.00000000e+00 1.19136013e-05
3.05000000e+00 1.20030300e-05
3.10000000e+00 1.21032793e-05
3.15000000e+00 1.22117837e-05
3.20000000e+00 1.23255630e-05
3.25000000e+00 1.24413630e-05
3.30000000e+00 1.25557960e-05
3.35000000e+00 1.26655477e-05
3.40000000e+00 1.27676007e-05
3.45000000e+00 1.28594527e-05
3.50000000e+00 1.29393647e-05
3.55000000e+00 1.30065287e-05
3.60000000e+00 1.30612193e-05
3.65000000e+00 1.31048170e-05
3.70000000e+00 1.31397533e-05
3.75000000e+00 1.31693340e-05
3.80000000e+00 1.31974797e-05
3.85000000e+00 1.32284257e-05
3.90000000e+00 1.32664040e-05
3.95000000e+00 1.33153850e-05
4.00000000e+00 1.33788420e-05
4.05000000e+00 1.34596403e-05
4.10000000e+00 1.35599640e-05
4.15000000e+00 1.36813360e-05
4.20000000e+00 1.38247007e-05
4.25000000e+00 1.39905210e-05
4.30000000e+00 1.41789633e-05
4.35000000e+00 1.43900423e-05
4.40000000e+00 1.46238173e-05
4.45000000e+00 1.48805477e-05
4.50000000e+00 1.51608170e-05
4.55000000e+00 1.54656240e-05
4.60000000e+00 1.57963643e-05
4.65000000e+00 1.61547800e-05
4.70000000e+00 1.65427717e-05
4.75000000e+00 1.69621580e-05
4.80000000e+00 1.74143343e-05
4.85000000e+00 1.78998547e-05
4.90000000e+00 1.84179990e-05
4.95000000e+00 1.89662497e-05
5.00000000e+00 1.95398657e-05
5.05000000e+00 2.01314723e-05
5.10000000e+00 2.07308343e-05
5.15000000e+00 2.13249023e-05
5.20000000e+00 2.18981613e-05
5.25000000e+00 2.24334933e-05
5.30000000e+00 2.29133923e-05
5.35000000e+00 2.33216090e-05
5.40000000e+00 2.36448777e-05
5.45000000e+00 2.38745027e-05
5.50000000e+00 2.40074817e-05
5.55000000e+00 2.40468267e-05
5.60000000e+00 2.40011537e-05
5.65000000e+00 2.38834897e-05
5.70000000e+00 2.37096480e-05
5.75000000e+00 2.34964713e-05
5.80000000e+00 2.32602020e-05
5.85000000e+00 2.30151953e-05
5.90000000e+00 2.27730663e-05
5.95000000e+00 2.25422237e-05
6.00000000e+00 2.23277920e-05
6.05000000e+00 2.21317463e-05
6.10000000e+00 2.19533130e-05
6.15000000e+00 2.17894423e-05
6.20000000e+00 2.16354143e-05
6.25000000e+00 2.14854937e-05
6.30000000e+00 2.13335803e-05
6.35000000e+00 2.11738973e-05
6.40000000e+00 2.10015300e-05
6.45000000e+00 2.08129360e-05
6.50000000e+00 2.06062197e-05
6.55000000e+00 2.03812503e-05
6.60000000e+00 2.01396063e-05
6.65000000e+00 1.98842933e-05
6.70000000e+00 1.96194083e-05
6.75000000e+00 1.93496607e-05
6.80000000e+00 1.90799673e-05
6.85000000e+00 1.88150333e-05
6.90000000e+00 1.85590250e-05
6.95000000e+00 1.83153827e-05
7.00000000e+00 1.80866620e-05
7.05000000e+00 1.78745457e-05
7.10000000e+00 1.76798350e-05
7.15000000e+00 1.75025910e-05
7.20000000e+00 1.73422417e-05
7.25000000e+00 1.71977197e-05
7.30000000e+00 1.70676467e-05
7.35000000e+00 1.69504370e-05
7.40000000e+00 1.68444780e-05
7.45000000e+00 1.67481873e-05
7.50000000e+00 1.66601457e-05
7.55000000e+00 1.65791280e-05
7.60000000e+00 1.65041557e-05
7.65000000e+00 1.64345080e-05
7.70000000e+00 1.63697080e-05
7.75000000e+00 1.63095210e-05
7.80000000e+00 1.62538927e-05
7.85000000e+00 1.62029260e-05
7.90000000e+00 1.61568090e-05
7.95000000e+00 1.61157673e-05
8.00000000e+00 1.60799920e-05
8.05000000e+00 1.60495783e-05
8.10000000e+00 1.60244687e-05
8.15000000e+00 1.60043937e-05
8.20000000e+00 1.59888190e-05
8.25000000e+00 1.59769107e-05
8.30000000e+00 1.59675077e-05
8.35000000e+00 1.59591190e-05
8.40000000e+00 1.59499340e-05
8.45000000e+00 1.59378790e-05
8.50000000e+00 1.59206950e-05
8.55000000e+00 1.58960537e-05
8.60000000e+00 1.58617033e-05
8.65000000e+00 1.58156303e-05
8.70000000e+00 1.57562493e-05
8.75000000e+00 1.56825450e-05
8.80000000e+00 1.55942217e-05
8.85000000e+00 1.54917767e-05
8.90000000e+00 1.53765243e-05
8.95000000e+00 1.52505500e-05
9.00000000e+00 1.51165967e-05
9.05000000e+00 1.49779063e-05
9.10000000e+00 1.48380263e-05
9.15000000e+00 1.47005983e-05
9.20000000e+00 1.45691620e-05
9.25000000e+00 1.44469743e-05
9.30000000e+00 1.43368667e-05
9.35000000e+00 1.42411363e-05
9.40000000e+00 1.41614907e-05
9.45000000e+00 1.40990113e-05
9.50000000e+00 1.40541760e-05
9.55000000e+00 1.40268933e-05
9.60000000e+00 1.40165670e-05
9.65000000e+00 1.40221903e-05
9.70000000e+00 1.40424453e-05
9.75000000e+00 1.40758170e-05
9.80000000e+00 1.41207167e-05
9.85000000e+00 1.41755923e-05
9.90000000e+00 1.42390360e-05
9.95000000e+00 1.43098607e-05
1.00000000e+01 1.43871653e-05
1.00500000e+01 1.44703480e-05
1.01000000e+01 1.45591067e-05
1.01500000e+01 1.46533850e-05
1.02000000e+01 1.47533110e-05
1.02500000e+01 1.48591000e-05
1.03000000e+01 1.49709557e-05
1.03500000e+01 1.50889763e-05
1.04000000e+01 1.52130647e-05
1.04500000e+01 1.53428903e-05
1.05000000e+01 1.54778463e-05
1.05500000e+01 1.56171017e-05
1.06000000e+01 1.57596543e-05
1.06500000e+01 1.59044503e-05
1.07000000e+01 1.60505227e-05
1.07500000e+01 1.61971487e-05
1.08000000e+01 1.63440043e-05
1.08500000e+01 1.64912657e-05
1.09000000e+01 1.66396953e-05
1.09500000e+01 1.67906403e-05
1.10000000e+01 1.69459653e-05
1.10500000e+01 1.71079330e-05
1.11000000e+01 1.72790237e-05
1.11500000e+01 1.74617363e-05
1.12000000e+01 1.76583643e-05
1.12500000e+01 1.78707870e-05
1.13000000e+01 1.81002903e-05
1.13500000e+01 1.83474200e-05
1.14000000e+01 1.86118963e-05
1.14500000e+01 1.88925887e-05
1.15000000e+01 1.91876003e-05
1.15500000e+01 1.94944210e-05
1.16000000e+01 1.98101990e-05
1.16500000e+01 2.01321273e-05
1.17000000e+01 2.04578877e-05
1.17500000e+01 2.07861553e-05
1.18000000e+01 2.11170627e-05
1.18500000e+01 2.14526097e-05
1.19000000e+01 2.17968947e-05
1.19500000e+01 2.21561727e-05
1.20000000e+01 2.25387073e-05
1.20500000e+01 2.29544527e-05
1.21000000e+01 2.34146053e-05
1.21500000e+01 2.39310770e-05
1.22000000e+01 2.45159437e-05
1.22500000e+01 2.51809060e-05
1.23000000e+01 2.59367230e-05
1.23500000e+01 2.67926130e-05
1.24000000e+01 2.77555777e-05
1.24500000e+01 2.88295733e-05
1.25000000e+01 3.00145247e-05
1.25500000e+01 3.13051237e-05
1.26000000e+01 3.26895667e-05
1.26500000e+01 3.41482873e-05
1.27000000e+01 3.56530560e-05
1.27500000e+01 3.71667647e-05
1.28000000e+01 3.86444437e-05
1.28500000e+01 4.00357857e-05
1.29000000e+01 4.12893737e-05
1.29500000e+01 4.23582317e-05
1.30000000e+01 4.32057487e-05
1.30500000e+01 4.38107903e-05
1.31000000e+01 4.41706197e-05
1.31500000e+01 4.43009097e-05
1.32000000e+01 4.42328783e-05
1.32500000e+01 4.40083597e-05
1.33000000e+01 4.36740640e-05
1.33500000e+01 4.32762073e-05
1.34000000e+01 4.28563297e-05
1.34500000e+01 4.24486447e-05
1.35000000e+01 4.20787793e-05
1.35500000e+01 4.17636737e-05
1.36000000e+01 4.15122353e-05
1.36500000e+01 4.13264790e-05
1.37000000e+01 4.12028837e-05
1.37500000e+01 4.11338767e-05
1.38000000e+01 4.11093353e-05
1.38500000e+01 4.11180203e-05
1.39000000e+01 4.11488923e-05
1.39500000e+01 4.11922447e-05
1.40000000e+01 4.12405317e-05
1.40500000e+01 4.12888763e-05
1.41000000e+01 4.13351600e-05
1.41500000e+01 4.13797800e-05
1.42000000e+01 4.14250767e-05
1.42500000e+01 4.14745647e-05
1.43000000e+01 4.15320657e-05
1.43500000e+01 4.16008800e-05
1.44000000e+01 4.16830880e-05
1.44500000e+01 4.17790280e-05
1.45000000e+01 4.18870537e-05
1.45500000e+01 4.20035230e-05
1.46000000e+01 4.21230590e-05
1.46500000e+01 4.22390200e-05
1.47000000e+01 4.23441557e-05
1.47500000e+01 4.24313707e-05
1.48000000e+01 4.24944753e-05
1.48500000e+01 4.25288687e-05
1.49000000e+01 4.25320327e-05
1.49500000e+01 4.25037800e-05
1.50000000e+01 4.24462220e-05
1.50500000e+01 4.23634563e-05
1.51000000e+01 4.22610597e-05
1.51500000e+01 4.21454257e-05
1.52000000e+01 4.20230610e-05
1.52500000e+01 4.18999350e-05
1.53000000e+01 4.17809357e-05
1.53500000e+01 4.16695020e-05
1.54000000e+01 4.15674327e-05
1.54500000e+01 4.14749140e-05
1.55000000e+01 4.13907150e-05
1.55500000e+01 4.13125270e-05
1.56000000e+01 4.12374317e-05
1.56500000e+01 4.11624130e-05
1.57000000e+01 4.10848550e-05
1.57500000e+01 4.10029693e-05
1.58000000e+01 4.09161027e-05
1.58500000e+01 4.08248523e-05
1.59000000e+01 4.07310127e-05
1.59500000e+01 4.06373253e-05
1.60000000e+01 4.05470877e-05
1.60500000e+01 4.04636710e-05
1.61000000e+01 4.03899860e-05
1.61500000e+01 4.03279880e-05
1.62000000e+01 4.02782660e-05
1.62500000e+01 4.02397413e-05
1.63000000e+01 4.02095560e-05
1.63500000e+01 4.01831233e-05
1.64000000e+01 4.01543773e-05
1.64500000e+01 4.01161990e-05
1.65000000e+01 4.00609890e-05
1.65500000e+01 3.99813597e-05
1.66000000e+01 3.98708167e-05
1.66500000e+01 3.97244353e-05
1.67000000e+01 3.95393727e-05
1.67500000e+01 3.93151753e-05
1.68000000e+01 3.90538497e-05
1.68500000e+01 3.87596593e-05
1.69000000e+01 3.84387010e-05
1.69500000e+01 3.80983167e-05
1.70000000e+01 3.77464100e-05
1.70500000e+01 3.73907670e-05
1.71000000e+01 3.70384550e-05
1.71500000e+01 3.66953267e-05
1.72000000e+01 3.63657057e-05
1.72500000e+01 3.60522297e-05
1.73000000e+01 3.57558673e-05
1.73500000e+01 3.54760713e-05
1.74000000e+01 3.52110830e-05
1.74500000e+01 3.49583147e-05
1.75000000e+01 3.47147927e-05
1.75500000e+01 3.44776240e-05
1.76000000e+01 3.42444247e-05
1.76500000e+01 3.40136780e-05
1.77000000e+01 3.37849777e-05
1.77500000e+01 3.35591333e-05
1.78000000e+01 3.33381287e-05
1.78500000e+01 3.31249387e-05
1.79000000e+01 3.29232353e-05
1.79500000e+01 3.27370217e-05
1.80000000e+01 3.25702113e-05
1.80500000e+01 3.24262367e-05
1.81000000e+01 3.23076783e-05
1.81500000e+01 3.22159737e-05
1.82000000e+01 3.21511993e-05
1.82500000e+01 3.21119670e-05
1.83000000e+01 3.20954213e-05
1.83500000e+01 3.20973470e-05
1.84000000e+01 3.21123973e-05
1.84500000e+01 3.21344230e-05
1.85000000e+01 3.21568970e-05
1.85500000e+01 3.21733917e-05
1.86000000e+01 3.21780830e-05
1.86500000e+01 3.21662187e-05
1.87000000e+01 3.21345053e-05
1.87500000e+01 3.20813440e-05
1.88000000e+01 3.20069100e-05
1.88500000e+01 3.19130400e-05
1.89000000e+01 3.18029520e-05
1.89500000e+01 3.16808203e-05
1.90000000e+01 3.15512810e-05
1.90500000e+01 3.14189043e-05
1.91000000e+01 3.12876897e-05
1.91500000e+01 3.11606510e-05
1.92000000e+01 3.10395087e-05
1.92500000e+01 3.09245083e-05
1.93000000e+01 3.08143890e-05
1.93500000e+01 3.07065043e-05
1.94000000e+01 3.05970750e-05
1.94500000e+01 3.04815753e-05
1.95000000e+01 3.03552020e-05
1.95500000e+01 3.02134203e-05
1.96000000e+01 3.00524953e-05
1.96500000e+01 2.98699733e-05
1.97000000e+01 2.96650487e-05
1.97500000e+01 2.94387720e-05
1.98000000e+01 2.91940690e-05
1.98500000e+01 2.89355703e-05
1.99000000e+01 2.86692907e-05
1.99500000e+01 2.84021913e-05
2.00000000e+01 2.81416927e-05
2.00500000e+01 2.78951873e-05
2.01000000e+01 2.76695990e-05
2.01500000e+01 2.74710193e-05
2.02000000e+01 2.73044317e-05
2.02500000e+01 2.71735203e-05
2.03000000e+01 2.70805640e-05
2.03500000e+01 2.70263920e-05
2.04000000e+01 2.70103977e-05
2.04500000e+01 2.70305997e-05
2.05000000e+01 2.70837443e-05
2.05500000e+01 2.71654490e-05
2.06000000e+01 2.72703913e-05
2.06500000e+01 2.73925380e-05
2.07000000e+01 2.75254130e-05
2.07500000e+01 2.76624013e-05
2.08000000e+01 2.77970600e-05
2.08500000e+01 2.79234333e-05
2.09000000e+01 2.80363260e-05
2.09500000e+01 2.81315347e-05
2.10000000e+01 2.82059897e-05
2.10500000e+01 2.82578233e-05
2.11000000e+01 2.82863423e-05
2.11500000e+01 2.82919287e-05
2.12000000e+01 2.82758807e-05
2.12500000e+01 2.82402230e-05
2.13000000e+01 2.81875040e-05
2.13500000e+01 2.81206003e-05
2.14000000e+01 2.80425397e-05
2.14500000e+01 2.79563610e-05
2.15000000e+01 2.78649857e-05
2.15500000e+01 2.77711300e-05
2.16000000e+01 2.76772197e-05
2.16500000e+01 2.75853333e-05
2.17000000e+01 2.74971457e-05
2.17500000e+01 2.74138803e-05
2.18000000e+01 2.73362693e-05
2.18500000e+01 2.72645210e-05
2.19000000e+01 2.71982990e-05
2.19500000e+01 2.71367090e-05
2.20000000e+01 2.70783147e-05
2.20500000e+01 2.70211677e-05
2.21000000e+01 2.69628777e-05
2.21500000e+01 2.69007073e-05
2.22000000e+01 2.68317133e-05
2.22500000e+01 2.67529200e-05
2.23000000e+01 2.66615310e-05
2.23500000e+01 2.65551550e-05
2.24000000e+01 2.64320443e-05
2.24500000e+01 2.62913060e-05
2.25000000e+01 2.61330747e-05
2.25500000e+01 2.59586110e-05
2.26000000e+01 2.57703157e-05
2.26500000e+01 2.55716407e-05
2.27000000e+01 2.53669113e-05
2.27500000e+01 2.51610703e-05
2.28000000e+01 2.49593710e-05
2.28500000e+01 2.47670490e-05
2.29000000e+01 2.45890040e-05
2.29500000e+01 2.44295120e-05
2.30000000e+01 2.42919837e-05
2.30500000e+01 2.41787810e-05
2.31000000e+01 2.40910927e-05
2.31500000e+01 2.40288650e-05
2.32000000e+01 2.39907927e-05
2.32500000e+01 2.39743660e-05
2.33000000e+01 2.39759800e-05
2.33500000e+01 2.39911043e-05
2.34000000e+01 2.40145190e-05
2.34500000e+01 2.40406127e-05
2.35000000e+01 2.40637260e-05
2.35500000e+01 2.40785333e-05
2.36000000e+01 2.40804160e-05
2.36500000e+01 2.40658043e-05
2.37000000e+01 2.40324400e-05
2.37500000e+01 2.39795297e-05
2.38000000e+01 2.39077717e-05
2.38500000e+01 2.38192493e-05
2.39000000e+01 2.37172073e-05
2.39500000e+01 2.36057453e-05
2.40000000e+01 2.34894653e-05
2.40500000e+01 2.33731127e-05
2.41000000e+01 2.32612540e-05
2.41500000e+01 2.31580083e-05
2.42000000e+01 2.30668553e-05
2.42500000e+01 2.29905210e-05
2.43000000e+01 2.29309433e-05
2.43500000e+01 2.28893077e-05
2.44000000e+01 2.28661413e-05
2.44500000e+01 2.28614577e-05
2.45000000e+01 2.28749350e-05
2.45500000e+01 2.29061153e-05
2.46000000e+01 2.29546053e-05
2.46500000e+01 2.30202700e-05
2.47000000e+01 2.31033960e-05
2.47500000e+01 2.32048103e-05
2.48000000e+01 2.33259470e-05
2.48500000e+01 2.34688523e-05
2.49000000e+01 2.36361260e-05
2.49500000e+01 2.38308017e-05
2.50000000e+01 2.40561763e-05
2.50500000e+01 2.43155953e-05
2.51000000e+01 2.46122013e-05
2.51500000e+01 2.49486650e-05
2.52000000e+01 2.53268957e-05
2.52500000e+01 2.57477423e-05
2.53000000e+01 2.62106990e-05
2.53500000e+01 2.67136227e-05
2.54000000e+01 2.72524890e-05
2.54500000e+01 2.78212030e-05
2.55000000e+01 2.84115173e-05
2.55500000e+01 2.90130937e-05
2.56000000e+01 2.96137517e-05
2.56500000e+01 3.01999363e-05
2.57000000e+01 3.07574187e-05
2.57500000e+01 3.12721927e-05
2.58000000e+01 3.17314953e-05
2.58500000e+01 3.21248257e-05
2.59000000e+01 3.24448377e-05
2.59500000e+01 3.26879407e-05
2.60000000e+01 3.28545283e-05
2.60500000e+01 3.29487893e-05
2.61000000e+01 3.29781320e-05
2.61500000e+01 3.29523227e-05
2.62000000e+01 3.28824720e-05
2.62500000e+01 3.27800057e-05
2.63000000e+01 3.26557343e-05
2.63500000e+01 3.25191003e-05
2.64000000e+01 3.23776513e-05
2.64500000e+01 3.22367253e-05
2.65000000e+01 3.20993637e-05
2.65500000e+01 3.19663820e-05
2.66000000e+01 3.18366143e-05
2.66500000e+01 3.17072640e-05
2.67000000e+01 3.15743487e-05
2.67500000e+01 3.14332083e-05
2.68000000e+01 3.12790290e-05
2.68500000e+01 3.11073597e-05
2.69000000e+01 3.09145710e-05
2.69500000e+01 3.06982163e-05
2.70000000e+01 3.04572717e-05
2.70500000e+01 3.01922340e-05
2.71000000e+01 2.99050700e-05
2.71500000e+01 2.95990453e-05
2.72000000e+01 2.92784490e-05
2.72500000e+01 2.89482823e-05
2.73000000e+01 2.86138993e-05
2.73500000e+01 2.82806953e-05
2.74000000e+01 2.79538310e-05
2.74500000e+01 2.76380100e-05
2.75000000e+01 2.73373250e-05
2.75500000e+01 2.70551710e-05
2.76000000e+01 2.67941990e-05
2.76500000e+01 2.65563157e-05
2.77000000e+01 2.63427067e-05
2.77500000e+01 2.61538860e-05
2.78000000e+01 2.59897447e-05
2.78500000e+01 2.58496127e-05
2.79000000e+01 2.57323190e-05
2.79500000e+01 2.56362523e-05
2.80000000e+01 2.55594270e-05
2.80500000e+01 2.54995457e-05
2.81000000e+01 2.54540770e-05
2.81500000e+01 2.54203270e-05
2.82000000e+01 2.53955167e-05
2.82500000e+01 2.53768673e-05
2.83000000e+01 2.53616833e-05
2.83500000e+01 2.53474280e-05
2.84000000e+01 2.53318007e-05
2.84500000e+01 2.53128123e-05
2.85000000e+01 2.52888450e-05
2.85500000e+01 2.52587067e-05
2.86000000e+01 2.52216837e-05
2.86500000e+01 2.51775630e-05
2.87000000e+01 2.51266467e-05
2.87500000e+01 2.50697363e-05
2.88000000e+01 2.50080943e-05
2.88500000e+01 2.49433717e-05
2.89000000e+01 2.48775057e-05
2.89500000e+01 2.48126000e-05
2.90000000e+01 2.47507863e-05
2.90500000e+01 2.46940803e-05
2.91000000e+01 2.46442447e-05
2.91500000e+01 2.46026727e-05
2.92000000e+01 2.45702957e-05
2.92500000e+01 2.45475380e-05
2.93000000e+01 2.45342933e-05
2.93500000e+01 2.45299613e-05
2.94000000e+01 2.45335193e-05
2.94500000e+01 2.45436280e-05
2.95000000e+01 2.45587570e-05
2.95500000e+01 2.45773383e-05
2.96000000e+01 2.45979150e-05
2.96500000e+01 2.46192710e-05
2.97000000e+01 2.46405497e-05
2.97500000e+01 2.46613270e-05
2.98000000e+01 2.46816557e-05
2.98500000e+01 2.47020523e-05
2.99000000e+01 2.47234603e-05
2.99500000e+01 2.47471680e-05
3.00000000e+01 2.47747060e-05
3.00500000e+01 2.48077170e-05
3.01000000e+01 2.48478337e-05
3.01500000e+01 2.48965360e-05
3.02000000e+01 2.49550283e-05
3.02500000e+01 2.50241287e-05
3.03000000e+01 2.51041697e-05
3.03500000e+01 2.51949347e-05
3.04000000e+01 2.52956207e-05
3.04500000e+01 2.54048313e-05
3.05000000e+01 2.55206150e-05
3.05500000e+01 2.56405310e-05
3.06000000e+01 2.57617693e-05
3.06500000e+01 2.58812947e-05
3.07000000e+01 2.59960187e-05
3.07500000e+01 2.61030023e-05
3.08000000e+01 2.61996470e-05
3.08500000e+01 2.62838827e-05
3.09000000e+01 2.63543273e-05
3.09500000e+01 2.64103953e-05
3.10000000e+01 2.64523627e-05
3.10500000e+01 2.64813697e-05
3.11000000e+01 2.64993567e-05
3.11500000e+01 2.65089637e-05
3.12000000e+01 2.65133790e-05
3.12500000e+01 2.65161663e-05
3.13000000e+01 2.65210697e-05
3.13500000e+01 2.65318377e-05
3.14000000e+01 2.65520393e-05
3.14500000e+01 2.65849043e-05
3.15000000e+01 2.66331903e-05
3.15500000e+01 2.66990687e-05
3.16000000e+01 2.67840330e-05
3.16500000e+01 2.68888307e-05
3.17000000e+01 2.70134230e-05
3.17500000e+01 2.71569537e-05
3.18000000e+01 2.73177597e-05
3.18500000e+01 2.74933917e-05
3.19000000e+01 2.76806723e-05
3.19500000e+01 2.78757923e-05
3.20000000e+01 2.80744290e-05
3.20500000e+01 2.82719177e-05
3.21000000e+01 2.84634473e-05
3.21500000e+01 2.86442860e-05
3.22000000e+01 2.88100220e-05
3.22500000e+01 2.89567953e-05
3.23000000e+01 2.90815207e-05
3.23500000e+01 2.91820587e-05
3.24000000e+01 2.92573293e-05
3.24500000e+01 2.93073580e-05
3.25000000e+01 2.93332453e-05
3.25500000e+01 2.93370650e-05
3.26000000e+01 2.93216973e-05
3.26500000e+01 2.92906143e-05
3.27000000e+01 2.92476420e-05
3.27500000e+01 2.91967060e-05
3.28000000e+01 2.91415930e-05
3.28500000e+01 2.90857330e-05
3.29000000e+01 2.90320163e-05
3.29500000e+01 2.89826560e-05
3.30000000e+01 2.89390817e-05
3.30500000e+01 2.89019103e-05
3.31000000e+01 2.88709267e-05
3.31500000e+01 2.88451450e-05
3.32000000e+01 2.88228823e-05
3.32500000e+01 2.88018910e-05
3.33000000e+01 2.87795090e-05
3.33500000e+01 2.87528517e-05
3.34000000e+01 2.87189953e-05
3.34500000e+01 2.86751770e-05
3.35000000e+01 2.86189907e-05
3.35500000e+01 2.85485367e-05
3.36000000e+01 2.84625613e-05
3.36500000e+01 2.83605187e-05
3.37000000e+01 2.82425963e-05
3.37500000e+01 2.81096767e-05
3.38000000e+01 2.79632323e-05
3.38500000e+01 2.78051963e-05
3.39000000e+01 2.76377817e-05
3.39500000e+01 2.74633003e-05
3.40000000e+01 2.72839690e-05
3.40500000e+01 2.71017453e-05
3.41000000e+01 2.69181713e-05
3.41500000e+01 2.67342780e-05
3.42000000e+01 2.65505047e-05
3.42500000e+01 2.63666863e-05
3.43000000e+01 2.61820773e-05
3.43500000e+01 2.59954147e-05
3.44000000e+01 2.58050300e-05
3.44500000e+01 2.56089793e-05
3.45000000e+01 2.54052310e-05
3.45500000e+01 2.51918147e-05
3.46000000e+01 2.49670240e-05
3.46500000e+01 2.47295787e-05
3.47000000e+01 2.44787703e-05
3.47500000e+01 2.42145657e-05
3.48000000e+01 2.39376643e-05
3.48500000e+01 2.36495033e-05
3.49000000e+01 2.33522053e-05
3.49500000e+01 2.30484707e-05
3.50000000e+01 2.27414520e-05
3.50500000e+01 2.24345793e-05
3.51000000e+01 2.21313857e-05
3.51500000e+01 2.18353317e-05
3.52000000e+01 2.15496467e-05
3.52500000e+01 2.12771923e-05
3.53000000e+01 2.10203477e-05
3.53500000e+01 2.07809407e-05
3.54000000e+01 2.05601957e-05
3.54500000e+01 2.03587280e-05
3.55000000e+01 2.01765477e-05
3.55500000e+01 2.00131117e-05
3.56000000e+01 1.98673743e-05
3.56500000e+01 1.97378973e-05
3.57000000e+01 1.96229333e-05
3.57500000e+01 1.95205617e-05
3.58000000e+01 1.94288193e-05
3.58500000e+01 1.93458247e-05
3.59000000e+01 1.92699080e-05
3.59500000e+01 1.91996973e-05
3.60000000e+01 1.91342077e-05
3.60500000e+01 1.90728440e-05
3.61000000e+01 1.90153903e-05
3.61500000e+01 1.89619490e-05
3.62000000e+01 1.89128230e-05
3.62500000e+01 1.88683833e-05
3.63000000e+01 1.88289013e-05
3.63500000e+01 1.87943950e-05
3.64000000e+01 1.87644667e-05
3.64500000e+01 1.87381780e-05
3.65000000e+01 1.87139677e-05
3.65500000e+01 1.86896183e-05
3.66000000e+01 1.86622893e-05
3.66500000e+01 1.86286227e-05
3.67000000e+01 1.85849253e-05
3.67500000e+01 1.85274093e-05
3.68000000e+01 1.84524797e-05
3.68500000e+01 1.83570493e-05
3.69000000e+01 1.82388240e-05
3.69500000e+01 1.80965407e-05
3.70000000e+01 1.79301040e-05
3.70500000e+01 1.77406287e-05
3.71000000e+01 1.75303483e-05
3.71500000e+01 1.73024353e-05
3.72000000e+01 1.70607400e-05
3.72500000e+01 1.68094937e-05
3.73000000e+01 1.65530083e-05
3.73500000e+01 1.62953973e-05
3.74000000e+01 1.60403597e-05
3.74500000e+01 1.57910017e-05
3.75000000e+01 1.55497597e-05
3.75500000e+01 1.53183497e-05
3.76000000e+01 1.50978030e-05
3.76500000e+01 1.48885383e-05
3.77000000e+01 1.46904767e-05
3.77500000e+01 1.45031797e-05
3.78000000e+01 1.43260063e-05
3.78500000e+01 1.41582683e-05
3.79000000e+01 1.39993660e-05
3.79500000e+01 1.38489093e-05
3.80000000e+01 1.37067920e-05
3.80500000e+01 1.35732313e-05
3.81000000e+01 1.34487530e-05
3.81500000e+01 1.33341407e-05
3.82000000e+01 1.32303573e-05
3.82500000e+01 1.31384233e-05
3.83000000e+01 1.30593023e-05
3.83500000e+01 1.29937743e-05
3.84000000e+01 1.29423177e-05
3.84500000e+01 1.29050113e-05
3.85000000e+01 1.28814493e-05
3.85500000e+01 1.28706980e-05
3.86000000e+01 1.28712647e-05
3.86500000e+01 1.28811263e-05
3.87000000e+01 1.28977830e-05
3.87500000e+01 1.29183550e-05
3.88000000e+01 1.29397327e-05
3.88500000e+01 1.29587453e-05
3.89000000e+01 1.29723707e-05
3.89500000e+01 1.29779247e-05
3.90000000e+01 1.29732763e-05
3.90500000e+01 1.29569743e-05
3.91000000e+01 1.29283623e-05
3.91500000e+01 1.28875927e-05
3.92000000e+01 1.28355737e-05
3.92500000e+01 1.27738480e-05
3.93000000e+01 1.27044050e-05
3.93500000e+01 1.26294830e-05
3.94000000e+01 1.25513293e-05
3.94500000e+01 1.24720100e-05
3.95000000e+01 1.23932357e-05
3.95500000e+01 1.23162427e-05
3.96000000e+01 1.22417330e-05
3.96500000e+01 1.21698593e-05
3.97000000e+01 1.21002817e-05
3.97500000e+01 1.20322400e-05
3.98000000e+01 1.19646857e-05
3.98500000e+01 1.18964263e-05
3.99000000e+01 1.18262780e-05
3.99500000e+01 1.17532117e-05
4.00000000e+01 1.16764827e-05
4.00500000e+01 1.15957327e-05
4.01000000e+01 1.15110283e-05
4.01500000e+01 1.14228877e-05
4.02000000e+01 1.13322390e-05
4.02500000e+01 1.12403657e-05
4.03000000e+01 1.11488013e-05
4.03500000e+01 1.10592460e-05
4.04000000e+01 1.09734587e-05
4.04500000e+01 1.08931637e-05
4.05000000e+01 1.08199820e-05
4.05500000e+01 1.07553647e-05
4.06000000e+01 1.07005580e-05
4.06500000e+01 1.06565620e-05
4.07000000e+01 1.06241187e-05
4.07500000e+01 1.06036953e-05
4.08000000e+01 1.05954657e-05
4.08500000e+01 1.05993113e-05
4.09000000e+01 1.06148050e-05
4.09500000e+01 1.06412130e-05
4.10000000e+01 1.06774850e-05
4.10500000e+01 1.07222637e-05
4.11000000e+01 1.07738940e-05
4.11500000e+01 1.08304360e-05
4.12000000e+01 1.08897053e-05
4.12500000e+01 1.09493197e-05
4.13000000e+01 1.10067727e-05
4.13500000e+01 1.10595427e-05
4.14000000e+01 1.11052220e-05
4.14500000e+01 1.11416727e-05
4.15000000e+01 1.11671910e-05
4.15500000e+01 1.11806547e-05
4.16000000e+01 1.11816450e-05
4.16500000e+01 1.11704983e-05
4.17000000e+01 1.11483083e-05
4.17500000e+01 1.11168343e-05
4.18000000e+01 1.10783647e-05
4.18500000e+01 1.10355313e-05
4.19000000e+01 1.09910887e-05
4.19500000e+01 1.09477203e-05
4.20000000e+01 1.09078297e-05
4.20500000e+01 1.08733947e-05
4.21000000e+01 1.08458220e-05
4.21500000e+01 1.08258713e-05
4.22000000e+01 1.08136033e-05
4.22500000e+01 1.08083713e-05
4.23000000e+01 1.08088640e-05
4.23500000e+01 1.08131803e-05
4.24000000e+01 1.08189700e-05
4.24500000e+01 1.08235863e-05
4.25000000e+01 1.08243067e-05
4.25500000e+01 1.08185300e-05
4.26000000e+01 1.08040193e-05
4.26500000e+01 1.07790733e-05
4.27000000e+01 1.07426877e-05
4.27500000e+01 1.06946347e-05
4.28000000e+01 1.06354657e-05
4.28500000e+01 1.05664583e-05
4.29000000e+01 1.04894697e-05
4.29500000e+01 1.04067767e-05
4.30000000e+01 1.03208590e-05
4.30500000e+01 1.02342157e-05
4.31000000e+01 1.01491770e-05
4.31500000e+01 1.00677687e-05
4.32000000e+01 9.99161610e-06
4.32500000e+01 9.92188340e-06
4.33000000e+01 9.85927430e-06
4.33500000e+01 9.80403627e-06
4.34000000e+01 9.75601603e-06
4.34500000e+01 9.71470993e-06
4.35000000e+01 9.67933620e-06
4.35500000e+01 9.64889930e-06
4.36000000e+01 9.62225467e-06
4.36500000e+01 9.59817073e-06
4.37000000e+01 9.57537497e-06
4.37500000e+01 9.55260187e-06
4.38000000e+01 9.52862290e-06
4.38500000e+01 9.50229250e-06
4.39000000e+01 9.47256760e-06
4.39500000e+01 9.43854900e-06
4.40000000e+01 9.39951957e-06
4.40500000e+01 9.35497810e-06
4.41000000e+01 9.30468913e-06
4.41500000e+01 9.24870357e-06
4.42000000e+01 9.18739640e-06
4.42500000e+01 9.12146167e-06
4.43000000e+01 9.05190100e-06
4.43500000e+01 8.97998493e-06
4.44000000e+01 8.90719050e-06
4.44500000e+01 8.83512163e-06
4.45000000e+01 8.76541133e-06
4.45500000e+01 8.69963037e-06
4.46000000e+01 8.63918183e-06
4.46500000e+01 8.58522043e-06
4.47000000e+01 8.53858183e-06
4.47500000e+01 8.49973470e-06
4.48000000e+01 8.46876457e-06
4.48500000e+01 8.44538273e-06
4.49000000e+01 8.42897763e-06
4.49500000e+01 8.41869000e-06
4.50000000e+01 8.41352393e-06
4.50500000e+01 8.41247933e-06
4.51000000e+01 8.41469327e-06
4.51500000e+01 8.41957420e-06
4.52000000e+01 8.42692417e-06
4.52500000e+01 8.43700587e-06
4.53000000e+01 8.45057337e-06
4.53500000e+01 8.46883880e-06
4.54000000e+01 8.49338277e-06
4.54500000e+01 8.52603070e-06
4.55000000e+01 8.56867957e-06
4.55500000e+01 8.62313873e-06
4.56000000e+01 8.69093937e-06
4.56500000e+01 8.77318293e-06
4.57000000e+01 8.87039907e-06
4.57500000e+01 8.98243137e-06
4.58000000e+01 9.10837457e-06
4.58500000e+01 9.24653517e-06
4.59000000e+01 9.39447360e-06
4.59500000e+01 9.54908277e-06
4.60000000e+01 9.70675250e-06
4.60500000e+01 9.86358327e-06
4.61000000e+01 1.00156459e-05
4.61500000e+01 1.01592624e-05
4.62000000e+01 1.02912517e-05
4.62500000e+01 1.04091350e-05
4.63000000e+01 1.05112247e-05
4.63500000e+01 1.05966407e-05
4.64000000e+01 1.06652070e-05
4.64500000e+01 1.07173050e-05
4.65000000e+01 1.07536927e-05
4.65500000e+01 1.07753493e-05
4.66000000e+01 1.07833660e-05
4.66500000e+01 1.07788940e-05
4.67000000e+01 1.07631670e-05
4.67500000e+01 1.07375273e-05
4.68000000e+01 1.07034960e-05
4.68500000e+01 1.06627647e-05
4.69000000e+01 1.06171810e-05
4.69500000e+01 1.05686287e-05
4.70000000e+01 1.05188733e-05
4.70500000e+01 1.04693740e-05
4.71000000e+01 1.04210617e-05
4.71500000e+01 1.03741990e-05
4.72000000e+01 1.03282600e-05
4.72500000e+01 1.02819480e-05
4.73000000e+01 1.02333060e-05
4.73500000e+01 1.01799710e-05
4.74000000e+01 1.01195029e-05
4.74500000e+01 1.00497652e-05
4.75000000e+01 9.96933003e-06
4.75500000e+01 9.87774553e-06
4.76000000e+01 9.77571660e-06
4.76500000e+01 9.66507943e-06
4.77000000e+01 9.54861550e-06
4.77500000e+01 9.42974617e-06
4.78000000e+01 9.31214707e-06
4.78500000e+01 9.19937280e-06
4.79000000e+01 9.09451297e-06
4.79500000e+01 8.99995730e-06
4.80000000e+01 8.91724867e-06
4.80500000e+01 8.84704437e-06
4.81000000e+01 8.78917760e-06
4.81500000e+01 8.74277573e-06
4.82000000e+01 8.70647133e-06
4.82500000e+01 8.67861307e-06
4.83000000e+01 8.65749657e-06
4.83500000e+01 8.64156710e-06
4.84000000e+01 8.62953950e-06
4.84500000e+01 8.62048347e-06
4.85000000e+01 8.61378193e-06
4.85500000e+01 8.60905630e-06
4.86000000e+01 8.60600857e-06
4.86500000e+01 8.60430377e-06
4.87000000e+01 8.60344677e-06
4.87500000e+01 8.60272117e-06
4.88000000e+01 8.60122417e-06
4.88500000e+01 8.59792463e-06
4.89000000e+01 8.59183827e-06
4.89500000e+01 8.58215453e-06
4.90000000e+01 8.56841740e-06
4.90500000e+01 8.55061293e-06
4.91000000e+01 8.52921137e-06
4.91500000e+01 8.50514377e-06
4.92000000e+01 8.47969360e-06
4.92500000e+01 8.45437833e-06
4.93000000e+01 8.43078647e-06
4.93500000e+01 8.41047810e-06
4.94000000e+01 8.39486987e-06
4.94500000e+01 8.38519273e-06
4.95000000e+01 8.38246260e-06
4.95500000e+01 8.38746517e-06
4.96000000e+01 8.40074523e-06
4.96500000e+01 8.42257657e-06
4.97000000e+01 8.45290907e-06
4.97500000e+01 8.49128967e-06
4.98000000e+01 8.53679803e-06
4.98500000e+01 8.58799597e-06
4.99000000e+01 8.64293257e-06
4.99500000e+01 8.69924430e-06
5.00000000e+01 8.75434300e-06
5.00500000e+01 8.80570620e-06
5.01000000e+01 8.85121917e-06
5.01500000e+01 8.88949020e-06
5.02000000e+01 8.92008883e-06
5.02500000e+01 8.94359140e-06
5.03000000e+01 8.96146497e-06
5.03500000e+01 8.97575387e-06
5.04000000e+01 8.98868177e-06
5.04500000e+01 9.00223720e-06
5.05000000e+01 9.01786497e-06
5.05500000e+01 9.03630147e-06
5.06000000e+01 9.05759120e-06
5.06500000e+01 9.08127293e-06
5.07000000e+01 9.10665843e-06
5.07500000e+01 9.13313543e-06
5.08000000e+01 9.16037753e-06
5.08500000e+01 9.18840723e-06
5.09000000e+01 9.21745740e-06
5.09500000e+01 9.24768563e-06
5.10000000e+01 9.27884143e-06
5.10500000e+01 9.30996053e-06
5.11000000e+01 9.33924400e-06
5.11500000e+01 9.36415527e-06
5.12000000e+01 9.38181963e-06
5.12500000e+01 9.38955807e-06
5.13000000e+01 9.38550200e-06
5.13500000e+01 9.36908100e-06
5.14000000e+01 9.34123173e-06
5.14500000e+01 9.30430530e-06
5.15000000e+01 9.26162607e-06
5.15500000e+01 9.21690703e-06
5.16000000e+01 9.17363333e-06
5.16500000e+01 9.13461903e-06
5.17000000e+01 9.10175773e-06
5.17500000e+01 9.07601710e-06
5.18000000e+01 9.05763093e-06
5.18500000e+01 9.04637233e-06
5.19000000e+01 9.04185063e-06
5.19500000e+01 9.04370563e-06
5.20000000e+01 9.03301243e-06
5.20500000e+01 9.04321923e-06
5.21000000e+01 9.05817463e-06
5.21500000e+01 9.03948840e-06
5.22000000e+01 9.05637897e-06
5.22500000e+01 9.07554110e-06
5.23000000e+01 9.03676083e-06
5.23500000e+01 9.05086263e-06
5.24000000e+01 9.06424577e-06
5.24500000e+01 8.92102983e-06
5.25000000e+01 8.91891710e-06
5.25500000e+01 8.91391210e-06
5.26000000e+01 8.82277340e-06
5.26500000e+01 8.80684630e-06
5.27000000e+01 8.78684447e-06
5.27500000e+01 8.67744110e-06
5.28000000e+01 8.64666083e-06
5.28500000e+01 8.61142583e-06
5.29000000e+01 8.48960090e-06
5.29500000e+01 8.44510467e-06
5.30000000e+01 8.39642223e-06
5.30500000e+01 8.26803447e-06
5.31000000e+01 8.21221383e-06
5.31500000e+01 8.15283880e-06
5.32000000e+01 7.94980267e-06
5.32500000e+01 7.88675080e-06
5.33000000e+01 7.82096560e-06
5.33500000e+01 7.69601640e-06
5.34000000e+01 7.62663030e-06
5.34500000e+01 7.55496220e-06
5.35000000e+01 7.43187137e-06
5.35500000e+01 7.35748583e-06
5.36000000e+01 7.28114770e-06
5.36500000e+01 7.16070640e-06
5.37000000e+01 7.08225523e-06
5.37500000e+01 7.00209097e-06
5.38000000e+01 6.92026470e-06
5.38500000e+01 6.80299943e-06
5.39000000e+01 6.71965723e-06
5.39500000e+01 6.63482997e-06
5.40000000e+01 6.49021440e-06
5.40500000e+01 6.40633867e-06
5.41000000e+01 6.32121647e-06
5.41500000e+01 6.21573943e-06
5.42000000e+01 6.13002780e-06
5.42500000e+01 6.04326430e-06
5.43000000e+01 5.94275087e-06
5.43500000e+01 5.85588357e-06
5.44000000e+01 5.76818067e-06
5.44500000e+01 5.67324870e-06
5.45000000e+01 5.58595117e-06
5.45500000e+01 5.49806010e-06
5.46000000e+01 5.40965263e-06
5.46500000e+01 5.32232970e-06
5.47000000e+01 5.23503570e-06
5.47500000e+01 5.14748797e-06
5.48000000e+01 5.06708227e-06
5.48500000e+01 4.99306397e-06
5.49000000e+01 4.90951847e-06
5.49500000e+01 4.83848267e-06
5.50000000e+01 4.75695003e-06
5.50500000e+01 4.67569790e-06
5.51000000e+01 4.61171433e-06
5.51500000e+01 4.53284157e-06
5.52000000e+01 4.45447117e-06
5.52500000e+01 4.37668170e-06
5.53000000e+01 4.32178717e-06
5.53500000e+01 4.24677033e-06
5.54000000e+01 4.17251447e-06
5.54500000e+01 4.12441623e-06
5.55000000e+01 4.05308363e-06
5.55500000e+01 3.98264853e-06
5.56000000e+01 3.94093957e-06
5.56500000e+01 3.87347903e-06
5.57000000e+01 3.84725993e-06
5.57500000e+01 3.78308133e-06
5.58000000e+01 3.74931240e-06
5.58500000e+01 3.68793703e-06
5.59000000e+01 3.62757000e-06
5.59500000e+01 3.59876833e-06
5.60000000e+01 3.54110553e-06
5.60500000e+01 3.48446313e-06
5.61000000e+01 3.42885277e-06
5.61500000e+01 3.40600700e-06
5.62000000e+01 3.35294007e-06
5.62500000e+01 3.30088450e-06
5.63000000e+01 3.28179683e-06
5.63500000e+01 3.23211360e-06
5.64000000e+01 3.18340870e-06
5.64500000e+01 3.16759067e-06
5.65000000e+01 3.12108067e-06
5.65500000e+01 3.07550363e-06
5.66000000e+01 3.07831987e-06
5.66500000e+01 3.06585983e-06
5.67000000e+01 3.02342650e-06
5.67500000e+01 2.98183237e-06
5.68000000e+01 2.97165857e-06
5.68500000e+01 2.93181827e-06
5.69000000e+01 2.89276867e-06
5.69500000e+01 2.85449703e-06
5.70000000e+01 2.84711797e-06
5.70500000e+01 2.81041210e-06
5.71000000e+01 2.77443490e-06
5.71500000e+01 2.76865743e-06
5.72000000e+01 2.73410910e-06
5.72500000e+01 2.70023950e-06
5.73000000e+01 2.66703627e-06
5.73500000e+01 2.66326623e-06
5.74000000e+01 2.63133270e-06
5.74500000e+01 2.60001957e-06
5.75000000e+01 2.64174200e-06
5.75500000e+01 2.61152497e-06
5.76000000e+01 2.58187290e-06
5.76500000e+01 2.55277343e-06
5.77000000e+01 2.55096343e-06
5.77500000e+01 2.52287990e-06
5.78000000e+01 2.49531243e-06
5.78500000e+01 2.49426730e-06
5.79000000e+01 2.46763037e-06
5.79500000e+01 2.44147310e-06
5.80000000e+01 2.41578577e-06
5.80500000e+01 2.41577627e-06
5.81000000e+01 2.39092013e-06
5.81500000e+01 2.36650223e-06
5.82000000e+01 2.34251310e-06
5.82500000e+01 2.34335387e-06
5.83000000e+01 2.32010790e-06
5.83500000e+01 2.29726197e-06
5.84000000e+01 2.29850690e-06
5.84500000e+01 2.31639413e-06
5.85000000e+01 2.29445403e-06
5.85500000e+01 2.27287523e-06
5.86000000e+01 2.27427207e-06
5.86500000e+01 2.25330653e-06
5.87000000e+01 2.23267953e-06
5.87500000e+01 2.21238507e-06
5.88000000e+01 2.21429607e-06
5.88500000e+01 2.19455397e-06
5.89000000e+01 2.17512280e-06
5.89500000e+01 2.17724590e-06
5.90000000e+01 2.15832737e-06
5.90500000e+01 2.13970073e-06
5.91000000e+01 2.12136010e-06
5.91500000e+01 2.12384683e-06
5.92000000e+01 2.10597070e-06
5.92500000e+01 2.08836280e-06
5.93000000e+01 2.07101823e-06
5.93500000e+01 2.07379947e-06
5.94000000e+01 2.05687617e-06
5.94500000e+01 2.07588780e-06
5.95000000e+01 2.07840387e-06
5.95500000e+01 2.06196350e-06
5.96000000e+01 2.04575577e-06
5.96500000e+01 2.02977667e-06
5.97000000e+01 2.03251237e-06
5.97500000e+01 2.01689373e-06
5.98000000e+01 2.00149043e-06
5.98500000e+01 1.98629853e-06
5.99000000e+01 1.98920973e-06
5.99500000e+01 1.97434803e-06
6.00000000e+01 1.95968623e-06
6.00500000e+01 1.96262083e-06
6.01000000e+01 1.94826883e-06
6.01500000e+01 1.93410597e-06
6.02000000e+01 1.92012897e-06
6.02500000e+01 1.92318003e-06
6.03000000e+01 1.90948730e-06
6.03500000e+01 1.89597117e-06
6.04000000e+01 1.88262763e-06
6.04500000e+01 1.88576643e-06
6.05000000e+01 1.90437760e-06
6.05500000e+01 1.89131627e-06
6.06000000e+01 1.87841683e-06
6.06500000e+01 1.88135823e-06
6.07000000e+01 1.86870267e-06
6.07500000e+01 1.85620057e-06
6.08000000e+01 1.84384980e-06
6.08500000e+01 1.84684627e-06
6.09000000e+01 1.83472110e-06
6.09500000e+01 1.82273963e-06
6.10000000e+01 1.82570027e-06
6.10500000e+01 1.81393293e-06
6.11000000e+01 1.80230227e-06
6.11500000e+01 1.79080620e-06
6.12000000e+01 1.79379467e-06
6.12500000e+01 1.78249717e-06
6.13000000e+01 1.77132827e-06
6.13500000e+01 1.76028570e-06
6.14000000e+01 1.76328800e-06
6.14500000e+01 1.75242993e-06
6.15000000e+01 1.74169290e-06
6.15500000e+01 1.75961337e-06
6.16000000e+01 1.76240907e-06
6.16500000e+01 1.75183830e-06
6.17000000e+01 1.74138163e-06
6.17500000e+01 1.73103773e-06
6.18000000e+01 1.73383427e-06
6.18500000e+01 1.72365277e-06
6.19000000e+01 1.71357880e-06
6.19500000e+01 1.70361093e-06
6.20000000e+01 1.70639933e-06
6.20500000e+01 1.69658353e-06
6.21000000e+01 1.68686910e-06
6.21500000e+01 1.67725460e-06
6.22000000e+01 1.68002747e-06
6.22500000e+01 1.67055573e-06
6.23000000e+01 1.66117977e-06
6.23500000e+01 1.65189833e-06
6.24000000e+01 1.65464857e-06
6.24500000e+01 1.64550123e-06
6.25000000e+01 1.63644433e-06
6.25500000e+01 1.62747683e-06
6.26000000e+01 1.63019930e-06
6.26500000e+01 1.64711867e-06
6.27000000e+01 1.63825513e-06
6.27500000e+01 1.62947670e-06
6.28000000e+01 1.63200393e-06
6.28500000e+01 1.62334570e-06
6.29000000e+01 1.61476960e-06
6.29500000e+01 1.60627427e-06
6.30000000e+01 1.60877147e-06
6.30500000e+01 1.60038927e-06
6.31000000e+01 1.59208527e-06
6.31500000e+01 1.58385763e-06
6.32000000e+01 1.58632120e-06
6.32500000e+01 1.57820097e-06
6.33000000e+01 1.57015427e-06
6.33500000e+01 1.56218093e-06
6.34000000e+01 1.56460780e-06
6.34500000e+01 1.55673540e-06
6.35000000e+01 1.54893337e-06
6.35500000e+01 1.54120083e-06
6.36000000e+01 1.54358863e-06
6.36500000e+01 1.53595187e-06
6.37000000e+01 1.52838213e-06
6.37500000e+01 1.52087843e-06
6.38000000e+01 1.54660823e-06
6.38500000e+01 1.53910290e-06
6.39000000e+01 1.53166193e-06
6.39500000e+01 1.52428437e-06
6.40000000e+01 1.52645767e-06
6.40500000e+01 1.51916793e-06
6.41000000e+01 1.51193937e-06
6.41500000e+01 1.50477143e-06
6.42000000e+01 1.50690530e-06
6.42500000e+01 1.49982043e-06
6.43000000e+01 1.49279440e-06
6.43500000e+01 1.48582630e-06
6.44000000e+01 1.48791937e-06
6.44500000e+01 1.48103020e-06
6.45000000e+01 1.47419723e-06
6.45500000e+01 1.46741947e-06
6.46000000e+01 1.46947090e-06
6.46500000e+01 1.46276837e-06
6.47000000e+01 1.45611953e-06
6.47500000e+01 1.44952393e-06
6.48000000e+01 1.45153277e-06
6.48500000e+01 1.44500877e-06
6.49000000e+01 1.43853607e-06
6.49500000e+01 1.43211417e-06
6.50000000e+01 1.45540727e-06
6.50500000e+01 1.44897437e-06
6.51000000e+01 1.44259087e-06
6.51500000e+01 1.43625647e-06
6.52000000e+01 1.42997057e-06
6.52500000e+01 1.43180420e-06
6.53000000e+01 1.42558393e-06
6.53500000e+01 1.41941047e-06
6.54000000e+01 1.41328367e-06
6.54500000e+01 1.41507630e-06
6.55000000e+01 1.40901217e-06
6.55500000e+01 1.40299323e-06
6.56000000e+01 1.39701890e-06
6.56500000e+01 1.39877037e-06
6.57000000e+01 1.39285587e-06
6.57500000e+01 1.38698500e-06
6.58000000e+01 1.38115680e-06
6.58500000e+01 1.38286687e-06
6.59000000e+01 1.37709640e-06
6.59500000e+01 1.37136740e-06
6.60000000e+01 1.36567963e-06
6.60500000e+01 1.36734870e-06
6.61000000e+01 1.36171607e-06
6.61500000e+01 1.35612347e-06
6.62000000e+01 1.37019577e-06
6.62500000e+01 1.36461277e-06
6.63000000e+01 1.36616330e-06
6.63500000e+01 1.36063353e-06
6.64000000e+01 1.35514213e-06
6.64500000e+01 1.34968870e-06
6.65000000e+01 1.35120073e-06
6.65500000e+01 1.34579830e-06
6.66000000e+01 1.34043320e-06
6.66500000e+01 1.33510467e-06
6.67000000e+01 1.33657843e-06
6.67500000e+01 1.33129880e-06
6.68000000e+01 1.32605500e-06
6.68500000e+01 1.32084653e-06
6.69000000e+01 1.32228233e-06
6.69500000e+01 1.31712097e-06
6.70000000e+01 1.31199397e-06
6.70500000e+01 1.30690133e-06
6.71000000e+01 1.30184237e-06
6.71500000e+01 1.30325210e-06
6.72000000e+01 1.29823787e-06
6.72500000e+01 1.29325653e-06
6.73000000e+01 1.28830810e-06
6.73500000e+01 1.28968003e-06
6.74000000e+01 1.28477457e-06
6.74500000e+01 1.27990077e-06
6.75000000e+01 1.29309117e-06
6.75500000e+01 1.29434907e-06
6.76000000e+01 1.28948867e-06
6.76500000e+01 1.28465933e-06
6.77000000e+01 1.27986060e-06
6.77500000e+01 1.27509243e-06
6.78000000e+01 1.27632613e-06
6.78500000e+01 1.27159820e-06
6.79000000e+01 1.26689997e-06
6.79500000e+01 1.26223120e-06
6.80000000e+01 1.26343043e-06
6.80500000e+01 1.25880057e-06
6.81000000e+01 1.25419930e-06
6.81500000e+01 1.24962650e-06
6.82000000e+01 1.25079180e-06
6.82500000e+01 1.24625667e-06
6.83000000e+01 1.24174933e-06
6.83500000e+01 1.23726933e-06
6.84000000e+01 1.23281670e-06
6.84500000e+01 1.23395770e-06
6.85000000e+01 1.22954100e-06
6.85500000e+01 1.22515093e-06
6.86000000e+01 1.22078730e-06
6.86500000e+01 1.22189503e-06
6.87000000e+01 1.21756613e-06
6.87500000e+01 1.21326303e-06
6.88000000e+01 1.22566110e-06
6.88500000e+01 1.22135613e-06
6.89000000e+01 1.22237430e-06
6.89500000e+01 1.21810323e-06
6.90000000e+01 1.21385713e-06
6.90500000e+01 1.20963590e-06
6.91000000e+01 1.21062317e-06
6.91500000e+01 1.20643493e-06
6.92000000e+01 1.20227067e-06
6.92500000e+01 1.19813053e-06
6.93000000e+01 1.19401420e-06
6.93500000e+01 1.19497937e-06
6.94000000e+01 1.19089457e-06
6.94500000e+01 1.18683297e-06
6.95000000e+01 1.18279450e-06
6.95500000e+01 1.18372977e-06
6.96000000e+01 1.17972187e-06
6.96500000e+01 1.17573647e-06
6.97000000e+01 1.17177357e-06
6.97500000e+01 1.16783287e-06
6.98000000e+01 1.16874637e-06
6.98500000e+01 1.16483493e-06
6.99000000e+01 1.16094527e-06
6.99500000e+01 1.15707720e-06
7.00000000e+01 1.15796157e-06
7.00500000e+01 1.15412210e-06
7.01000000e+01 1.15030353e-06
7.01500000e+01 1.14650597e-06
7.02000000e+01 1.15814257e-06
7.02500000e+01 1.15894917e-06
7.03000000e+01 1.15515393e-06
7.03500000e+01 1.15137917e-06
7.04000000e+01 1.14762473e-06
7.04500000e+01 1.14840477e-06
7.05000000e+01 1.14467750e-06
7.05500000e+01 1.14097003e-06
7.06000000e+01 1.13728250e-06
7.06500000e+01 1.13361460e-06
7.07000000e+01 1.13437510e-06
7.07500000e+01 1.13073330e-06
7.08000000e+01 1.12711063e-06
7.08500000e+01 1.12350713e-06
7.09000000e+01 1.12424197e-06
7.09500000e+01 1.12066370e-06
7.10000000e+01 1.11710430e-06
7.10500000e+01 1.11356340e-06
7.11000000e+01 1.11004097e-06
7.11500000e+01 1.11075673e-06
7.12000000e+01 1.10725873e-06
7.12500000e+01 1.10377873e-06
7.13000000e+01 1.10031677e-06
7.13500000e+01 1.09687260e-06
7.14000000e+01 1.09756937e-06
7.14500000e+01 1.09414873e-06
7.15000000e+01 1.09074553e-06
7.15500000e+01 1.08735970e-06
7.16000000e+01 1.08803213e-06
7.16500000e+01 1.09894423e-06
7.17000000e+01 1.09555757e-06
7.17500000e+01 1.09218810e-06
7.18000000e+01 1.08883557e-06
7.18500000e+01 1.08944193e-06
7.19000000e+01 1.08611183e-06
7.19500000e+01 1.08279827e-06
7.20000000e+01 1.07950130e-06
7.20500000e+01 1.07622073e-06
7.21000000e+01 1.07681010e-06
7.21500000e+01 1.07355127e-06
7.22000000e+01 1.07030840e-06
7.22500000e+01 1.06708150e-06
7.23000000e+01 1.06764883e-06
7.23500000e+01 1.06444313e-06
7.24000000e+01 1.06125303e-06
7.24500000e+01 1.05807847e-06
7.25000000e+01 1.05491940e-06
7.25500000e+01 1.05547037e-06
7.26000000e+01 1.05233180e-06
7.26500000e+01 1.04920830e-06
7.27000000e+01 1.04609980e-06
7.27500000e+01 1.04300633e-06
7.28000000e+01 1.04354110e-06
7.28500000e+01 1.04046747e-06
7.29000000e+01 1.03740840e-06
7.29500000e+01 1.03436393e-06
7.30000000e+01 1.03487787e-06
7.30500000e+01 1.03185280e-06
7.31000000e+01 1.04213757e-06
7.31500000e+01 1.03910490e-06
7.32000000e+01 1.03608640e-06
7.32500000e+01 1.03654297e-06
7.33000000e+01 1.03354360e-06
7.33500000e+01 1.03055823e-06
7.34000000e+01 1.02758680e-06
7.34500000e+01 1.02462917e-06
7.35000000e+01 1.02507133e-06
7.35500000e+01 1.02213207e-06
7.36000000e+01 1.01920647e-06
7.36500000e+01 1.01629430e-06
7.37000000e+01 1.01339560e-06
7.37500000e+01 1.01382363e-06
7.38000000e+01 1.01094277e-06
7.38500000e+01 1.00807500e-06
7.39000000e+01 1.00522043e-06
7.39500000e+01 1.00237882e-06
7.40000000e+01 1.00279273e-06
7.40500000e+01 9.99968343e-07
7.41000000e+01 9.97157010e-07
7.41500000e+01 9.94358310e-07
7.42000000e+01 9.94754150e-07
7.42500000e+01 9.91972183e-07
7.43000000e+01 9.89202753e-07
7.43500000e+01 9.86445723e-07
7.44000000e+01 9.83701047e-07
7.44500000e+01 9.84083440e-07
7.45000000e+01 9.81355097e-07
7.45500000e+01 9.78639107e-07
7.46000000e+01 9.75935043e-07
7.46500000e+01 9.85616497e-07
7.47000000e+01 9.85948830e-07
7.47500000e+01 9.83240710e-07
7.48000000e+01 9.80544473e-07
7.48500000e+01 9.77860157e-07
7.49000000e+01 9.75187573e-07
7.49500000e+01 9.75507670e-07
7.50000000e+01 9.72850890e-07
7.50500000e+01 9.70205543e-07
7.51000000e+01 9.67571800e-07
7.51500000e+01 9.64949367e-07
7.52000000e+01 9.65257500e-07
7.52500000e+01 9.62650323e-07
7.53000000e+01 9.60054350e-07
7.53500000e+01 9.57469573e-07
7.54000000e+01 9.54895927e-07
7.54500000e+01 9.55192297e-07
7.55000000e+01 9.52633637e-07
7.55500000e+01 9.50085700e-07
7.56000000e+01 9.47548670e-07
7.56500000e+01 9.45022373e-07
7.57000000e+01 9.45307193e-07
7.57500000e+01 9.42795293e-07
7.58000000e+01 9.40294050e-07
7.58500000e+01 9.37803350e-07
7.59000000e+01 9.35323087e-07
7.59500000e+01 9.35596760e-07
7.60000000e+01 9.33130563e-07
7.60500000e+01 9.30674677e-07
7.61000000e+01 9.28229073e-07
7.61500000e+01 9.25793643e-07
7.62000000e+01 9.26056037e-07
7.62500000e+01 9.35167493e-07
7.63000000e+01 9.32727227e-07
7.63500000e+01 9.30297143e-07
7.64000000e+01 9.27877207e-07
7.64500000e+01 9.28096687e-07
7.65000000e+01 9.25690077e-07
7.65500000e+01 9.23293367e-07
7.66000000e+01 9.20906447e-07
7.66500000e+01 9.18529340e-07
7.67000000e+01 9.18738783e-07
7.67500000e+01 9.16374693e-07
7.68000000e+01 9.14020337e-07
7.68500000e+01 9.11675640e-07
7.69000000e+01 9.09340340e-07
7.69500000e+01 9.09539973e-07
7.70000000e+01 9.07217433e-07
7.70500000e+01 9.04904277e-07
7.71000000e+01 9.02600413e-07
7.71500000e+01 9.00305830e-07
7.72000000e+01 9.00495713e-07
7.72500000e+01 8.98213623e-07
7.73000000e+01 8.95940533e-07
7.73500000e+01 8.93676763e-07
7.74000000e+01 8.91421903e-07
7.74500000e+01 8.91602347e-07
7.75000000e+01 8.89359500e-07
7.75500000e+01 8.87125587e-07
7.76000000e+01 8.84900527e-07
7.76500000e+01 8.82684227e-07
7.77000000e+01 8.82855433e-07
7.77500000e+01 8.80650963e-07
7.78000000e+01 8.78455267e-07
7.78500000e+01 8.76268143e-07
7.79000000e+01 8.74089500e-07
7.79500000e+01 8.84995833e-07
7.80000000e+01 8.82803417e-07
7.80500000e+01 8.80619443e-07
7.81000000e+01 8.78444040e-07
7.81500000e+01 8.76277053e-07
7.82000000e+01 8.76402260e-07
7.82500000e+01 8.74246763e-07
7.83000000e+01 8.72099607e-07
7.83500000e+01 8.69960637e-07
7.84000000e+01 8.67829850e-07
7.84500000e+01 8.67946903e-07
7.85000000e+01 8.65827333e-07
7.85500000e+01 8.63715763e-07
7.86000000e+01 8.61612357e-07
7.86500000e+01 8.59516960e-07
7.87000000e+01 8.59626203e-07
7.87500000e+01 8.57541653e-07
7.88000000e+01 8.55465057e-07
7.88500000e+01 8.53396300e-07
7.89000000e+01 8.51335390e-07
7.89500000e+01 8.51436660e-07
7.90000000e+01 8.49386347e-07
7.90500000e+01 8.47343727e-07
7.91000000e+01 8.45308823e-07
7.91500000e+01 8.43281517e-07
7.92000000e+01 8.41261973e-07
7.92500000e+01 8.41358487e-07
7.93000000e+01 8.39349100e-07
7.93500000e+01 8.37347160e-07
7.94000000e+01 8.35352717e-07
7.94500000e+01 8.33365707e-07
7.95000000e+01 8.33454600e-07
7.95500000e+01 8.31477577e-07
7.96000000e+01 8.29507940e-07
7.96500000e+01 8.27545683e-07
7.97000000e+01 8.35621140e-07
7.97500000e+01 8.35677527e-07
7.98000000e+01 8.33709620e-07
7.98500000e+01 8.31748957e-07
7.99000000e+01 8.29795450e-07
7.99500000e+01 8.27849103e-07
8.00000000e+01 8.27898780e-07
