-2.00000000e+01 1.30071237e-08
-1.99500000e+01 1.30735240e-08
-1.99000000e+01 1.31404880e-08
-1.98500000e+01 1.32080220e-08
-1.98000000e+01 1.32761343e-08
-1.97500000e+01 1.33448317e-08
-1.97000000e+01 1.34141197e-08
-1.96500000e+01 1.34840060e-08
-1.96000000e+01 1.35545017e-08
-1.95500000e+01 1.36256113e-08
-1.95000000e+01 1.36973440e-08
-1.94500000e+01 1.37697047e-08
-1.94000000e+01 1.38427050e-08
-1.93500000e+01 1.39163530e-08
-1.93000000e+01 1.39906567e-08
-1.92500000e+01 1.40656223e-08
-1.92000000e+01 1.41412597e-08
-1.91500000e+01 1.42175807e-08
-1.91000000e+01 1.42945913e-08
-1.90500000e+01 1.43723017e-08
-1.90000000e+01 1.44507193e-08
-1.89500000e+01 1.45298547e-08
-1.89000000e+01 1.46097197e-08
-1.88500000e+01 1.46903220e-08
-1.88000000e+01 1.47716710e-08
-1.87500000e+01 1.48537777e-08
-1.87000000e+01 1.49366540e-08
-1.86500000e+01 1.50203087e-08
-1.86000000e+01 1.51047537e-08
-1.85500000e+01 1.51899973e-08
-1.85000000e+01 1.52760533e-08
-1.84500000e+01 1.53629337e-08
-1.84000000e+01 1.54506483e-08
-1.83500000e+01 1.55392090e-08
-1.83000000e+01 1.56286287e-08
-1.82500000e+01 1.57189203e-08
-1.82000000e+01 1.58100937e-08
-1.81500000e+01 1.59021643e-08
-1.81000000e+01 1.59951433e-08
-1.80500000e+01 1.60890470e-08
-1.80000000e+01 1.61838853e-08
-1.79500000e+01 1.62796737e-08
-1.79000000e+01 1.63764263e-08
-1.78500000e+01 1.64741573e-08
-1.78000000e+01 1.65728820e-08
-1.77500000e+01 1.66726140e-08
-1.77000000e+01 1.67733693e-08
-1.76500000e+01 1.68751643e-08
-1.76000000e+01 1.69780150e-08
-1.75500000e+01 1.70819363e-08
-1.75000000e+01 1.71869443e-08
-1.74500000e+01 1.72930573e-08
-1.74000000e+01 1.74002920e-08
-1.73500000e+01 1.75086677e-08
-1.73000000e+01 1.76182010e-08
-1.72500000e+01 1.77289093e-08
-1.72000000e+01 1.78408127e-08
-1.71500000e+01 1.79539313e-08
-1.71000000e+01 1.80682840e-08
-1.70500000e+01 1.81838897e-08
-1.70000000e+01 1.83007707e-08
-1.69500000e+01 1.84189473e-08
-1.69000000e+01 1.85384413e-08
-1.68500000e+01 1.86592737e-08
-1.68000000e+01 1.87814680e-08
-1.67500000e+01 1.89050460e-08
-1.67000000e+01 1.90300327e-08
-1.66500000e+01 1.91564523e-08
-1.66000000e+01 1.92843277e-08
-1.65500000e+01 1.94136860e-08
-1.65000000e+01 1.95445507e-08
-1.64500000e+01 1.96769510e-08
-1.64000000e+01 1.98109127e-08
-1.63500000e+01 1.99464617e-08
-1.63000000e+01 2.00836290e-08
-1.62500000e+01 2.02224417e-08
-1.62000000e+01 2.03629323e-08
-1.61500000e+01 2.05051293e-08
-1.61000000e+01 2.06490633e-08
-1.60500000e+01 2.07947677e-08
-1.60000000e+01 2.09422750e-08
-1.59500000e+01 2.10916193e-08
-1.59000000e+01 2.12428343e-08
-1.58500000e+01 2.13959557e-08
-1.58000000e+01 2.15510200e-08
-1.57500000e+01 2.17080660e-08
-1.57000000e+01 2.18671293e-08
-1.56500000e+01 2.20282510e-08
-1.56000000e+01 2.21914707e-08
-1.55500000e+01 2.23568293e-08
-1.55000000e+01 2.25243723e-08
-1.54500000e+01 2.26941413e-08
-1.54000000e+01 2.28661793e-08
-1.53500000e+01 2.30405347e-08
-1.53000000e+01 2.32172560e-08
-1.52500000e+01 2.33963910e-08
-1.52000000e+01 2.35779877e-08
-1.51500000e+01 2.37621007e-08
-1.51000000e+01 2.39487807e-08
-1.50500000e+01 2.41380873e-08
-1.50000000e+01 2.43300703e-08
-1.49500000e+01 2.45247903e-08
-1.49000000e+01 2.47223060e-08
-1.48500000e+01 2.49226793e-08
-1.48000000e+01 2.51259760e-08
-1.47500000e+01 2.53322573e-08
-1.47000000e+01 2.55415920e-08
-1.46500000e+01 2.57540473e-08
-1.46000000e+01 2.59696983e-08
-1.45500000e+01 2.61886167e-08
-1.45000000e+01 2.64108753e-08
-1.44500000e+01 2.66365563e-08
-1.44000000e+01 2.68657377e-08
-1.43500000e+01 2.70985067e-08
-1.43000000e+01 2.73349470e-08
-1.42500000e+01 2.75751447e-08
-1.42000000e+01 2.78191947e-08
-1.41500000e+01 2.80671917e-08
-1.41000000e+01 2.83192347e-08
-1.40500000e+01 2.85754227e-08
-1.40000000e+01 2.88358590e-08
-1.39500000e+01 2.91006577e-08
-1.39000000e+01 2.93699283e-08
-1.38500000e+01 2.96437853e-08
-1.38000000e+01 2.99223507e-08
-1.37500000e+01 3.02057480e-08
-1.37000000e+01 3.04941053e-08
-1.36500000e+01 3.07875627e-08
-1.36000000e+01 3.10862530e-08
-1.35500000e+01 3.13903207e-08
-1.35000000e+01 3.16999127e-08
-1.34500000e+01 3.20151910e-08
-1.34000000e+01 3.23363130e-08
-1.33500000e+01 3.26634400e-08
-1.33000000e+01 3.29967553e-08
-1.32500000e+01 3.33364300e-08
-1.32000000e+01 3.36826627e-08
-1.31500000e+01 3.40356360e-08
-1.31000000e+01 3.43955593e-08
-1.30500000e+01 3.47626443e-08
-1.30000000e+01 3.51371060e-08
-1.29500000e+01 3.55191793e-08
-1.29000000e+01 3.59090960e-08
-1.28500000e+01 3.63071120e-08
-1.28000000e+01 3.67134820e-08
-1.27500000e+01 3.71284780e-08
-1.27000000e+01 3.75523827e-08
-1.26500000e+01 3.79854860e-08
-1.26000000e+01 3.84281050e-08
-1.25500000e+01 3.88805543e-08
-1.25000000e+01 3.93431757e-08
-1.24500000e+01 3.98163180e-08
-1.24000000e+01 4.03003513e-08
-1.23500000e+01 4.07956593e-08
-1.23000000e+01 4.13026490e-08
-1.22500000e+01 4.18217460e-08
-1.22000000e+01 4.23533897e-08
-1.21500000e+01 4.28980540e-08
-1.21000000e+01 4.34562233e-08
-1.20500000e+01 4.40284147e-08
-1.20000000e+01 4.46151637e-08
-1.19500000e+01 4.52170480e-08
-1.19000000e+01 4.58346623e-08
-1.18500000e+01 4.64686327e-08
-1.18000000e+01 4.71196320e-08
-1.17500000e+01 4.77883503e-08
-1.17000000e+01 4.84755393e-08
-1.16500000e+01 4.91819620e-08
-1.16000000e+01 4.99084540e-08
-1.15500000e+01 5.06558830e-08
-1.15000000e+01 5.14251627e-08
-1.14500000e+01 5.22172783e-08
-1.14000000e+01 5.30332490e-08
-1.13500000e+01 5.38741853e-08
-1.13000000e+01 5.47412270e-08
-1.12500000e+01 5.56356207e-08
-1.12000000e+01 5.65586697e-08
-1.11500000e+01 5.75117570e-08
-1.11000000e+01 5.84963777e-08
-1.10500000e+01 5.95140977e-08
-1.10000000e+01 6.05666033e-08
-1.09500000e+01 6.16556803e-08
-1.09000000e+01 6.27832470e-08
-1.08500000e+01 6.39513473e-08
-1.08000000e+01 6.51621597e-08
-1.07500000e+01 6.64180450e-08
-1.07000000e+01 6.77215037e-08
-1.06500000e+01 6.90752313e-08
-1.06000000e+01 7.04821250e-08
-1.05500000e+01 7.19452933e-08
-1.05000000e+01 7.34680757e-08
-1.04500000e+01 7.50540987e-08
-1.04000000e+01 7.67072467e-08
-1.03500000e+01 7.84317177e-08
-1.03000000e+01 8.02320753e-08
-1.02500000e+01 8.21132197e-08
-1.02000000e+01 8.40805220e-08
-1.01500000e+01 8.61397300e-08
-1.01000000e+01 8.82971767e-08
-1.00500000e+01 9.05597030e-08
-1.00000000e+01 9.29347747e-08
-9.95000000e+00 9.54305703e-08
-9.90000000e+00 9.80559753e-08
-9.85000000e+00 1.00820793e-07
-9.80000000e+00 1.03735691e-07
-9.75000000e+00 1.06812455e-07
-9.70000000e+00 1.10064022e-07
-9.65000000e+00 1.13504652e-07
-9.60000000e+00 1.17150120e-07
-9.55000000e+00 1.21017821e-07
-9.50000000e+00 1.25127098e-07
-9.45000000e+00 1.29499377e-07
-9.40000000e+00 1.34158523e-07
-9.35000000e+00 1.39131133e-07
-9.30000000e+00 1.44446910e-07
-9.25000000e+00 1.50139160e-07
-9.20000000e+00 1.56245203e-07
-9.15000000e+00 1.62806997e-07
-9.10000000e+00 1.69871827e-07
-9.05000000e+00 1.77493130e-07
-9.00000000e+00 1.85731347e-07
-8.95000000e+00 1.94655107e-07
-8.90000000e+00 2.04342460e-07
-8.85000000e+00 2.14882273e-07
-8.80000000e+00 2.26376183e-07
-8.75000000e+00 2.38940347e-07
-8.70000000e+00 2.52708033e-07
-8.65000000e+00 2.67832193e-07
-8.60000000e+00 2.84488923e-07
-8.55000000e+00 3.02880687e-07
-8.50000000e+00 3.23240600e-07
-8.45000000e+00 3.45837010e-07
-8.40000000e+00 3.70977747e-07
-8.35000000e+00 3.99015730e-07
-8.30000000e+00 4.30351923e-07
-8.25000000e+00 4.65439647e-07
-8.20000000e+00 5.04783277e-07
-8.15000000e+00 5.48933447e-07
-8.10000000e+00 5.98472940e-07
-8.05000000e+00 6.53987187e-07
-8.00000000e+00 7.16014710e-07
-7.95000000e+00 7.84963593e-07
-7.90000000e+00 8.60986347e-07
-7.85000000e+00 9.43801933e-07
-7.80000000e+00 1.03246547e-06
-7.75000000e+00 1.12510870e-06
-7.70000000e+00 1.21870798e-06
-7.65000000e+00 1.30899260e-06
-7.60000000e+00 1.39063902e-06
-7.55000000e+00 1.45786347e-06
-7.50000000e+00 1.50539307e-06
-7.45000000e+00 1.52956707e-06
-7.40000000e+00 1.52914383e-06
-7.35000000e+00 1.50544513e-06
-7.30000000e+00 1.46179080e-06
-7.25000000e+00 1.40252692e-06
-7.20000000e+00 1.33211045e-06
-7.15000000e+00 1.25454544e-06
-7.10000000e+00 1.17320428e-06
-7.05000000e+00 1.09087217e-06
-7.00000000e+00 1.00983161e-06
-6.95000000e+00 9.31899493e-07
-6.90000000e+00 8.58424670e-07
-6.85000000e+00 7.90290400e-07
-6.80000000e+00 7.27956317e-07
-6.75000000e+00 6.71531343e-07
-6.70000000e+00 6.20866880e-07
-6.65000000e+00 5.75644280e-07
-6.60000000e+00 5.35449880e-07
-6.55000000e+00 4.99829390e-07
-6.50000000e+00 4.68325510e-07
-6.45000000e+00 4.40501283e-07
-6.40000000e+00 4.15953367e-07
-6.35000000e+00 3.94317673e-07
-6.30000000e+00 3.75270627e-07
-6.25000000e+00 3.58528823e-07
-6.20000000e+00 3.43845347e-07
-6.15000000e+00 3.31007303e-07
-6.10000000e+00 3.19832207e-07
-6.05000000e+00 3.10164607e-07
-6.00000000e+00 3.01873430e-07
-5.95000000e+00 2.94848747e-07
-5.90000000e+00 2.89000210e-07
-5.85000000e+00 2.84254287e-07
-5.80000000e+00 2.80553103e-07
-5.75000000e+00 2.77852573e-07
-5.70000000e+00 2.76120967e-07
-5.65000000e+00 2.75337497e-07
-5.60000000e+00 2.75490673e-07
-5.55000000e+00 2.76576583e-07
-5.50000000e+00 2.78596853e-07
-5.45000000e+00 2.81556983e-07
-5.40000000e+00 2.85464663e-07
-5.35000000e+00 2.90328827e-07
-5.30000000e+00 2.96159127e-07
-5.25000000e+00 3.02964590e-07
-5.20000000e+00 3.10748680e-07
-5.15000000e+00 3.19499180e-07
-5.10000000e+00 3.29170933e-07
-5.05000000e+00 3.39665357e-07
-5.00000000e+00 3.50812697e-07
-4.95000000e+00 3.62367847e-07
-4.90000000e+00 3.74029113e-07
-4.85000000e+00 3.85482903e-07
-4.80000000e+00 3.96467187e-07
-4.75000000e+00 4.06830573e-07
-4.70000000e+00 4.16564290e-07
-4.65000000e+00 4.25791743e-07
-4.60000000e+00 4.34725923e-07
-4.55000000e+00 4.43616213e-07
-4.50000000e+00 4.52709757e-07
-4.45000000e+00 4.62234387e-07
-4.40000000e+00 4.72398233e-07
-4.35000000e+00 4.83391420e-07
-4.30000000e+00 4.95375993e-07
-4.25000000e+00 5.08464490e-07
-4.20000000e+00 5.22689393e-07
-4.15000000e+00 5.37977647e-07
-4.10000000e+00 5.54139517e-07
-4.05000000e+00 5.70882587e-07
-4.00000000e+00 5.87854090e-07
-3.95000000e+00 6.04706883e-07
-3.90000000e+00 6.21177850e-07
-3.85000000e+00 6.37153727e-07
-3.80000000e+00 6.52703770e-07
-3.75000000e+00 6.68063610e-07
-3.70000000e+00 6.83572997e-07
-3.65000000e+00 6.99586353e-07
-3.60000000e+00 7.16384597e-07
-3.55000000e+00 7.34115000e-07
-3.50000000e+00 7.52774097e-07
-3.45000000e+00 7.72238750e-07
-3.40000000e+00 7.92333090e-07
-3.35000000e+00 8.12906423e-07
-3.30000000e+00 8.33891110e-07
-3.25000000e+00 8.55319480e-07
-3.20000000e+00 8.77293157e-07
-3.15000000e+00 8.99921213e-07
-3.10000000e+00 9.23255247e-07
-3.05000000e+00 9.47248850e-07
-3.00000000e+00 9.71750237e-07
-2.95000000e+00 9.96527097e-07
-2.90000000e+00 1.02130876e-06
-2.85000000e+00 1.04582687e-06
-2.80000000e+00 1.06984983e-06
-2.75000000e+00 1.09319913e-06
-2.70000000e+00 1.11576423e-06
-2.65000000e+00 1.13750227e-06
-2.60000000e+00 1.15843263e-06
-2.55000000e+00 1.17861613e-06
-2.50000000e+00 1.19812237e-06
-2.45000000e+00 1.21700423e-06
-2.40000000e+00 1.23528873e-06
-2.35000000e+00 1.25301250e-06
-2.30000000e+00 1.27028003e-06
-2.25000000e+00 1.28733060e-06
-2.20000000e+00 1.30456947e-06
-2.15000000e+00 1.32253613e-06
-2.10000000e+00 1.34181473e-06
-2.05000000e+00 1.36290493e-06
-2.00000000e+00 1.38610743e-06
-1.95000000e+00 1.41145050e-06
-1.90000000e+00 1.43869093e-06
-1.85000000e+00 1.46738210e-06
-1.80000000e+00 1.49699327e-06
-1.75000000e+00 1.52704153e-06
-1.70000000e+00 1.55719060e-06
-1.65000000e+00 1.58729043e-06
-1.60000000e+00 1.61734707e-06
-1.55000000e+00 1.64745190e-06
-1.50000000e+00 1.67770387e-06
-1.45000000e+00 1.70816653e-06
-1.40000000e+00 1.73887237e-06
-1.35000000e+00 1.76986757e-06
-1.30000000e+00 1.80126470e-06
-1.25000000e+00 1.83327337e-06
-1.20000000e+00 1.86618800e-06
-1.15000000e+00 1.90033210e-06
-1.10000000e+00 1.93598067e-06
-1.05000000e+00 1.97328650e-06
-1.00000000e+00 2.01223940e-06
-9.50000000e-01 2.05266407e-06
-9.00000000e-01 2.09425620e-06
-8.50000000e-01 2.13663887e-06
-8.00000000e-01 2.17941660e-06
-7.50000000e-01 2.22220970e-06
-7.00000000e-01 2.26466793e-06
-6.50000000e-01 2.30647080e-06
-6.00000000e-01 2.34732950e-06
-5.50000000e-01 2.38699517e-06
-5.00000000e-01 2.42528333e-06
-4.50000000e-01 2.46209153e-06
-4.00000000e-01 2.49741097e-06
-3.50000000e-01 2.53131537e-06
-3.00000000e-01 2.56393640e-06
-2.50000000e-01 2.59543450e-06
-2.00000000e-01 2.62597553e-06
-1.50000000e-01 2.65572567e-06
-1.00000000e-01 2.68485870e-06
-5.00000000e-02 2.71356263e-06
0.00000000e+00 2.74203047e-06
5.00000000e-02 2.77042930e-06
1.00000000e-01 2.79884533e-06
1.50000000e-01 2.82723500e-06
2.00000000e-01 2.85539843e-06
2.50000000e-01 2.88300217e-06
3.00000000e-01 2.90965233e-06
3.50000000e-01 2.93500863e-06
4.00000000e-01 2.95890190e-06
4.50000000e-01 2.98141743e-06
5.00000000e-01 3.00291583e-06
5.50000000e-01 3.02397557e-06
6.00000000e-01 3.04527457e-06
6.50000000e-01 3.06744280e-06
7.00000000e-01 3.09092940e-06
7.50000000e-01 3.11591220e-06
8.00000000e-01 3.14226637e-06
8.50000000e-01 3.16958353e-06
9.00000000e-01 3.19722783e-06
9.50000000e-01 3.22439847e-06
1.00000000e+00 3.25018717e-06
1.05000000e+00 3.27362763e-06
1.10000000e+00 3.29374487e-06
1.15000000e+00 3.30961723e-06
1.20000000e+00 3.32045807e-06
1.25000000e+00 3.32570780e-06
1.30000000e+00 3.32511703e-06
1.35000000e+00 3.31878280e-06
1.40000000e+00 3.30712980e-06
1.45000000e+00 3.29083233e-06
1.50000000e+00 3.27070050e-06
1.55000000e+00 3.24756633e-06
1.60000000e+00 3.22220287e-06
1.65000000e+00 3.19529443e-06
1.70000000e+00 3.16745360e-06
1.75000000e+00 3.13925863e-06
1.80000000e+00 3.11128077e-06
1.85000000e+00 3.08406970e-06
1.90000000e+00 3.05808050e-06
1.95000000e+00 3.03356317e-06
2.00000000e+00 3.01044283e-06
2.05000000e+00 2.98824237e-06
2.10000000e+00 2.96608930e-06
2.15000000e+00 2.94283290e-06
2.20000000e+00 2.91726357e-06
2.25000000e+00 2.88838807e-06
2.30000000e+00 2.85569057e-06
2.35000000e+00 2.81929733e-06
2.40000000e+00 2.77998937e-06
2.45000000e+00 2.73906147e-06
2.50000000e+00 2.69807080e-06
2.55000000e+00 2.65855363e-06
2.60000000e+00 2.62178123e-06
2.65000000e+00 2.58860823e-06
2.70000000e+00 2.55943090e-06
2.75000000e+00 2.53423827e-06
2.80000000e+00 2.51273177e-06
2.85000000e+00 2.49446413e-06
2.90000000e+00 2.47896153e-06
2.95000000e+00 2.46578900e-06
3.00000000e+00 2.45454833e-06
3.05000000e+00 2.44481763e-06
3.10000000e+00 2.43606397e-06
3.15000000e+00 2.42757077e-06
3.20000000e+00 2.41842463e-06
3.25000000e+00 2.40758400e-06
3.30000000e+00 2.39402930e-06
3.35000000e+00 2.37696067e-06
3.40000000e+00 2.35598807e-06
3.45000000e+00 2.33125300e-06
3.50000000e+00 2.30343497e-06
3.55000000e+00 2.27364090e-06
3.60000000e+00 2.24320660e-06
3.65000000e+00 2.21346757e-06
3.70000000e+00 2.18555303e-06
3.75000000e+00 2.16024133e-06
3.80000000e+00 2.13789317e-06
3.85000000e+00 2.11845730e-06
3.90000000e+00 2.10153037e-06
3.95000000e+00 2.08645420e-06
4.00000000e+00 2.07242690e-06
4.05000000e+00 2.05861090e-06
4.10000000e+00 2.04422463e-06
4.15000000e+00 2.02861310e-06
4.20000000e+00 2.01129733e-06
4.25000000e+00 1.99200483e-06
4.30000000e+00 1.97068487e-06
4.35000000e+00 1.94750913e-06
4.40000000e+00 1.92285460e-06
4.45000000e+00 1.89726347e-06
4.50000000e+00 1.87138113e-06
4.55000000e+00 1.84587957e-06
4.60000000e+00 1.82137527e-06
4.65000000e+00 1.79835717e-06
4.70000000e+00 1.77713773e-06
4.75000000e+00 1.75783640e-06
4.80000000e+00 1.74039597e-06
4.85000000e+00 1.72462733e-06
4.90000000e+00 1.71027163e-06
4.95000000e+00 1.69706393e-06
5.00000000e+00 1.68478123e-06
5.05000000e+00 1.67326430e-06
5.10000000e+00 1.66240767e-06
5.15000000e+00 1.65212470e-06
5.20000000e+00 1.64229927e-06
5.25000000e+00 1.63274350e-06
5.30000000e+00 1.62317833e-06
5.35000000e+00 1.61324660e-06
5.40000000e+00 1.60256103e-06
5.45000000e+00 1.59077620e-06
5.50000000e+00 1.57766427e-06
5.55000000e+00 1.56317030e-06
5.60000000e+00 1.54742910e-06
5.65000000e+00 1.53073470e-06
5.70000000e+00 1.51347470e-06
5.75000000e+00 1.49604627e-06
5.80000000e+00 1.47878303e-06
5.85000000e+00 1.46191097e-06
5.90000000e+00 1.44554473e-06
5.95000000e+00 1.42972050e-06
6.00000000e+00 1.41445233e-06
6.05000000e+00 1.39979147e-06
6.10000000e+00 1.38586897e-06
6.15000000e+00 1.37290613e-06
6.20000000e+00 1.36118900e-06
6.25000000e+00 1.35101473e-06
6.30000000e+00 1.34262157e-06
6.35000000e+00 1.33612267e-06
6.40000000e+00 1.33145833e-06
6.45000000e+00 1.32838067e-06
6.50000000e+00 1.32647573e-06
6.55000000e+00 1.32522287e-06
6.60000000e+00 1.32408137e-06
6.65000000e+00 1.32258413e-06
6.70000000e+00 1.32041537e-06
6.75000000e+00 1.31744977e-06
6.80000000e+00 1.31374130e-06
6.85000000e+00 1.30946700e-06
6.90000000e+00 1.30484443e-06
6.95000000e+00 1.30005090e-06
7.00000000e+00 1.29516897e-06
7.05000000e+00 1.29017437e-06
7.10000000e+00 1.28496890e-06
7.15000000e+00 1.27944593e-06
7.20000000e+00 1.27356600e-06
7.25000000e+00 1.26741590e-06
7.30000000e+00 1.26122940e-06
7.35000000e+00 1.25536080e-06
7.40000000e+00 1.25021567e-06
7.45000000e+00 1.24615960e-06
7.50000000e+00 1.24342767e-06
7.55000000e+00 1.24205843e-06
7.60000000e+00 1.24187007e-06
7.65000000e+00 1.24248530e-06
7.70000000e+00 1.24340357e-06
7.75000000e+00 1.24410517e-06
7.80000000e+00 1.24416293e-06
7.85000000e+00 1.24332903e-06
7.90000000e+00 1.24157230e-06
7.95000000e+00 1.23905080e-06
8.00000000e+00 1.23603063e-06
8.05000000e+00 1.23277530e-06
8.10000000e+00 1.22943960e-06
8.15000000e+00 1.22599960e-06
8.20000000e+00 1.22223727e-06
8.25000000e+00 1.21778443e-06
8.30000000e+00 1.21221327e-06
8.35000000e+00 1.20514660e-06
8.40000000e+00 1.19635567e-06
8.45000000e+00 1.18581383e-06
8.50000000e+00 1.17369203e-06
8.55000000e+00 1.16029993e-06
8.60000000e+00 1.14599887e-06
8.65000000e+00 1.13111580e-06
8.70000000e+00 1.11588770e-06
8.75000000e+00 1.10044753e-06
8.80000000e+00 1.08485137e-06
8.85000000e+00 1.06912820e-06
8.90000000e+00 1.05333057e-06
8.95000000e+00 1.03756403e-06
9.00000000e+00 1.02198288e-06
9.05000000e+00 1.00675363e-06
9.10000000e+00 9.91999367e-07
9.15000000e+00 9.77745150e-07
9.20000000e+00 9.63885223e-07
9.25000000e+00 9.50183970e-07
9.30000000e+00 9.36314753e-07
9.35000000e+00 9.21926430e-07
9.40000000e+00 9.06718267e-07
9.45000000e+00 8.90498577e-07
9.50000000e+00 8.73208090e-07
9.55000000e+00 8.54901693e-07
9.60000000e+00 8.35700223e-07
9.65000000e+00 8.15734433e-07
9.70000000e+00 7.95105980e-07
9.75000000e+00 7.73879837e-07
9.80000000e+00 7.52107253e-07
9.85000000e+00 7.29864127e-07
9.90000000e+00 7.07281797e-07
9.95000000e+00 6.84551887e-07
1.00000000e+01 6.61899117e-07
1.00500000e+01 6.39532097e-07
1.01000000e+01 6.17592553e-07
1.01500000e+01 5.96124577e-07
1.02000000e+01 5.75077457e-07
1.02500000e+01 5.54342430e-07
1.03000000e+01 5.33809217e-07
1.03500000e+01 5.13420010e-07
1.04000000e+01 4.93198467e-07
1.04500000e+01 4.73244493e-07
1.05000000e+01 4.53701727e-07
1.05500000e+01 4.34717160e-07
1.06000000e+01 4.16412467e-07
1.06500000e+01 3.98876790e-07
1.07000000e+01 3.82177393e-07
1.07500000e+01 3.66376090e-07
1.08000000e+01 3.51539477e-07
1.08500000e+01 3.37737687e-07
1.09000000e+01 3.25034740e-07
1.09500000e+01 3.13477480e-07
1.10000000e+01 3.03088650e-07
1.10500000e+01 2.93866183e-07
1.11000000e+01 2.85787370e-07
1.11500000e+01 2.78815510e-07
1.12000000e+01 2.72906813e-07
1.12500000e+01 2.68016457e-07
1.13000000e+01 2.64103083e-07
1.13500000e+01 2.61132087e-07
1.14000000e+01 2.59077720e-07
1.14500000e+01 2.57924520e-07
1.15000000e+01 2.57668270e-07
1.15500000e+01 2.58316733e-07
1.16000000e+01 2.59890377e-07
1.16500000e+01 2.62423183e-07
1.17000000e+01 2.65963570e-07
1.17500000e+01 2.70575660e-07
1.18000000e+01 2.76340673e-07
1.18500000e+01 2.83358700e-07
1.19000000e+01 2.91750667e-07
1.19500000e+01 3.01660470e-07
1.20000000e+01 3.13257147e-07
1.20500000e+01 3.26736790e-07
1.21000000e+01 3.42323647e-07
1.21500000e+01 3.60269680e-07
1.22000000e+01 3.80851223e-07
1.22500000e+01 4.04360810e-07
1.23000000e+01 4.31091110e-07
1.23500000e+01 4.61307080e-07
1.24000000e+01 4.95200757e-07
1.24500000e+01 5.32823183e-07
1.25000000e+01 5.73988390e-07
1.25500000e+01 6.18150527e-07
1.26000000e+01 6.64266583e-07
1.26500000e+01 7.10678360e-07
1.27000000e+01 7.55074183e-07
1.27500000e+01 7.94607503e-07
1.28000000e+01 8.26232440e-07
1.28500000e+01 8.47236940e-07
1.29000000e+01 8.55832857e-07
1.29500000e+01 8.51571533e-07
1.30000000e+01 8.35390447e-07
1.30500000e+01 8.09271763e-07
1.31000000e+01 7.75687143e-07
1.31500000e+01 7.37077200e-07
1.32000000e+01 6.95536013e-07
1.32500000e+01 6.52723403e-07
1.33000000e+01 6.09920920e-07
1.33500000e+01 5.68123473e-07
1.34000000e+01 5.28101587e-07
1.34500000e+01 4.90424913e-07
1.35000000e+01 4.55469473e-07
1.35500000e+01 4.23430320e-07
1.36000000e+01 3.94348290e-07
1.36500000e+01 3.68146380e-07
1.37000000e+01 3.44667817e-07
1.37500000e+01 3.23709740e-07
1.38000000e+01 3.05048947e-07
1.38500000e+01 2.88460190e-07
1.39000000e+01 2.73727493e-07
1.39500000e+01 2.60650800e-07
1.40000000e+01 2.49048970e-07
1.40500000e+01 2.38760713e-07
1.41000000e+01 2.29644077e-07
1.41500000e+01 2.21575310e-07
1.42000000e+01 2.14447273e-07
1.42500000e+01 2.08167850e-07
1.43000000e+01 2.02658363e-07
1.43500000e+01 1.97852057e-07
1.44000000e+01 1.93692863e-07
1.44500000e+01 1.90134173e-07
1.45000000e+01 1.87137960e-07
1.45500000e+01 1.84673800e-07
1.46000000e+01 1.82718240e-07
1.46500000e+01 1.81254073e-07
1.47000000e+01 1.80269760e-07
1.47500000e+01 1.79758797e-07
1.48000000e+01 1.79719057e-07
1.48500000e+01 1.80152133e-07
1.49000000e+01 1.81062500e-07
1.49500000e+01 1.82456683e-07
1.50000000e+01 1.84342260e-07
1.50500000e+01 1.86726660e-07
1.51000000e+01 1.89615547e-07
1.51500000e+01 1.93010417e-07
1.52000000e+01 1.96905040e-07
1.52500000e+01 2.01280510e-07
1.53000000e+01 2.06099127e-07
1.53500000e+01 2.11298257e-07
1.54000000e+01 2.16786293e-07
1.54500000e+01 2.22443750e-07
1.55000000e+01 2.28132093e-07
1.55500000e+01 2.33711527e-07
1.56000000e+01 2.39065193e-07
1.56500000e+01 2.44123580e-07
1.57000000e+01 2.48881173e-07
1.57500000e+01 2.53399180e-07
1.58000000e+01 2.57793667e-07
1.58500000e+01 2.62213693e-07
1.59000000e+01 2.66816623e-07
1.59500000e+01 2.71746780e-07
1.60000000e+01 2.77120463e-07
1.60500000e+01 2.83017193e-07
1.61000000e+01 2.89475743e-07
1.61500000e+01 2.96492920e-07
1.62000000e+01 3.04024497e-07
1.62500000e+01 3.11988217e-07
1.63000000e+01 3.20270483e-07
1.63500000e+01 3.28737920e-07
1.64000000e+01 3.37254533e-07
1.64500000e+01 3.45703037e-07
1.65000000e+01 3.54006577e-07
1.65500000e+01 3.62145197e-07
1.66000000e+01 3.70161347e-07
1.66500000e+01 3.78152410e-07
1.67000000e+01 3.86250520e-07
1.67500000e+01 3.94595870e-07
1.68000000e+01 4.03309407e-07
1.68500000e+01 4.12471863e-07
1.69000000e+01 4.22113140e-07
1.69500000e+01 4.32213730e-07
1.70000000e+01 4.42717707e-07
1.70500000e+01 4.53552923e-07
1.71000000e+01 4.64653830e-07
1.71500000e+01 4.75978980e-07
1.72000000e+01 4.87518903e-07
1.72500000e+01 4.99290663e-07
1.73000000e+01 5.11321457e-07
1.73500000e+01 5.23625943e-07
1.74000000e+01 5.36184973e-07
1.74500000e+01 5.48932100e-07
1.75000000e+01 5.61752403e-07
1.75500000e+01 5.74495137e-07
1.76000000e+01 5.86997013e-07
1.76500000e+01 5.99110583e-07
1.77000000e+01 6.10729150e-07
1.77500000e+01 6.21802227e-07
1.78000000e+01 6.32336540e-07
1.78500000e+01 6.42385070e-07
1.79000000e+01 6.52028857e-07
1.79500000e+01 6.61359967e-07
1.80000000e+01 6.70472323e-07
1.80500000e+01 6.79462100e-07
1.81000000e+01 6.88437410e-07
1.81500000e+01 6.97529840e-07
1.82000000e+01 7.06901547e-07
1.82500000e+01 7.16740973e-07
1.83000000e+01 7.27246057e-07
1.83500000e+01 7.38596200e-07
1.84000000e+01 7.50920317e-07
1.84500000e+01 7.64267450e-07
1.85000000e+01 7.78589373e-07
1.85500000e+01 7.93739627e-07
1.86000000e+01 8.09492633e-07
1.86500000e+01 8.25580963e-07
1.87000000e+01 8.41744503e-07
1.87500000e+01 8.57780997e-07
1.88000000e+01 8.73583900e-07
1.88500000e+01 8.89158490e-07
1.89000000e+01 9.04610960e-07
1.89500000e+01 9.20114703e-07
1.90000000e+01 9.35864980e-07
1.90500000e+01 9.52036143e-07
1.91000000e+01 9.68752833e-07
1.91500000e+01 9.86080990e-07
1.92000000e+01 1.00403749e-06
1.92500000e+01 1.02261240e-06
1.93000000e+01 1.04179125e-06
1.93500000e+01 1.06156914e-06
1.94000000e+01 1.08194916e-06
1.94500000e+01 1.10292600e-06
1.95000000e+01 1.12446009e-06
1.95500000e+01 1.14645143e-06
1.96000000e+01 1.16872523e-06
1.96500000e+01 1.19103580e-06
1.97000000e+01 1.21309267e-06
1.97500000e+01 1.23460403e-06
1.98000000e+01 1.25532743e-06
1.98500000e+01 1.27511160e-06
1.99000000e+01 1.29391753e-06
1.99500000e+01 1.31181110e-06
2.00000000e+01 1.32892957e-06
2.00500000e+01 1.34543547e-06
2.01000000e+01 1.36147223e-06
2.01500000e+01 1.37713710e-06
2.02000000e+01 1.39247677e-06
2.02500000e+01 1.40750437e-06
2.03000000e+01 1.42222757e-06
2.03500000e+01 1.43667143e-06
2.04000000e+01 1.45088820e-06
2.04500000e+01 1.46494520e-06
2.05000000e+01 1.47889683e-06
2.05500000e+01 1.49275093e-06
2.06000000e+01 1.50644470e-06
2.06500000e+01 1.51984217e-06
2.07000000e+01 1.53276123e-06
2.07500000e+01 1.54502483e-06
2.08000000e+01 1.55652480e-06
2.08500000e+01 1.56727603e-06
2.09000000e+01 1.57744257e-06
2.09500000e+01 1.58732287e-06
2.10000000e+01 1.59729293e-06
2.10500000e+01 1.60772033e-06
2.11000000e+01 1.61887450e-06
2.11500000e+01 1.63085150e-06
2.12000000e+01 1.64353427e-06
2.12500000e+01 1.65659670e-06
2.13000000e+01 1.66954733e-06
2.13500000e+01 1.68180187e-06
2.14000000e+01 1.69276507e-06
2.14500000e+01 1.70190557e-06
2.15000000e+01 1.70880467e-06
2.15500000e+01 1.71317753e-06
2.16000000e+01 1.71486830e-06
2.16500000e+01 1.71383093e-06
2.17000000e+01 1.71010833e-06
2.17500000e+01 1.70381903e-06
2.18000000e+01 1.69515277e-06
2.18500000e+01 1.68437147e-06
2.19000000e+01 1.67180677e-06
2.19500000e+01 1.65784947e-06
2.20000000e+01 1.64292797e-06
2.20500000e+01 1.62747880e-06
2.21000000e+01 1.61191480e-06
2.21500000e+01 1.59659470e-06
2.22000000e+01 1.58179933e-06
2.22500000e+01 1.56771033e-06
2.23000000e+01 1.55439197e-06
2.23500000e+01 1.54177460e-06
2.24000000e+01 1.52964373e-06
2.24500000e+01 1.51764517e-06
2.25000000e+01 1.50531157e-06
2.25500000e+01 1.49212390e-06
2.26000000e+01 1.47760077e-06
2.26500000e+01 1.46140377e-06
2.27000000e+01 1.44343073e-06
2.27500000e+01 1.42386930e-06
2.28000000e+01 1.40318930e-06
2.28500000e+01 1.38206980e-06
2.29000000e+01 1.36128137e-06
2.29500000e+01 1.34155487e-06
2.30000000e+01 1.32346813e-06
2.30500000e+01 1.30737613e-06
2.31000000e+01 1.29339430e-06
2.31500000e+01 1.28143173e-06
2.32000000e+01 1.27126023e-06
2.32500000e+01 1.26259473e-06
2.33000000e+01 1.25516060e-06
2.33500000e+01 1.24872737e-06
2.34000000e+01 1.24309757e-06
2.34500000e+01 1.23806093e-06
2.35000000e+01 1.23333607e-06
2.35500000e+01 1.22853010e-06
2.36000000e+01 1.22314197e-06
2.36500000e+01 1.21662183e-06
2.37000000e+01 1.20847707e-06
2.37500000e+01 1.19839173e-06
2.38000000e+01 1.18632147e-06
2.38500000e+01 1.17252320e-06
2.39000000e+01 1.15750990e-06
2.39500000e+01 1.14194517e-06
2.40000000e+01 1.12651187e-06
2.40500000e+01 1.11179703e-06
2.41000000e+01 1.09821590e-06
2.41500000e+01 1.08598631e-06
2.42000000e+01 1.07514261e-06
2.42500000e+01 1.06557387e-06
2.43000000e+01 1.05706584e-06
2.43500000e+01 1.04933354e-06
2.44000000e+01 1.04204311e-06
2.44500000e+01 1.03482328e-06
2.45000000e+01 1.02728607e-06
2.45500000e+01 1.01905975e-06
2.46000000e+01 1.00984246e-06
2.46500000e+01 9.99460700e-07
2.47000000e+01 9.87915213e-07
2.47500000e+01 9.75394007e-07
2.48000000e+01 9.62239077e-07
2.48500000e+01 9.48878143e-07
2.49000000e+01 9.35737463e-07
2.49500000e+01 9.23165747e-07
2.50000000e+01 9.11386953e-07
2.50500000e+01 9.00491660e-07
2.51000000e+01 8.90464140e-07
2.51500000e+01 8.81227900e-07
2.52000000e+01 8.72695380e-07
2.52500000e+01 8.64800017e-07
2.53000000e+01 8.57507813e-07
2.53500000e+01 8.50805503e-07
2.54000000e+01 8.44675823e-07
2.54500000e+01 8.39074253e-07
2.55000000e+01 8.33912633e-07
2.55500000e+01 8.29058870e-07
2.56000000e+01 8.24345410e-07
2.56500000e+01 8.19585643e-07
2.57000000e+01 8.14591910e-07
2.57500000e+01 8.09193177e-07
2.58000000e+01 8.03253547e-07
2.58500000e+01 7.96690343e-07
2.59000000e+01 7.89490340e-07
2.59500000e+01 7.81715370e-07
2.60000000e+01 7.73493190e-07
2.60500000e+01 7.64991060e-07
2.61000000e+01 7.56377803e-07
2.61500000e+01 7.47787000e-07
2.62000000e+01 7.39296137e-07
2.62500000e+01 7.30931443e-07
2.63000000e+01 7.22695220e-07
2.63500000e+01 7.14607143e-07
2.64000000e+01 7.06738367e-07
2.64500000e+01 6.99224033e-07
2.65000000e+01 6.92246667e-07
2.65500000e+01 6.85995793e-07
2.66000000e+01 6.80623220e-07
2.66500000e+01 6.76203343e-07
2.67000000e+01 6.72720257e-07
2.67500000e+01 6.70073393e-07
2.68000000e+01 6.68104673e-07
2.68500000e+01 6.66630520e-07
2.69000000e+01 6.65468337e-07
2.69500000e+01 6.64455843e-07
2.70000000e+01 6.63454977e-07
2.70500000e+01 6.62355740e-07
2.71000000e+01 6.61074223e-07
2.71500000e+01 6.59555803e-07
2.72000000e+01 6.57774283e-07
2.72500000e+01 6.55726453e-07
2.73000000e+01 6.53424127e-07
2.73500000e+01 6.50881783e-07
2.74000000e+01 6.48114397e-07
2.74500000e+01 6.45140717e-07
2.75000000e+01 6.41996710e-07
2.75500000e+01 6.38747083e-07
2.76000000e+01 6.35488223e-07
2.76500000e+01 6.32340653e-07
2.77000000e+01 6.29430297e-07
2.77500000e+01 6.26869047e-07
2.78000000e+01 6.24739840e-07
2.78500000e+01 6.23087883e-07
2.79000000e+01 6.21917780e-07
2.79500000e+01 6.21191693e-07
2.80000000e+01 6.20829870e-07
2.80500000e+01 6.20714130e-07
2.81000000e+01 6.20698387e-07
2.81500000e+01 6.20629020e-07
2.82000000e+01 6.20366950e-07
2.82500000e+01 6.19808623e-07
2.83000000e+01 6.18896410e-07
2.83500000e+01 6.17618487e-07
2.84000000e+01 6.15999173e-07
2.84500000e+01 6.14082493e-07
2.85000000e+01 6.11913313e-07
2.85500000e+01 6.09513033e-07
2.86000000e+01 6.06859473e-07
2.86500000e+01 6.03875097e-07
2.87000000e+01 6.00435283e-07
2.87500000e+01 5.96394793e-07
2.88000000e+01 5.91628287e-07
2.88500000e+01 5.86066207e-07
2.89000000e+01 5.79714777e-07
2.89500000e+01 5.72655073e-07
2.90000000e+01 5.65024587e-07
2.90500000e+01 5.56992877e-07
2.91000000e+01 5.48733427e-07
2.91500000e+01 5.40401790e-07
2.92000000e+01 5.32117407e-07
2.92500000e+01 5.23957087e-07
2.93000000e+01 5.15957557e-07
2.93500000e+01 5.08125427e-07
2.94000000e+01 5.00447287e-07
2.94500000e+01 4.92896337e-07
2.95000000e+01 4.85436490e-07
2.95500000e+01 4.78023667e-07
2.96000000e+01 4.70608790e-07
2.96500000e+01 4.63136590e-07
2.97000000e+01 4.55543707e-07
2.97500000e+01 4.47753593e-07
2.98000000e+01 4.39677087e-07
2.98500000e+01 4.31218343e-07
2.99000000e+01 4.22289200e-07
2.99500000e+01 4.12828777e-07
3.00000000e+01 4.02818200e-07
3.00500000e+01 3.92288330e-07
3.01000000e+01 3.81312120e-07
3.01500000e+01 3.69991320e-07
3.02000000e+01 3.58439377e-07
3.02500000e+01 3.46767553e-07
3.03000000e+01 3.35073930e-07
3.03500000e+01 3.23434807e-07
3.04000000e+01 3.11900513e-07
3.04500000e+01 3.00494680e-07
3.05000000e+01 2.89219580e-07
3.05500000e+01 2.78063920e-07
3.06000000e+01 2.67012490e-07
3.06500000e+01 2.56053420e-07
3.07000000e+01 2.45183577e-07
3.07500000e+01 2.34410917e-07
3.08000000e+01 2.23756010e-07
3.08500000e+01 2.13252173e-07
3.09000000e+01 2.02942370e-07
3.09500000e+01 1.92874657e-07
3.10000000e+01 1.83096440e-07
3.10500000e+01 1.73651360e-07
3.11000000e+01 1.64578360e-07
3.11500000e+01 1.55913130e-07
3.12000000e+01 1.47688703e-07
3.12500000e+01 1.39933533e-07
3.13000000e+01 1.32668590e-07
3.13500000e+01 1.25903820e-07
3.14000000e+01 1.19636893e-07
3.14500000e+01 1.13853697e-07
3.15000000e+01 1.08530567e-07
3.15500000e+01 1.03637593e-07
3.16000000e+01 9.91412310e-08
3.16500000e+01 9.50070277e-08
3.17000000e+01 9.12011523e-08
3.17500000e+01 8.76916630e-08
3.18000000e+01 8.44490387e-08
3.18500000e+01 8.14464153e-08
3.19000000e+01 7.86597113e-08
3.19500000e+01 7.60673693e-08
3.20000000e+01 7.36502927e-08
3.20500000e+01 7.13915137e-08
3.21000000e+01 6.92760320e-08
3.21500000e+01 6.72905620e-08
3.22000000e+01 6.54233133e-08
3.22500000e+01 6.36638460e-08
3.23000000e+01 6.20028587e-08
3.23500000e+01 6.04320877e-08
3.24000000e+01 5.89441410e-08
3.24500000e+01 5.75324033e-08
3.25000000e+01 5.61909433e-08
3.25500000e+01 5.49144363e-08
3.26000000e+01 5.36980850e-08
3.26500000e+01 5.25375373e-08
3.27000000e+01 5.14288847e-08
3.27500000e+01 5.03685500e-08
3.28000000e+01 4.93532983e-08
3.28500000e+01 4.83801763e-08
3.29000000e+01 4.74464873e-08
3.29500000e+01 4.65497697e-08
3.30000000e+01 4.56877563e-08
3.30500000e+01 4.48583807e-08
3.31000000e+01 4.40597187e-08
3.31500000e+01 4.32900183e-08
3.32000000e+01 4.25476527e-08
3.32500000e+01 4.18311150e-08
3.33000000e+01 4.11390210e-08
3.33500000e+01 4.04700650e-08
3.34000000e+01 3.98230650e-08
3.34500000e+01 3.91968893e-08
3.35000000e+01 3.85905067e-08
3.35500000e+01 3.80029457e-08
3.36000000e+01 3.74332990e-08
3.36500000e+01 3.68807250e-08
3.37000000e+01 3.63444227e-08
3.37500000e+01 3.58236553e-08
3.38000000e+01 3.53177213e-08
3.38500000e+01 3.48259697e-08
3.39000000e+01 3.43477850e-08
3.39500000e+01 3.38825833e-08
3.40000000e+01 3.34298207e-08
3.40500000e+01 3.29889813e-08
3.41000000e+01 3.25595813e-08
3.41500000e+01 3.21411587e-08
3.42000000e+01 3.17332807e-08
3.42500000e+01 3.13355390e-08
3.43000000e+01 3.09475387e-08
3.43500000e+01 3.05689137e-08
3.44000000e+01 3.01993133e-08
3.44500000e+01 2.98384070e-08
3.45000000e+01 2.94858750e-08
3.45500000e+01 2.91414240e-08
3.46000000e+01 2.88047603e-08
3.46500000e+01 2.84756173e-08
3.47000000e+01 2.81537353e-08
3.47500000e+01 2.78388647e-08
3.48000000e+01 2.75307753e-08
3.48500000e+01 2.72292343e-08
3.49000000e+01 2.69340370e-08
3.49500000e+01 2.66449703e-08
3.50000000e+01 2.63618410e-08
3.50500000e+01 2.60844627e-08
3.51000000e+01 2.58126530e-08
3.51500000e+01 2.55462453e-08
3.52000000e+01 2.52850670e-08
3.52500000e+01 2.50289677e-08
3.53000000e+01 2.47777910e-08
3.53500000e+01 2.45313937e-08
3.54000000e+01 2.42896370e-08
3.54500000e+01 2.40523860e-08
3.55000000e+01 2.38195120e-08
3.55500000e+01 2.35908907e-08
3.56000000e+01 2.33664057e-08
3.56500000e+01 2.31459377e-08
3.57000000e+01 2.29293807e-08
3.57500000e+01 2.27166283e-08
3.58000000e+01 2.25075793e-08
3.58500000e+01 2.23021313e-08
3.59000000e+01 2.21001923e-08
3.59500000e+01 2.19016690e-08
3.60000000e+01 2.17064773e-08
3.60500000e+01 2.15145283e-08
3.61000000e+01 2.13257403e-08
3.61500000e+01 2.11400327e-08
3.62000000e+01 2.09573327e-08
3.62500000e+01 2.07775660e-08
3.63000000e+01 2.06006567e-08
3.63500000e+01 2.04265367e-08
3.64000000e+01 2.02551410e-08
3.64500000e+01 2.00864053e-08
3.65000000e+01 1.99202683e-08
3.65500000e+01 1.97566633e-08
3.66000000e+01 1.95955343e-08
3.66500000e+01 1.94368277e-08
3.67000000e+01 1.92804850e-08
3.67500000e+01 1.91264550e-08
3.68000000e+01 1.89746817e-08
3.68500000e+01 1.88251173e-08
3.69000000e+01 1.86777160e-08
3.69500000e+01 1.85324293e-08
3.70000000e+01 1.83892073e-08
3.70500000e+01 1.82480073e-08
3.71000000e+01 1.81087880e-08
3.71500000e+01 1.79715087e-08
3.72000000e+01 1.78361250e-08
3.72500000e+01 1.77025983e-08
3.73000000e+01 1.75708890e-08
3.73500000e+01 1.74409633e-08
3.74000000e+01 1.73127843e-08
3.74500000e+01 1.71863120e-08
3.75000000e+01 1.70615157e-08
3.75500000e+01 1.69383603e-08
3.76000000e+01 1.68168167e-08
3.76500000e+01 1.66968517e-08
3.77000000e+01 1.65784307e-08
3.77500000e+01 1.64615267e-08
3.78000000e+01 1.63461103e-08
3.78500000e+01 1.62321563e-08
3.79000000e+01 1.61196323e-08
3.79500000e+01 1.60085113e-08
3.80000000e+01 1.58987677e-08
3.80500000e+01 1.57903783e-08
3.81000000e+01 1.56833177e-08
3.81500000e+01 1.55775573e-08
3.82000000e+01 1.54730760e-08
3.82500000e+01 1.53698517e-08
3.83000000e+01 1.52678607e-08
3.83500000e+01 1.51670830e-08
3.84000000e+01 1.50674923e-08
3.84500000e+01 1.49690700e-08
3.85000000e+01 1.48717977e-08
3.85500000e+01 1.47756530e-08
3.86000000e+01 1.46806173e-08
3.86500000e+01 1.45866693e-08
3.87000000e+01 1.44937923e-08
3.87500000e+01 1.44019687e-08
3.88000000e+01 1.43111817e-08
3.88500000e+01 1.42214087e-08
3.89000000e+01 1.41326363e-08
3.89500000e+01 1.40448477e-08
3.90000000e+01 1.39580283e-08
3.90500000e+01 1.38721597e-08
3.91000000e+01 1.37872257e-08
3.91500000e+01 1.37032123e-08
3.92000000e+01 1.36201057e-08
3.92500000e+01 1.35378917e-08
3.93000000e+01 1.34565523e-08
3.93500000e+01 1.33760760e-08
3.94000000e+01 1.32964493e-08
3.94500000e+01 1.32176597e-08
3.95000000e+01 1.31396937e-08
3.95500000e+01 1.30625363e-08
3.96000000e+01 1.29861767e-08
3.96500000e+01 1.29106037e-08
3.97000000e+01 1.28358033e-08
3.97500000e+01 1.27617657e-08
3.98000000e+01 1.26884767e-08
3.98500000e+01 1.26159267e-08
3.99000000e+01 1.25441053e-08
3.99500000e+01 1.24730020e-08
4.00000000e+01 1.24026033e-08
4.00500000e+01 1.23329003e-08
4.01000000e+01 1.22638833e-08
4.01500000e+01 1.21955437e-08
4.02000000e+01 1.21278697e-08
4.02500000e+01 1.20608507e-08
4.03000000e+01 1.19944780e-08
4.03500000e+01 1.19287447e-08
4.04000000e+01 1.18636397e-08
4.04500000e+01 1.17991547e-08
4.05000000e+01 1.17352793e-08
4.05500000e+01 1.16720067e-08
4.06000000e+01 1.16093287e-08
4.06500000e+01 1.15472373e-08
4.07000000e+01 1.14857220e-08
4.07500000e+01 1.14247767e-08
4.08000000e+01 1.13643930e-08
4.08500000e+01 1.13045653e-08
4.09000000e+01 1.12452837e-08
4.09500000e+01 1.11865403e-08
4.10000000e+01 1.11283297e-08
4.10500000e+01 1.10706440e-08
4.11000000e+01 1.10134777e-08
4.11500000e+01 1.09568207e-08
4.12000000e+01 1.09006687e-08
4.12500000e+01 1.08450147e-08
4.13000000e+01 1.07898520e-08
4.13500000e+01 1.07351750e-08
4.14000000e+01 1.06809750e-08
4.14500000e+01 1.06272483e-08
4.15000000e+01 1.05739887e-08
4.15500000e+01 1.05211893e-08
4.16000000e+01 1.04688440e-08
4.16500000e+01 1.04169473e-08
4.17000000e+01 1.03654940e-08
4.17500000e+01 1.03144787e-08
4.18000000e+01 1.02638960e-08
4.18500000e+01 1.02137390e-08
4.19000000e+01 1.01640034e-08
4.19500000e+01 1.01146844e-08
4.20000000e+01 1.00657774e-08
4.20500000e+01 1.00172761e-08
4.21000000e+01 9.96917530e-09
4.21500000e+01 9.92147070e-09
4.22000000e+01 9.87415850e-09
4.22500000e+01 9.82723267e-09
4.23000000e+01 9.78068913e-09
4.23500000e+01 9.73452293e-09
4.24000000e+01 9.68872953e-09
4.24500000e+01 9.64330530e-09
4.25000000e+01 9.59824613e-09
4.25500000e+01 9.55354557e-09
4.26000000e+01 9.50920133e-09
4.26500000e+01 9.46520850e-09
4.27000000e+01 9.42156440e-09
4.27500000e+01 9.37826323e-09
4.28000000e+01 9.33530123e-09
4.28500000e+01 9.29267490e-09
4.29000000e+01 9.25038117e-09
4.29500000e+01 9.20841590e-09
4.30000000e+01 9.16677377e-09
4.30500000e+01 9.12545273e-09
4.31000000e+01 9.08444863e-09
4.31500000e+01 9.04375847e-09
4.32000000e+01 9.00337900e-09
4.32500000e+01 8.96330507e-09
4.33000000e+01 8.92353427e-09
4.33500000e+01 8.88406400e-09
4.34000000e+01 8.84489003e-09
4.34500000e+01 8.80600933e-09
4.35000000e+01 8.76741833e-09
4.35500000e+01 8.72911440e-09
4.36000000e+01 8.69109453e-09
4.36500000e+01 8.65335600e-09
4.37000000e+01 8.61589400e-09
4.37500000e+01 8.57870707e-09
4.38000000e+01 8.54179180e-09
4.38500000e+01 8.50514640e-09
4.39000000e+01 8.46876650e-09
4.39500000e+01 8.43264937e-09
4.40000000e+01 8.39679277e-09
4.40500000e+01 8.36119440e-09
4.41000000e+01 8.32585150e-09
4.41500000e+01 8.29075983e-09
4.42000000e+01 8.25591820e-09
4.42500000e+01 8.22132363e-09
4.43000000e+01 8.18697403e-09
4.43500000e+01 8.15286707e-09
4.44000000e+01 8.11899860e-09
4.44500000e+01 8.08536763e-09
4.45000000e+01 8.05197177e-09
4.45500000e+01 8.01880813e-09
4.46000000e+01 7.98587450e-09
4.46500000e+01 7.95316820e-09
4.47000000e+01 7.92068743e-09
4.47500000e+01 7.88843010e-09
4.48000000e+01 7.85639417e-09
4.48500000e+01 7.82457590e-09
4.49000000e+01 7.79297453e-09
4.49500000e+01 7.76158743e-09
4.50000000e+01 7.73041297e-09
4.50500000e+01 7.69944930e-09
4.51000000e+01 7.66869287e-09
4.51500000e+01 7.63814260e-09
4.52000000e+01 7.60779693e-09
4.52500000e+01 7.57765333e-09
4.53000000e+01 7.54770993e-09
4.53500000e+01 7.51796453e-09
4.54000000e+01 7.48841543e-09
4.54500000e+01 7.45906110e-09
4.55000000e+01 7.42989997e-09
4.55500000e+01 7.40092863e-09
4.56000000e+01 7.37214660e-09
4.56500000e+01 7.34355163e-09
4.57000000e+01 7.31514290e-09
4.57500000e+01 7.28691743e-09
4.58000000e+01 7.25887360e-09
4.58500000e+01 7.23101010e-09
4.59000000e+01 7.20332563e-09
4.59500000e+01 7.17581843e-09
4.60000000e+01 7.14848570e-09
4.60500000e+01 7.12132690e-09
4.61000000e+01 7.09434007e-09
4.61500000e+01 7.06752417e-09
4.62000000e+01 7.04087760e-09
4.62500000e+01 7.01439763e-09
4.63000000e+01 6.98808377e-09
4.63500000e+01 6.96193467e-09
4.64000000e+01 6.93594837e-09
4.64500000e+01 6.91012357e-09
4.65000000e+01 6.88445843e-09
4.65500000e+01 6.85895203e-09
4.66000000e+01 6.83360297e-09
4.66500000e+01 6.80841007e-09
4.67000000e+01 6.78337080e-09
4.67500000e+01 6.75848470e-09
4.68000000e+01 6.73375017e-09
4.68500000e+01 6.70916673e-09
4.69000000e+01 6.68473190e-09
4.69500000e+01 6.66044450e-09
4.70000000e+01 6.63630347e-09
4.70500000e+01 6.61230807e-09
4.71000000e+01 6.58845643e-09
4.71500000e+01 6.56474750e-09
4.72000000e+01 6.54117970e-09
4.72500000e+01 6.51775210e-09
4.73000000e+01 6.49446380e-09
4.73500000e+01 6.47131370e-09
4.74000000e+01 6.44829950e-09
4.74500000e+01 6.42542093e-09
4.75000000e+01 6.40267663e-09
4.75500000e+01 6.38006620e-09
4.76000000e+01 6.35758747e-09
4.76500000e+01 6.33523947e-09
4.77000000e+01 6.31302130e-09
4.77500000e+01 6.29093227e-09
4.78000000e+01 6.26897127e-09
4.78500000e+01 6.24713613e-09
4.79000000e+01 6.22542683e-09
4.79500000e+01 6.20384193e-09
4.80000000e+01 6.18238093e-09
4.80500000e+01 6.16104280e-09
4.81000000e+01 6.13982553e-09
4.81500000e+01 6.11872877e-09
4.82000000e+01 6.09775193e-09
4.82500000e+01 6.07689353e-09
4.83000000e+01 6.05615273e-09
4.83500000e+01 6.03552837e-09
4.84000000e+01 6.01501970e-09
4.84500000e+01 5.99462610e-09
4.85000000e+01 5.97434667e-09
4.85500000e+01 5.95417947e-09
4.86000000e+01 5.93412447e-09
4.86500000e+01 5.91418050e-09
4.87000000e+01 5.89434747e-09
4.87500000e+01 5.87462347e-09
4.88000000e+01 5.85500767e-09
4.88500000e+01 5.83549957e-09
4.89000000e+01 5.81609860e-09
4.89500000e+01 5.79680393e-09
4.90000000e+01 5.77761373e-09
4.90500000e+01 5.75852800e-09
4.91000000e+01 5.73954567e-09
4.91500000e+01 5.72066637e-09
4.92000000e+01 5.70188930e-09
4.92500000e+01 5.68321267e-09
4.93000000e+01 5.66463653e-09
4.93500000e+01 5.64615993e-09
4.94000000e+01 5.62778270e-09
4.94500000e+01 5.60950320e-09
4.95000000e+01 5.59132077e-09
4.95500000e+01 5.57323490e-09
4.96000000e+01 5.55524517e-09
4.96500000e+01 5.53735080e-09
4.97000000e+01 5.51955020e-09
4.97500000e+01 5.50184337e-09
4.98000000e+01 5.48422947e-09
4.98500000e+01 5.46670810e-09
4.99000000e+01 5.44927857e-09
4.99500000e+01 5.43193940e-09
5.00000000e+01 5.41469043e-09
5.00500000e+01 5.39753133e-09
5.01000000e+01 5.38046107e-09
5.01500000e+01 5.36347900e-09
5.02000000e+01 5.34658430e-09
5.02500000e+01 5.32977657e-09
5.03000000e+01 5.31305530e-09
5.03500000e+01 5.29642000e-09
5.04000000e+01 5.27986913e-09
5.04500000e+01 5.26340277e-09
5.05000000e+01 5.24702017e-09
5.05500000e+01 5.23072127e-09
5.06000000e+01 5.21450467e-09
5.06500000e+01 5.19836980e-09
5.07000000e+01 5.18231630e-09
5.07500000e+01 5.16634397e-09
5.08000000e+01 5.15045207e-09
5.08500000e+01 5.13463920e-09
5.09000000e+01 5.11890560e-09
5.09500000e+01 5.10325043e-09
5.10000000e+01 5.08767347e-09
5.10500000e+01 5.07217420e-09
5.11000000e+01 5.05675120e-09
5.11500000e+01 5.04140463e-09
5.12000000e+01 5.02613407e-09
5.12500000e+01 5.01093870e-09
5.13000000e+01 4.99581803e-09
5.13500000e+01 4.98077137e-09
5.14000000e+01 4.96579840e-09
5.14500000e+01 5.16478883e-09
5.15000000e+01 5.14925253e-09
5.15500000e+01 5.55872143e-09
5.16000000e+01 5.54193050e-09
5.16500000e+01 5.52522160e-09
5.17000000e+01 5.71521343e-09
5.17500000e+01 5.69798713e-09
5.18000000e+01 5.88428370e-09
5.18500000e+01 5.86655687e-09
5.19000000e+01 6.26054443e-09
5.19500000e+01 6.24164437e-09
5.20000000e+01 6.22283603e-09
5.20500000e+01 6.40072203e-09
5.21000000e+01 6.38145530e-09
5.21500000e+01 6.55589527e-09
5.22000000e+01 6.74523980e-09
5.22500000e+01 6.72494970e-09
5.23000000e+01 6.89480590e-09
5.23500000e+01 6.87409743e-09
5.24000000e+01 7.04067007e-09
5.24500000e+01 7.01955843e-09
5.25000000e+01 6.99854660e-09
5.25500000e+01 7.36760407e-09
5.26000000e+01 7.34554703e-09
5.26500000e+01 7.50460473e-09
5.27000000e+01 7.48217913e-09
5.27500000e+01 7.63817047e-09
5.28000000e+01 7.61539073e-09
5.28500000e+01 7.59271840e-09
5.29000000e+01 7.94868763e-09
5.29500000e+01 7.92503260e-09
5.30000000e+01 8.07398617e-09
5.30500000e+01 8.05001103e-09
5.31000000e+01 8.02614743e-09
5.31500000e+01 8.17181527e-09
5.32000000e+01 8.14764237e-09
5.32500000e+01 8.29051440e-09
5.33000000e+01 8.46618133e-09
5.33500000e+01 8.44120320e-09
5.34000000e+01 8.58030027e-09
5.34500000e+01 8.55504350e-09
5.35000000e+01 8.69147317e-09
5.35500000e+01 8.66594943e-09
5.36000000e+01 8.64054293e-09
5.36500000e+01 8.97155753e-09
5.37000000e+01 8.94528703e-09
5.37500000e+01 9.07555457e-09
5.38000000e+01 9.04904363e-09
5.38500000e+01 9.02265280e-09
5.39000000e+01 9.15007403e-09
5.39500000e+01 9.12345367e-09
5.40000000e+01 9.09695443e-09
5.40500000e+01 9.41610507e-09
5.41000000e+01 9.38879460e-09
5.41500000e+01 9.51045387e-09
5.42000000e+01 9.48293863e-09
5.42500000e+01 9.45554803e-09
5.43000000e+01 9.57456130e-09
5.43500000e+01 9.54697460e-09
5.44000000e+01 9.66371413e-09
5.44500000e+01 9.82749427e-09
5.45000000e+01 9.79927047e-09
5.45500000e+01 9.91289107e-09
5.46000000e+01 9.88449430e-09
5.46500000e+01 9.85622260e-09
5.47000000e+01 9.96738217e-09
5.47500000e+01 9.93894677e-09
5.48000000e+01 1.00479849e-08
5.48500000e+01 1.02081013e-08
5.49000000e+01 1.01790760e-08
5.49500000e+01 1.02851860e-08
5.50000000e+01 1.02560170e-08
5.50500000e+01 1.02269753e-08
5.51000000e+01 1.03307930e-08
5.51500000e+01 1.03016147e-08
5.52000000e+01 1.04034527e-08
5.52500000e+01 1.03741440e-08
5.53000000e+01 1.05303903e-08
5.53500000e+01 1.06294763e-08
5.54000000e+01 1.05996340e-08
5.54500000e+01 1.05699207e-08
5.55000000e+01 1.06668727e-08
5.55500000e+01 1.06370467e-08
5.56000000e+01 1.07321490e-08
5.56500000e+01 1.07022197e-08
5.57000000e+01 1.08552197e-08
5.57500000e+01 1.09477333e-08
5.58000000e+01 1.09173073e-08
5.58500000e+01 1.08870123e-08
5.59000000e+01 1.09775393e-08
5.59500000e+01 1.09471540e-08
5.60000000e+01 1.09168997e-08
5.60500000e+01 1.10054820e-08
5.61000000e+01 1.09751447e-08
5.61500000e+01 1.12417787e-08
5.62000000e+01 1.12108520e-08
5.62500000e+01 1.11800553e-08
5.63000000e+01 1.12645627e-08
5.63500000e+01 1.12336990e-08
5.64000000e+01 1.12029643e-08
5.64500000e+01 1.12856607e-08
5.65000000e+01 1.12548633e-08
5.65500000e+01 1.12241943e-08
5.66000000e+01 1.13051217e-08
5.66500000e+01 1.14507167e-08
5.67000000e+01 1.14196230e-08
5.67500000e+01 1.14983117e-08
5.68000000e+01 1.14671697e-08
5.68500000e+01 1.15443487e-08
5.69000000e+01 1.15131610e-08
5.69500000e+01 1.14821013e-08
5.70000000e+01 1.15576290e-08
5.70500000e+01 1.15265310e-08
5.71000000e+01 1.16690847e-08
5.71500000e+01 1.17425027e-08
5.72000000e+01 1.17110157e-08
5.72500000e+01 1.16796593e-08
5.73000000e+01 1.17515063e-08
5.73500000e+01 1.17201197e-08
5.74000000e+01 1.16888613e-08
5.74500000e+01 1.17591727e-08
5.75000000e+01 1.17278903e-08
5.75500000e+01 1.16967340e-08
5.76000000e+01 1.19358973e-08
5.76500000e+01 1.19042550e-08
5.77000000e+01 1.18727407e-08
5.77500000e+01 1.19396057e-08
5.78000000e+01 1.19080763e-08
5.78500000e+01 1.18766743e-08
5.79000000e+01 1.19421087e-08
5.79500000e+01 1.19106967e-08
5.80000000e+01 1.18794090e-08
5.80500000e+01 1.19434443e-08
5.81000000e+01 1.20794807e-08
5.81500000e+01 1.21418123e-08
5.82000000e+01 1.21100667e-08
5.82500000e+01 1.20784450e-08
5.83000000e+01 1.21394410e-08
5.83500000e+01 1.21078223e-08
5.84000000e+01 1.20763283e-08
5.84500000e+01 1.21360197e-08
5.85000000e+01 1.21045303e-08
5.85500000e+01 1.20731643e-08
5.86000000e+01 1.22959913e-08
5.86500000e+01 1.22641970e-08
5.87000000e+01 1.22325280e-08
5.87500000e+01 1.22892443e-08
5.88000000e+01 1.22575880e-08
5.88500000e+01 1.22260560e-08
5.89000000e+01 1.22815560e-08
5.89500000e+01 1.22500403e-08
5.90000000e+01 1.22186453e-08
5.90500000e+01 1.22729540e-08
5.91000000e+01 1.22415787e-08
5.91500000e+01 1.23715297e-08
5.92000000e+01 1.24242383e-08
5.92500000e+01 1.23925840e-08
5.93000000e+01 1.23610513e-08
5.93500000e+01 1.24126273e-08
5.94000000e+01 1.23811200e-08
5.94500000e+01 1.23497347e-08
5.95000000e+01 1.23184683e-08
5.95500000e+01 1.23688410e-08
5.96000000e+01 1.23376033e-08
5.96500000e+01 1.23064837e-08
5.97000000e+01 1.25138933e-08
5.97500000e+01 1.24823950e-08
5.98000000e+01 1.24510180e-08
5.98500000e+01 1.24988290e-08
5.99000000e+01 1.24674850e-08
5.99500000e+01 1.24362593e-08
6.00000000e+01 1.24830387e-08
6.00500000e+01 1.24518503e-08
6.01000000e+01 1.24207783e-08
6.01500000e+01 1.24665463e-08
6.02000000e+01 1.24355113e-08
6.02500000e+01 1.25597740e-08
6.03000000e+01 1.26041477e-08
6.03500000e+01 1.25728740e-08
6.04000000e+01 1.25417183e-08
6.04500000e+01 1.25851290e-08
6.05000000e+01 1.25540170e-08
6.05500000e+01 1.25230207e-08
6.06000000e+01 1.25654870e-08
6.06500000e+01 1.25345353e-08
6.07000000e+01 1.25036977e-08
6.07500000e+01 1.25452433e-08
6.08000000e+01 1.26668020e-08
6.08500000e+01 1.26357430e-08
6.09000000e+01 1.26047973e-08
6.09500000e+01 1.26449813e-08
6.10000000e+01 1.26140873e-08
6.10500000e+01 1.25833047e-08
6.11000000e+01 1.26226107e-08
6.11500000e+01 1.25918800e-08
6.12000000e+01 1.25612627e-08
6.12500000e+01 1.25997097e-08
6.13000000e+01 1.25691423e-08
6.13500000e+01 1.25386863e-08
6.14000000e+01 1.27255603e-08
6.14500000e+01 1.26947900e-08
6.15000000e+01 1.26641293e-08
6.15500000e+01 1.27005340e-08
6.16000000e+01 1.26699320e-08
6.16500000e+01 1.26394387e-08
6.17000000e+01 1.26090573e-08
6.17500000e+01 1.26446063e-08
6.18000000e+01 1.26142810e-08
6.18500000e+01 1.25840653e-08
6.19000000e+01 1.26188323e-08
6.19500000e+01 1.25886733e-08
6.20000000e+01 1.25586227e-08
6.20500000e+01 1.27385853e-08
6.21000000e+01 1.27082403e-08
6.21500000e+01 1.26780017e-08
6.22000000e+01 1.27108857e-08
6.22500000e+01 1.26807090e-08
6.23000000e+01 1.26506390e-08
6.23500000e+01 1.26206770e-08
6.24000000e+01 1.26527860e-08
6.24500000e+01 1.26228847e-08
6.25000000e+01 1.25930900e-08
6.25500000e+01 1.26244830e-08
6.26000000e+01 1.25947527e-08
6.26500000e+01 1.27082920e-08
6.27000000e+01 1.27386310e-08
6.27500000e+01 1.27087250e-08
6.28000000e+01 1.26789253e-08
6.28500000e+01 1.26492287e-08
6.29000000e+01 1.26788473e-08
6.29500000e+01 1.26492177e-08
6.30000000e+01 1.26196917e-08
6.30500000e+01 1.26486437e-08
6.31000000e+01 1.26191830e-08
6.31500000e+01 1.25898260e-08
6.32000000e+01 1.26181247e-08
6.32500000e+01 1.25888343e-08
6.33000000e+01 1.26997913e-08
6.33500000e+01 1.26703730e-08
6.34000000e+01 1.26976603e-08
6.34500000e+01 1.26683097e-08
6.35000000e+01 1.26390607e-08
6.35500000e+01 1.26657253e-08
6.36000000e+01 1.26365467e-08
6.36500000e+01 1.26074683e-08
6.37000000e+01 1.25784887e-08
6.37500000e+01 1.26045147e-08
6.38000000e+01 1.25756060e-08
6.38500000e+01 1.25467953e-08
6.39000000e+01 1.25722263e-08
6.39500000e+01 1.26807480e-08
6.40000000e+01 1.26517860e-08
6.40500000e+01 1.26763047e-08
6.41000000e+01 1.26474160e-08
6.41500000e+01 1.26186250e-08
6.42000000e+01 1.25899307e-08
6.42500000e+01 1.26138563e-08
6.43000000e+01 1.25852360e-08
6.43500000e+01 1.25567120e-08
6.44000000e+01 1.25800820e-08
6.44500000e+01 1.25516297e-08
6.45000000e+01 1.25232730e-08
6.45500000e+01 1.24950127e-08
6.46000000e+01 1.25178163e-08
6.46500000e+01 1.26238243e-08
6.47000000e+01 1.25954227e-08
6.47500000e+01 1.26173793e-08
6.48000000e+01 1.25890537e-08
6.48500000e+01 1.25608200e-08
6.49000000e+01 1.25326810e-08
6.49500000e+01 1.25540993e-08
6.50000000e+01 1.25260357e-08
6.50500000e+01 1.24980643e-08
6.51000000e+01 1.25189757e-08
6.51500000e+01 1.24910787e-08
6.52000000e+01 1.24632753e-08
6.52500000e+01 1.24355637e-08
6.53000000e+01 1.24559603e-08
6.53500000e+01 1.25595970e-08
6.54000000e+01 1.25317533e-08
6.54500000e+01 1.25513613e-08
6.55000000e+01 1.25235943e-08
6.55500000e+01 1.24959173e-08
6.56000000e+01 1.24683317e-08
6.56500000e+01 1.24874527e-08
6.57000000e+01 1.24599443e-08
6.57500000e+01 1.24325243e-08
6.58000000e+01 1.24051937e-08
6.58500000e+01 1.24238367e-08
6.59000000e+01 1.23965813e-08
6.59500000e+01 1.23694157e-08
6.60000000e+01 1.23876067e-08
6.60500000e+01 1.23605153e-08
6.61000000e+01 1.24617140e-08
6.61500000e+01 1.24345130e-08
6.62000000e+01 1.24519580e-08
6.62500000e+01 1.24248340e-08
6.63000000e+01 1.23977977e-08
6.63500000e+01 1.24148093e-08
6.64000000e+01 1.23878517e-08
6.64500000e+01 1.23609783e-08
6.65000000e+01 1.23341923e-08
6.65500000e+01 1.23507717e-08
6.66000000e+01 1.23240623e-08
6.66500000e+01 1.22974387e-08
6.67000000e+01 1.22708997e-08
6.67500000e+01 1.22870570e-08
6.68000000e+01 1.22605927e-08
6.68500000e+01 1.23594887e-08
6.69000000e+01 1.23749600e-08
6.69500000e+01 1.23483840e-08
6.70000000e+01 1.23218920e-08
6.70500000e+01 1.22954843e-08
6.71000000e+01 1.23105560e-08
6.71500000e+01 1.22842250e-08
6.72000000e+01 1.22579770e-08
6.72500000e+01 1.22318123e-08
6.73000000e+01 1.22464923e-08
6.73500000e+01 1.22204047e-08
6.74000000e+01 1.21943987e-08
6.74500000e+01 1.22087000e-08
6.75000000e+01 1.21827713e-08
6.75500000e+01 1.21569240e-08
6.76000000e+01 1.22536417e-08
6.76500000e+01 1.22672983e-08
6.77000000e+01 1.22413443e-08
6.77500000e+01 1.22154703e-08
6.78000000e+01 1.21896793e-08
6.78500000e+01 1.22029730e-08
6.79000000e+01 1.21772577e-08
6.79500000e+01 1.21516227e-08
6.80000000e+01 1.21260677e-08
6.80500000e+01 1.21390073e-08
6.81000000e+01 1.21135280e-08
6.81500000e+01 1.20881273e-08
6.82000000e+01 1.21007223e-08
6.82500000e+01 1.20753997e-08
6.83000000e+01 1.20501537e-08
6.83500000e+01 1.20249857e-08
6.84000000e+01 1.21568050e-08
6.84500000e+01 1.21314610e-08
6.85000000e+01 1.21061947e-08
6.85500000e+01 1.20810043e-08
6.86000000e+01 1.20926707e-08
6.86500000e+01 1.20675563e-08
6.87000000e+01 1.20425217e-08
6.87500000e+01 1.20175613e-08
6.88000000e+01 1.20289063e-08
6.88500000e+01 1.20040223e-08
6.89000000e+01 1.19792147e-08
6.89500000e+01 1.19544837e-08
6.90000000e+01 1.19655150e-08
6.90500000e+01 1.19408577e-08
6.91000000e+01 1.19162767e-08
6.91500000e+01 1.18917693e-08
6.92000000e+01 1.19024930e-08
6.92500000e+01 1.19946093e-08
6.93000000e+01 1.19700087e-08
6.93500000e+01 1.19801840e-08
6.94000000e+01 1.19556590e-08
6.94500000e+01 1.19312077e-08
6.95000000e+01 1.19068303e-08
6.95500000e+01 1.19167140e-08
6.96000000e+01 1.18924123e-08
6.96500000e+01 1.18681837e-08
6.97000000e+01 1.18440267e-08
6.97500000e+01 1.18536263e-08
6.98000000e+01 1.18295453e-08
6.98500000e+01 1.18055357e-08
6.99000000e+01 1.17815983e-08
6.99500000e+01 1.17909197e-08
7.00000000e+01 1.17670570e-08
7.00500000e+01 1.18571820e-08
7.01000000e+01 1.18332273e-08
7.01500000e+01 1.18420387e-08
7.02000000e+01 1.18181577e-08
7.02500000e+01 1.17943483e-08
7.03000000e+01 1.17706107e-08
7.03500000e+01 1.17791593e-08
7.04000000e+01 1.17554950e-08
7.04500000e+01 1.17318997e-08
7.05000000e+01 1.17083750e-08
7.05500000e+01 1.17166663e-08
7.06000000e+01 1.16932157e-08
7.06500000e+01 1.16698337e-08
7.07000000e+01 1.16465203e-08
7.07500000e+01 1.16545610e-08
7.08000000e+01 1.16313220e-08
7.08500000e+01 1.16081493e-08
7.09000000e+01 1.15850457e-08
7.09500000e+01 1.17037947e-08
7.10000000e+01 1.16805397e-08
7.10500000e+01 1.16573523e-08
7.11000000e+01 1.16342327e-08
7.11500000e+01 1.16415587e-08
7.12000000e+01 1.16185130e-08
7.12500000e+01 1.15955343e-08
7.13000000e+01 1.15726213e-08
7.13500000e+01 1.15797150e-08
7.14000000e+01 1.15568753e-08
7.14500000e+01 1.15341010e-08
7.15000000e+01 1.15113940e-08
7.15500000e+01 1.15182600e-08
7.16000000e+01 1.14956240e-08
7.16500000e+01 1.14730547e-08
7.17000000e+01 1.14505493e-08
7.17500000e+01 1.14571937e-08
7.18000000e+01 1.14347597e-08
7.18500000e+01 1.15205400e-08
7.19000000e+01 1.14980197e-08
7.19500000e+01 1.15042290e-08
7.20000000e+01 1.14817807e-08
7.20500000e+01 1.14593973e-08
7.21000000e+01 1.14370773e-08
7.21500000e+01 1.14430763e-08
7.22000000e+01 1.14208280e-08
7.22500000e+01 1.13986437e-08
7.23000000e+01 1.13765220e-08
7.23500000e+01 1.13544637e-08
7.24000000e+01 1.13602650e-08
7.24500000e+01 1.13382767e-08
7.25000000e+01 1.13163513e-08
7.25500000e+01 1.12944880e-08
7.26000000e+01 1.13000883e-08
7.26500000e+01 1.12782950e-08
7.27000000e+01 1.12565630e-08
7.27500000e+01 1.13403773e-08
7.28000000e+01 1.13455703e-08
7.28500000e+01 1.13237650e-08
7.29000000e+01 1.13020193e-08
7.29500000e+01 1.12803350e-08
7.30000000e+01 1.12853383e-08
7.30500000e+01 1.12637253e-08
7.31000000e+01 1.12421727e-08
7.31500000e+01 1.12206790e-08
7.32000000e+01 1.12254980e-08
7.32500000e+01 1.12040737e-08
7.33000000e+01 1.11827097e-08
7.33500000e+01 1.11614057e-08
7.34000000e+01 1.11401610e-08
7.34500000e+01 1.11448073e-08
7.35000000e+01 1.11236317e-08
7.35500000e+01 1.11025140e-08
7.36000000e+01 1.10814557e-08
7.36500000e+01 1.10859247e-08
7.37000000e+01 1.11676827e-08
7.37500000e+01 1.11465523e-08
7.38000000e+01 1.11254817e-08
7.38500000e+01 1.11295770e-08
7.39000000e+01 1.11085730e-08
7.39500000e+01 1.10876270e-08
7.40000000e+01 1.10667407e-08
7.40500000e+01 1.10706693e-08
7.41000000e+01 1.10498497e-08
7.41500000e+01 1.10290867e-08
7.42000000e+01 1.10083803e-08
7.42500000e+01 1.09877323e-08
7.43000000e+01 1.09915073e-08
7.43500000e+01 1.09709253e-08
7.44000000e+01 1.09503997e-08
7.44500000e+01 1.09299303e-08
7.45000000e+01 1.09335467e-08
7.45500000e+01 1.09131430e-08
7.46000000e+01 1.08927953e-08
7.46500000e+01 1.08725030e-08
7.47000000e+01 1.09759283e-08
7.47500000e+01 1.09555123e-08
7.48000000e+01 1.09351527e-08
7.48500000e+01 1.09148473e-08
7.49000000e+01 1.08945980e-08
7.49500000e+01 1.08977260e-08
7.50000000e+01 1.08775417e-08
7.50500000e+01 1.08574123e-08
7.51000000e+01 1.08373377e-08
7.51500000e+01 1.08403177e-08
7.52000000e+01 1.08203080e-08
7.52500000e+01 1.08003520e-08
7.53000000e+01 1.07804500e-08
7.53500000e+01 1.07832863e-08
7.54000000e+01 1.07634483e-08
7.54500000e+01 1.07436653e-08
7.55000000e+01 1.07239343e-08
7.55500000e+01 1.07042560e-08
7.56000000e+01 1.07069617e-08
7.56500000e+01 1.06873487e-08
7.57000000e+01 1.07651173e-08
7.57500000e+01 1.07454270e-08
7.58000000e+01 1.07478113e-08
7.58500000e+01 1.07281857e-08
7.59000000e+01 1.07086130e-08
7.59500000e+01 1.06890910e-08
7.60000000e+01 1.06696210e-08
7.60500000e+01 1.06718843e-08
7.61000000e+01 1.06524790e-08
7.61500000e+01 1.06331237e-08
7.62000000e+01 1.06138197e-08
7.62500000e+01 1.06159543e-08
7.63000000e+01 1.05967140e-08
7.63500000e+01 1.05775243e-08
7.64000000e+01 1.05583850e-08
7.64500000e+01 1.05392963e-08
7.65000000e+01 1.05413150e-08
7.65500000e+01 1.05222887e-08
7.66000000e+01 1.05033113e-08
7.66500000e+01 1.04843847e-08
7.67000000e+01 1.05811100e-08
7.67500000e+01 1.05620717e-08
7.68000000e+01 1.05430833e-08
7.68500000e+01 1.05241447e-08
7.69000000e+01 1.05052557e-08
7.69500000e+01 1.05068667e-08
7.70000000e+01 1.04880393e-08
7.70500000e+01 1.04692603e-08
7.71000000e+01 1.04505307e-08
7.71500000e+01 1.04520253e-08
7.72000000e+01 1.04333573e-08
7.72500000e+01 1.04147373e-08
7.73000000e+01 1.03961660e-08
7.73500000e+01 1.03776427e-08
7.74000000e+01 1.03790353e-08
7.74500000e+01 1.03605727e-08
7.75000000e+01 1.03421573e-08
7.75500000e+01 1.03237893e-08
7.76000000e+01 1.03054693e-08
7.76500000e+01 1.03067630e-08
7.77000000e+01 1.02885027e-08
7.77500000e+01 1.02702893e-08
7.78000000e+01 1.03442503e-08
7.78500000e+01 1.03452663e-08
7.79000000e+01 1.03269937e-08
7.79500000e+01 1.03087687e-08
7.80000000e+01 1.02905903e-08
7.80500000e+01 1.02724577e-08
7.81000000e+01 1.02733817e-08
7.81500000e+01 1.02553097e-08
7.82000000e+01 1.02372830e-08
7.82500000e+01 1.02193023e-08
7.83000000e+01 1.02013677e-08
7.83500000e+01 1.02022020e-08
7.84000000e+01 1.01843262e-08
7.84500000e+01 1.01664948e-08
7.85000000e+01 1.01487094e-08
7.85500000e+01 1.01494437e-08
7.86000000e+01 1.01317166e-08
7.86500000e+01 1.01140339e-08
7.87000000e+01 1.00963961e-08
7.87500000e+01 1.00788034e-08
7.88000000e+01 1.00794524e-08
7.88500000e+01 1.00619167e-08
7.89000000e+01 1.01339940e-08
7.89500000e+01 1.01163883e-08
7.90000000e+01 1.00988269e-08
7.90500000e+01 1.00992336e-08
7.91000000e+01 1.00817303e-08
7.91500000e+01 1.00642705e-08
7.92000000e+01 1.00468545e-08
7.92500000e+01 1.00294827e-08
7.93000000e+01 1.00298095e-08
7.93500000e+01 1.00124944e-08
7.94000000e+01 9.99522223e-09
7.94500000e+01 9.97799317e-09
7.95000000e+01 9.97823047e-09
7.95500000e+01 9.96105787e-09
7.96000000e+01 9.94392853e-09
7.96500000e+01 9.92684060e-09
7.97000000e+01 9.90979603e-09
7.97500000e+01 9.90995850e-09
7.98000000e+01 9.89296957e-09
7.98500000e+01 9.87602210e-09
7.99000000e+01 9.85911707e-09
7.99500000e+01 9.84225397e-09
8.00000000e+01 9.84234373e-09
