-2.00000000e+01 6.11093177e-08
-1.99500000e+01 6.13819440e-08
-1.99000000e+01 6.16568220e-08
-1.98500000e+01 6.19339737e-08
-1.98000000e+01 6.22134270e-08
-1.97500000e+01 6.24952053e-08
-1.97000000e+01 6.27793550e-08
-1.96500000e+01 6.30659057e-08
-1.96000000e+01 6.33548837e-08
-1.95500000e+01 6.36463243e-08
-1.95000000e+01 6.39402483e-08
-1.94500000e+01 6.42367163e-08
-1.94000000e+01 6.45357493e-08
-1.93500000e+01 6.48373820e-08
-1.93000000e+01 6.51416467e-08
-1.92500000e+01 6.54485833e-08
-1.92000000e+01 6.57582407e-08
-1.91500000e+01 6.60706480e-08
-1.91000000e+01 6.63858467e-08
-1.90500000e+01 6.67038647e-08
-1.90000000e+01 6.70247617e-08
-1.89500000e+01 6.73485753e-08
-1.89000000e+01 6.76753457e-08
-1.88500000e+01 6.80051150e-08
-1.88000000e+01 6.83379157e-08
-1.87500000e+01 6.86738217e-08
-1.87000000e+01 6.90128653e-08
-1.86500000e+01 6.93550917e-08
-1.86000000e+01 6.97005453e-08
-1.85500000e+01 7.00492800e-08
-1.85000000e+01 7.04013580e-08
-1.84500000e+01 7.07568203e-08
-1.84000000e+01 7.11157213e-08
-1.83500000e+01 7.14781067e-08
-1.83000000e+01 7.18440467e-08
-1.82500000e+01 7.22135963e-08
-1.82000000e+01 7.25868097e-08
-1.81500000e+01 7.29637387e-08
-1.81000000e+01 7.33444507e-08
-1.80500000e+01 7.37290183e-08
-1.80000000e+01 7.41174980e-08
-1.79500000e+01 7.45099503e-08
-1.79000000e+01 7.49064337e-08
-1.78500000e+01 7.53070377e-08
-1.78000000e+01 7.57118273e-08
-1.77500000e+01 7.61208687e-08
-1.77000000e+01 7.65342370e-08
-1.76500000e+01 7.69519923e-08
-1.76000000e+01 7.73742463e-08
-1.75500000e+01 7.78010590e-08
-1.75000000e+01 7.82325117e-08
-1.74500000e+01 7.86686820e-08
-1.74000000e+01 7.91096607e-08
-1.73500000e+01 7.95555487e-08
-1.73000000e+01 8.00064240e-08
-1.72500000e+01 8.04623833e-08
-1.72000000e+01 8.09235040e-08
-1.71500000e+01 8.13899097e-08
-1.71000000e+01 8.18616950e-08
-1.70500000e+01 8.23389583e-08
-1.70000000e+01 8.28218057e-08
-1.69500000e+01 8.33103280e-08
-1.69000000e+01 8.38046767e-08
-1.68500000e+01 8.43049467e-08
-1.68000000e+01 8.48112537e-08
-1.67500000e+01 8.53237153e-08
-1.67000000e+01 8.58424620e-08
-1.66500000e+01 8.63676373e-08
-1.66000000e+01 8.68993603e-08
-1.65500000e+01 8.74377697e-08
-1.65000000e+01 8.79829887e-08
-1.64500000e+01 8.85352033e-08
-1.64000000e+01 8.90945397e-08
-1.63500000e+01 8.96611543e-08
-1.63000000e+01 9.02351950e-08
-1.62500000e+01 9.08168373e-08
-1.62000000e+01 9.14062647e-08
-1.61500000e+01 9.20036363e-08
-1.61000000e+01 9.26091377e-08
-1.60500000e+01 9.32229350e-08
-1.60000000e+01 9.38452527e-08
-1.59500000e+01 9.44762827e-08
-1.59000000e+01 9.51162217e-08
-1.58500000e+01 9.57652863e-08
-1.58000000e+01 9.64236740e-08
-1.57500000e+01 9.70916627e-08
-1.57000000e+01 9.77694587e-08
-1.56500000e+01 9.84573030e-08
-1.56000000e+01 9.91554437e-08
-1.55500000e+01 9.98641500e-08
-1.55000000e+01 1.00583712e-07
-1.54500000e+01 1.01314389e-07
-1.54000000e+01 1.02056482e-07
-1.53500000e+01 1.02810269e-07
-1.53000000e+01 1.03576095e-07
-1.52500000e+01 1.04354283e-07
-1.52000000e+01 1.05145163e-07
-1.51500000e+01 1.05949080e-07
-1.51000000e+01 1.06766390e-07
-1.50500000e+01 1.07597513e-07
-1.50000000e+01 1.08442823e-07
-1.49500000e+01 1.09302717e-07
-1.49000000e+01 1.10177633e-07
-1.48500000e+01 1.11068013e-07
-1.48000000e+01 1.11974350e-07
-1.47500000e+01 1.12897093e-07
-1.47000000e+01 1.13836760e-07
-1.46500000e+01 1.14793850e-07
-1.46000000e+01 1.15768977e-07
-1.45500000e+01 1.16762670e-07
-1.45000000e+01 1.17775540e-07
-1.44500000e+01 1.18808193e-07
-1.44000000e+01 1.19861293e-07
-1.43500000e+01 1.20935567e-07
-1.43000000e+01 1.22031697e-07
-1.42500000e+01 1.23150440e-07
-1.42000000e+01 1.24292563e-07
-1.41500000e+01 1.25458933e-07
-1.41000000e+01 1.26650407e-07
-1.40500000e+01 1.27867883e-07
-1.40000000e+01 1.29112330e-07
-1.39500000e+01 1.30384710e-07
-1.39000000e+01 1.31686157e-07
-1.38500000e+01 1.33017743e-07
-1.38000000e+01 1.34380643e-07
-1.37500000e+01 1.35776063e-07
-1.37000000e+01 1.37205337e-07
-1.36500000e+01 1.38669853e-07
-1.36000000e+01 1.40171043e-07
-1.35500000e+01 1.41710437e-07
-1.35000000e+01 1.43289617e-07
-1.34500000e+01 1.44910363e-07
-1.34000000e+01 1.46574473e-07
-1.33500000e+01 1.48283853e-07
-1.33000000e+01 1.50040520e-07
-1.32500000e+01 1.51846667e-07
-1.32000000e+01 1.53704617e-07
-1.31500000e+01 1.55616793e-07
-1.31000000e+01 1.57585763e-07
-1.30500000e+01 1.59614300e-07
-1.30000000e+01 1.61705397e-07
-1.29500000e+01 1.63862193e-07
-1.29000000e+01 1.66088023e-07
-1.28500000e+01 1.68386487e-07
-1.28000000e+01 1.70761380e-07
-1.27500000e+01 1.73216943e-07
-1.27000000e+01 1.75757503e-07
-1.26500000e+01 1.78387793e-07
-1.26000000e+01 1.81112890e-07
-1.25500000e+01 1.83938273e-07
-1.25000000e+01 1.86869893e-07
-1.24500000e+01 1.89914047e-07
-1.24000000e+01 1.93077583e-07
-1.23500000e+01 1.96367870e-07
-1.23000000e+01 1.99793017e-07
-1.22500000e+01 2.03361653e-07
-1.22000000e+01 2.07083203e-07
-1.21500000e+01 2.10967870e-07
-1.21000000e+01 2.15026717e-07
-1.20500000e+01 2.19272047e-07
-1.20000000e+01 2.23716997e-07
-1.19500000e+01 2.28375970e-07
-1.19000000e+01 2.33264760e-07
-1.18500000e+01 2.38400740e-07
-1.18000000e+01 2.43803007e-07
-1.17500000e+01 2.49492413e-07
-1.17000000e+01 2.55491970e-07
-1.16500000e+01 2.61827130e-07
-1.16000000e+01 2.68526110e-07
-1.15500000e+01 2.75620047e-07
-1.15000000e+01 2.83143497e-07
-1.14500000e+01 2.91134820e-07
-1.14000000e+01 2.99636960e-07
-1.13500000e+01 3.08697923e-07
-1.13000000e+01 3.18371177e-07
-1.12500000e+01 3.28716623e-07
-1.12000000e+01 3.39801880e-07
-1.11500000e+01 3.51703117e-07
-1.11000000e+01 3.64506177e-07
-1.10500000e+01 3.78308130e-07
-1.10000000e+01 3.93219207e-07
-1.09500000e+01 4.09364497e-07
-1.09000000e+01 4.26887430e-07
-1.08500000e+01 4.45950517e-07
-1.08000000e+01 4.66740340e-07
-1.07500000e+01 4.89470577e-07
-1.07000000e+01 5.14386997e-07
-1.06500000e+01 5.41772330e-07
-1.06000000e+01 5.71951457e-07
-1.05500000e+01 6.05298523e-07
-1.05000000e+01 6.42244770e-07
-1.04500000e+01 6.83286420e-07
-1.04000000e+01 7.28991470e-07
-1.03500000e+01 7.80008637e-07
-1.03000000e+01 8.37072047e-07
-1.02500000e+01 9.01003150e-07
-1.02000000e+01 9.72708267e-07
-1.01500000e+01 1.05315367e-06
-1.01000000e+01 1.14332810e-06
-1.00500000e+01 1.24417353e-06
-1.00000000e+01 1.35645543e-06
-9.95000000e+00 1.48057790e-06
-9.90000000e+00 1.61629520e-06
-9.85000000e+00 1.76233427e-06
-9.80000000e+00 1.91593610e-06
-9.75000000e+00 2.07238537e-06
-9.70000000e+00 2.22468577e-06
-9.65000000e+00 2.36365383e-06
-9.60000000e+00 2.47867997e-06
-9.55000000e+00 2.55929957e-06
-9.50000000e+00 2.59732137e-06
-9.45000000e+00 2.58885017e-06
-9.40000000e+00 2.53535557e-06
-9.35000000e+00 2.44326140e-06
-9.30000000e+00 2.32228253e-06
-9.25000000e+00 2.18322933e-06
-9.20000000e+00 2.03612927e-06
-9.15000000e+00 1.88907767e-06
-9.10000000e+00 1.74787220e-06
-9.05000000e+00 1.61616700e-06
-9.00000000e+00 1.49591693e-06
-8.95000000e+00 1.38783953e-06
-8.90000000e+00 1.29185100e-06
-8.85000000e+00 1.20738480e-06
-8.80000000e+00 1.13362953e-06
-8.75000000e+00 1.06968427e-06
-8.70000000e+00 1.01465069e-06
-8.65000000e+00 9.67685643e-07
-8.60000000e+00 9.28030297e-07
-8.55000000e+00 8.95019850e-07
-8.50000000e+00 8.68080757e-07
-8.45000000e+00 8.46721350e-07
-8.40000000e+00 8.30512340e-07
-8.35000000e+00 8.19064630e-07
-8.30000000e+00 8.11999077e-07
-8.25000000e+00 8.08908263e-07
-8.20000000e+00 8.09315583e-07
-8.15000000e+00 8.12639533e-07
-8.10000000e+00 8.18165267e-07
-8.05000000e+00 8.25051300e-07
-8.00000000e+00 8.32369063e-07
-7.95000000e+00 8.39186097e-07
-7.90000000e+00 8.44675403e-07
-7.85000000e+00 8.48239100e-07
-7.80000000e+00 8.49614397e-07
-7.75000000e+00 8.48937333e-07
-7.70000000e+00 8.46734890e-07
-7.65000000e+00 8.43837933e-07
-7.60000000e+00 8.41238933e-07
-7.55000000e+00 8.39934763e-07
-7.50000000e+00 8.40803313e-07
-7.45000000e+00 8.44530590e-07
-7.40000000e+00 8.51586757e-07
-7.35000000e+00 8.62231907e-07
-7.30000000e+00 8.76535870e-07
-7.25000000e+00 8.94396690e-07
-7.20000000e+00 9.15557127e-07
-7.15000000e+00 9.39616733e-07
-7.10000000e+00 9.66039213e-07
-7.05000000e+00 9.94168790e-07
-7.00000000e+00 1.02326124e-06
-6.95000000e+00 1.05254232e-06
-6.90000000e+00 1.08129235e-06
-6.85000000e+00 1.10893337e-06
-6.80000000e+00 1.13510380e-06
-6.75000000e+00 1.15969477e-06
-6.70000000e+00 1.18284147e-06
-6.65000000e+00 1.20487617e-06
-6.60000000e+00 1.22625423e-06
-6.55000000e+00 1.24748520e-06
-6.50000000e+00 1.26908447e-06
-6.45000000e+00 1.29155447e-06
-6.40000000e+00 1.31537020e-06
-6.35000000e+00 1.34094923e-06
-6.30000000e+00 1.36859717e-06
-6.25000000e+00 1.39844087e-06
-6.20000000e+00 1.43038523e-06
-6.15000000e+00 1.46411743e-06
-6.10000000e+00 1.49917523e-06
-6.05000000e+00 1.53505887e-06
-6.00000000e+00 1.57135977e-06
-5.95000000e+00 1.60786163e-06
-5.90000000e+00 1.64456640e-06
-5.85000000e+00 1.68164317e-06
-5.80000000e+00 1.71931637e-06
-5.75000000e+00 1.75773367e-06
-5.70000000e+00 1.79686003e-06
-5.65000000e+00 1.83642327e-06
-5.60000000e+00 1.87592050e-06
-5.55000000e+00 1.91469447e-06
-5.50000000e+00 1.95204067e-06
-5.45000000e+00 1.98733807e-06
-5.40000000e+00 2.02016143e-06
-5.35000000e+00 2.05035023e-06
-5.30000000e+00 2.07802607e-06
-5.25000000e+00 2.10354183e-06
-5.20000000e+00 2.12739990e-06
-5.15000000e+00 2.15014740e-06
-5.10000000e+00 2.17228107e-06
-5.05000000e+00 2.19418433e-06
-5.00000000e+00 2.21609353e-06
-4.95000000e+00 2.23811420e-06
-4.90000000e+00 2.26025493e-06
-4.85000000e+00 2.28249393e-06
-4.80000000e+00 2.30484507e-06
-4.75000000e+00 2.32741713e-06
-4.70000000e+00 2.35045607e-06
-4.65000000e+00 2.37434770e-06
-4.60000000e+00 2.39960330e-06
-4.55000000e+00 2.42680590e-06
-4.50000000e+00 2.45655663e-06
-4.45000000e+00 2.48942057e-06
-4.40000000e+00 2.52588727e-06
-4.35000000e+00 2.56636237e-06
-4.30000000e+00 2.61116680e-06
-4.25000000e+00 2.66056133e-06
-4.20000000e+00 2.71474863e-06
-4.15000000e+00 2.77387650e-06
-4.10000000e+00 2.83800290e-06
-4.05000000e+00 2.90704583e-06
-4.00000000e+00 2.98072297e-06
-3.95000000e+00 3.05848397e-06
-3.90000000e+00 3.13947543e-06
-3.85000000e+00 3.22252747e-06
-3.80000000e+00 3.30620567e-06
-3.75000000e+00 3.38890320e-06
-3.70000000e+00 3.46899427e-06
-3.65000000e+00 3.54501087e-06
-3.60000000e+00 3.61581953e-06
-3.55000000e+00 3.68076437e-06
-3.50000000e+00 3.73973280e-06
-3.45000000e+00 3.79315320e-06
-3.40000000e+00 3.84188633e-06
-3.35000000e+00 3.88708360e-06
-3.30000000e+00 3.93000307e-06
-3.25000000e+00 3.97185170e-06
-3.20000000e+00 4.01367250e-06
-3.15000000e+00 4.05628843e-06
-3.10000000e+00 4.10032257e-06
-3.05000000e+00 4.14624310e-06
-3.00000000e+00 4.19445847e-06
-2.95000000e+00 4.24539290e-06
-2.90000000e+00 4.29954473e-06
-2.85000000e+00 4.35750313e-06
-2.80000000e+00 4.41990777e-06
-2.75000000e+00 4.48737400e-06
-2.70000000e+00 4.56036557e-06
-2.65000000e+00 4.63907033e-06
-2.60000000e+00 4.72327003e-06
-2.55000000e+00 4.81224390e-06
-2.50000000e+00 4.90472630e-06
-2.45000000e+00 4.99893600e-06
-2.40000000e+00 5.09269860e-06
-2.35000000e+00 5.18365090e-06
-2.30000000e+00 5.26952753e-06
-2.25000000e+00 5.34845940e-06
-2.20000000e+00 5.41926297e-06
-2.15000000e+00 5.48161447e-06
-2.10000000e+00 5.53610417e-06
-2.05000000e+00 5.58413573e-06
-2.00000000e+00 5.62769727e-06
-1.95000000e+00 5.66907960e-06
-1.90000000e+00 5.71056207e-06
-1.85000000e+00 5.75418503e-06
-1.80000000e+00 5.80156367e-06
-1.75000000e+00 5.85382273e-06
-1.70000000e+00 5.91159403e-06
-1.65000000e+00 5.97506480e-06
-1.60000000e+00 6.04406337e-06
-1.55000000e+00 6.11812030e-06
-1.50000000e+00 6.19653410e-06
-1.45000000e+00 6.27836833e-06
-1.40000000e+00 6.36243670e-06
-1.35000000e+00 6.44724553e-06
-1.30000000e+00 6.53093640e-06
-1.25000000e+00 6.61126317e-06
-1.20000000e+00 6.68561857e-06
-1.15000000e+00 6.75117317e-06
-1.10000000e+00 6.80508473e-06
-1.05000000e+00 6.84481200e-06
-1.00000000e+00 6.86844733e-06
-9.50000000e-01 6.87502290e-06
-9.00000000e-01 6.86472443e-06
-8.50000000e-01 6.83893787e-06
-8.00000000e-01 6.80014407e-06
-7.50000000e-01 6.75164223e-06
-7.00000000e-01 6.69718803e-06
-6.50000000e-01 6.64059740e-06
-6.00000000e-01 6.58537620e-06
-5.50000000e-01 6.53444343e-06
-5.00000000e-01 6.48993060e-06
-4.50000000e-01 6.45310430e-06
-4.00000000e-01 6.42435210e-06
-3.50000000e-01 6.40325503e-06
-3.00000000e-01 6.38871080e-06
-2.50000000e-01 6.37909940e-06
-2.00000000e-01 6.37248603e-06
-1.50000000e-01 6.36683180e-06
-1.00000000e-01 6.36020967e-06
-5.00000000e-02 6.35099733e-06
0.00000000e+00 6.33802357e-06
5.00000000e-02 6.32067093e-06
1.00000000e-01 6.29890253e-06
1.50000000e-01 6.27322977e-06
2.00000000e-01 6.24462053e-06
2.50000000e-01 6.21436583e-06
3.00000000e-01 6.18392303e-06
3.50000000e-01 6.15475197e-06
4.00000000e-01 6.12817433e-06
4.50000000e-01 6.10524630e-06
5.00000000e-01 6.08668513e-06
5.50000000e-01 6.07281477e-06
6.00000000e-01 6.06356657e-06
6.50000000e-01 6.05850510e-06
7.00000000e-01 6.05690017e-06
7.50000000e-01 6.05781827e-06
8.00000000e-01 6.06023147e-06
8.50000000e-01 6.06314703e-06
9.00000000e-01 6.06570587e-06
9.50000000e-01 6.06727080e-06
1.00000000e+00 6.06746280e-06
1.05000000e+00 6.06616837e-06
1.10000000e+00 6.06348977e-06
1.15000000e+00 6.05967667e-06
1.20000000e+00 6.05504557e-06
1.25000000e+00 6.04988823e-06
1.30000000e+00 6.04441283e-06
1.35000000e+00 6.03868440e-06
1.40000000e+00 6.03261730e-06
1.45000000e+00 6.02597273e-06
1.50000000e+00 6.01839477e-06
1.55000000e+00 6.00946047e-06
1.60000000e+00 5.99873743e-06
1.65000000e+00 5.98585560e-06
1.70000000e+00 5.97054707e-06
1.75000000e+00 5.95269803e-06
1.80000000e+00 5.93234660e-06
1.85000000e+00 5.90967427e-06
1.90000000e+00 5.88496203e-06
1.95000000e+00 5.85852883e-06
2.00000000e+00 5.83067197e-06
2.05000000e+00 5.80159370e-06
2.10000000e+00 5.77137957e-06
2.15000000e+00 5.73997447e-06
2.20000000e+00 5.70721903e-06
2.25000000e+00 5.67290490e-06
2.30000000e+00 5.63685887e-06
2.35000000e+00 5.59903267e-06
2.40000000e+00 5.55957417e-06
2.45000000e+00 5.51888807e-06
2.50000000e+00 5.47763360e-06
2.55000000e+00 5.43669850e-06
2.60000000e+00 5.39712583e-06
2.65000000e+00 5.36002140e-06
2.70000000e+00 5.32645047e-06
2.75000000e+00 5.29733830e-06
2.80000000e+00 5.27339273e-06
2.85000000e+00 5.25504573e-06
2.90000000e+00 5.24242460e-06
2.95000000e+00 5.23534710e-06
3.00000000e+00 5.23334363e-06
3.05000000e+00 5.23570117e-06
3.10000000e+00 5.24152820e-06
3.15000000e+00 5.24983357e-06
3.20000000e+00 5.25961957e-06
3.25000000e+00 5.26997610e-06
3.30000000e+00 5.28016183e-06
3.35000000e+00 5.28966820e-06
3.40000000e+00 5.29825207e-06
3.45000000e+00 5.30592747e-06
3.50000000e+00 5.31292617e-06
3.55000000e+00 5.31963370e-06
3.60000000e+00 5.32650690e-06
3.65000000e+00 5.33399810e-06
3.70000000e+00 5.34248313e-06
3.75000000e+00 5.35221623e-06
3.80000000e+00 5.36329583e-06
3.85000000e+00 5.37565710e-06
3.90000000e+00 5.38907677e-06
3.95000000e+00 5.40319793e-06
4.00000000e+00 5.41756820e-06
4.05000000e+00 5.43169040e-06
4.10000000e+00 5.44508893e-06
4.15000000e+00 5.45737663e-06
4.20000000e+00 5.46831730e-06
4.25000000e+00 5.47787170e-06
4.30000000e+00 5.48621177e-06
4.35000000e+00 5.49370523e-06
4.40000000e+00 5.50086723e-06
4.45000000e+00 5.50829057e-06
4.50000000e+00 5.51658057e-06
4.55000000e+00 5.52628763e-06
4.60000000e+00 5.53787723e-06
4.65000000e+00 5.55171033e-06
4.70000000e+00 5.56806337e-06
4.75000000e+00 5.58714897e-06
4.80000000e+00 5.60915480e-06
4.85000000e+00 5.63426577e-06
4.90000000e+00 5.66268273e-06
4.95000000e+00 5.69462050e-06
5.00000000e+00 5.73027957e-06
5.05000000e+00 5.76981633e-06
5.10000000e+00 5.81328567e-06
5.15000000e+00 5.86059147e-06
5.20000000e+00 5.91142810e-06
5.25000000e+00 5.96523963e-06
5.30000000e+00 6.02119397e-06
5.35000000e+00 6.07817907e-06
5.40000000e+00 6.13484133e-06
5.45000000e+00 6.18964760e-06
5.50000000e+00 6.24099777e-06
5.55000000e+00 6.28735393e-06
5.60000000e+00 6.32739687e-06
5.65000000e+00 6.36016710e-06
5.70000000e+00 6.38519023e-06
5.75000000e+00 6.40254003e-06
5.80000000e+00 6.41285493e-06
5.85000000e+00 6.41727737e-06
5.90000000e+00 6.41734667e-06
5.95000000e+00 6.41485340e-06
6.00000000e+00 6.41166693e-06
6.05000000e+00 6.40958863e-06
6.10000000e+00 6.41020380e-06
6.15000000e+00 6.41478970e-06
6.20000000e+00 6.42424763e-06
6.25000000e+00 6.43908513e-06
6.30000000e+00 6.45943860e-06
6.35000000e+00 6.48511560e-06
6.40000000e+00 6.51568760e-06
6.45000000e+00 6.55057663e-06
6.50000000e+00 6.58916417e-06
6.55000000e+00 6.63088540e-06
6.60000000e+00 6.67530880e-06
6.65000000e+00 6.72219767e-06
6.70000000e+00 6.77151990e-06
6.75000000e+00 6.82344910e-06
6.80000000e+00 6.87831533e-06
6.85000000e+00 6.93654013e-06
6.90000000e+00 6.99855410e-06
6.95000000e+00 7.06470667e-06
7.00000000e+00 7.13517960e-06
7.05000000e+00 7.20990487e-06
7.10000000e+00 7.28850743e-06
7.15000000e+00 7.37027340e-06
7.20000000e+00 7.45415570e-06
7.25000000e+00 7.53881460e-06
7.30000000e+00 7.62270973e-06
7.35000000e+00 7.70422357e-06
7.40000000e+00 7.78181507e-06
7.45000000e+00 7.85417760e-06
7.50000000e+00 7.92038737e-06
7.55000000e+00 7.98001430e-06
7.60000000e+00 8.03317513e-06
7.65000000e+00 8.08053243e-06
7.70000000e+00 8.12322787e-06
7.75000000e+00 8.16277040e-06
7.80000000e+00 8.20088620e-06
7.85000000e+00 8.23936203e-06
7.90000000e+00 8.27988513e-06
7.95000000e+00 8.32390383e-06
8.00000000e+00 8.37251987e-06
8.05000000e+00 8.42640157e-06
8.10000000e+00 8.48574657e-06
8.15000000e+00 8.55026913e-06
8.20000000e+00 8.61922853e-06
8.25000000e+00 8.69148417e-06
8.30000000e+00 8.76558627e-06
8.35000000e+00 8.83988403e-06
8.40000000e+00 8.91265930e-06
8.45000000e+00 8.98226607e-06
8.50000000e+00 9.04727760e-06
8.55000000e+00 9.10661567e-06
8.60000000e+00 9.15966053e-06
8.65000000e+00 9.20631493e-06
8.70000000e+00 9.24702070e-06
8.75000000e+00 9.28272543e-06
8.80000000e+00 9.31478997e-06
8.85000000e+00 9.34486840e-06
8.90000000e+00 9.37476847e-06
8.95000000e+00 9.40631187e-06
9.00000000e+00 9.44121083e-06
9.05000000e+00 9.48097200e-06
9.10000000e+00 9.52682363e-06
9.15000000e+00 9.57966913e-06
9.20000000e+00 9.64005927e-06
9.25000000e+00 9.70817123e-06
9.30000000e+00 9.78380373e-06
9.35000000e+00 9.86637390e-06
9.40000000e+00 9.95493087e-06
9.45000000e+00 1.00481811e-05
9.50000000e+00 1.01445497e-05
9.55000000e+00 1.02422599e-05
9.60000000e+00 1.03394547e-05
9.65000000e+00 1.04343477e-05
9.70000000e+00 1.05253817e-05
9.75000000e+00 1.06113913e-05
9.80000000e+00 1.06917343e-05
9.85000000e+00 1.07663693e-05
9.90000000e+00 1.08358790e-05
9.95000000e+00 1.09014117e-05
1.00000000e+01 1.09645730e-05
1.00500000e+01 1.10272580e-05
1.01000000e+01 1.10914677e-05
1.01500000e+01 1.11591060e-05
1.02000000e+01 1.12317883e-05
1.02500000e+01 1.13106650e-05
1.03000000e+01 1.13962833e-05
1.03500000e+01 1.14884750e-05
1.04000000e+01 1.15863003e-05
1.04500000e+01 1.16880353e-05
1.05000000e+01 1.17912290e-05
1.05500000e+01 1.18928213e-05
1.06000000e+01 1.19893237e-05
1.06500000e+01 1.20770663e-05
1.07000000e+01 1.21524847e-05
1.07500000e+01 1.22124217e-05
1.08000000e+01 1.22544123e-05
1.08500000e+01 1.22769187e-05
1.09000000e+01 1.22794700e-05
1.09500000e+01 1.22626990e-05
1.10000000e+01 1.22282643e-05
1.10500000e+01 1.21786687e-05
1.11000000e+01 1.21170140e-05
1.11500000e+01 1.20467087e-05
1.12000000e+01 1.19711870e-05
1.12500000e+01 1.18936477e-05
1.13000000e+01 1.18168567e-05
1.13500000e+01 1.17429983e-05
1.14000000e+01 1.16736007e-05
1.14500000e+01 1.16095093e-05
1.15000000e+01 1.15509147e-05
1.15500000e+01 1.14974163e-05
1.16000000e+01 1.14481153e-05
1.16500000e+01 1.14017300e-05
1.17000000e+01 1.13567180e-05
1.17500000e+01 1.13114167e-05
1.18000000e+01 1.12641627e-05
1.18500000e+01 1.12134187e-05
1.19000000e+01 1.11578740e-05
1.19500000e+01 1.10965250e-05
1.20000000e+01 1.10287317e-05
1.20500000e+01 1.09542453e-05
1.21000000e+01 1.08732120e-05
1.21500000e+01 1.07861583e-05
1.22000000e+01 1.06939527e-05
1.22500000e+01 1.05977560e-05
1.23000000e+01 1.04989617e-05
1.23500000e+01 1.03991243e-05
1.24000000e+01 1.02998870e-05
1.24500000e+01 1.02029071e-05
1.25000000e+01 1.01097818e-05
1.25500000e+01 1.00219756e-05
1.26000000e+01 9.94075763e-06
1.26500000e+01 9.86714013e-06
1.27000000e+01 9.80183043e-06
1.27500000e+01 9.74518823e-06
1.28000000e+01 9.69719353e-06
1.28500000e+01 9.65743067e-06
1.29000000e+01 9.62508553e-06
1.29500000e+01 9.59896200e-06
1.30000000e+01 9.57752300e-06
1.30500000e+01 9.55895717e-06
1.31000000e+01 9.54126940e-06
1.31500000e+01 9.52239573e-06
1.32000000e+01 9.50033557e-06
1.32500000e+01 9.47328920e-06
1.33000000e+01 9.43978723e-06
1.33500000e+01 9.39880077e-06
1.34000000e+01 9.34981730e-06
1.34500000e+01 9.29287337e-06
1.35000000e+01 9.22854477e-06
1.35500000e+01 9.15789213e-06
1.36000000e+01 9.08237537e-06
1.36500000e+01 9.00374473e-06
1.37000000e+01 8.92391960e-06
1.37500000e+01 8.84486560e-06
1.38000000e+01 8.76848613e-06
1.38500000e+01 8.69652417e-06
1.39000000e+01 8.63048930e-06
1.39500000e+01 8.57160460e-06
1.40000000e+01 8.52078000e-06
1.40500000e+01 8.47860430e-06
1.41000000e+01 8.44535750e-06
1.41500000e+01 8.42103543e-06
1.42000000e+01 8.40538940e-06
1.42500000e+01 8.39796743e-06
1.43000000e+01 8.39815930e-06
1.43500000e+01 8.40523967e-06
1.44000000e+01 8.41840663e-06
1.44500000e+01 8.43681303e-06
1.45000000e+01 8.45958780e-06
1.45500000e+01 8.48585333e-06
1.46000000e+01 8.51473463e-06
1.46500000e+01 8.54536347e-06
1.47000000e+01 8.57688073e-06
1.47500000e+01 8.60843917e-06
1.48000000e+01 8.63920907e-06
1.48500000e+01 8.66838603e-06
1.49000000e+01 8.69520577e-06
1.49500000e+01 8.71896790e-06
1.50000000e+01 8.73906357e-06
1.50500000e+01 8.75500573e-06
1.51000000e+01 8.76646630e-06
1.51500000e+01 8.77330400e-06
1.52000000e+01 8.77558900e-06
1.52500000e+01 8.77360907e-06
1.53000000e+01 8.76786260e-06
1.53500000e+01 8.75903050e-06
1.54000000e+01 8.74793383e-06
1.54500000e+01 8.73547507e-06
1.55000000e+01 8.72257520e-06
1.55500000e+01 8.71010710e-06
1.56000000e+01 8.69883610e-06
1.56500000e+01 8.68936897e-06
1.57000000e+01 8.68211640e-06
1.57500000e+01 8.67727577e-06
1.58000000e+01 8.67482497e-06
1.58500000e+01 8.67453993e-06
1.59000000e+01 8.67602583e-06
1.59500000e+01 8.67876600e-06
1.60000000e+01 8.68217760e-06
1.60500000e+01 8.68567857e-06
1.61000000e+01 8.68875013e-06
1.61500000e+01 8.69099387e-06
1.62000000e+01 8.69217213e-06
1.62500000e+01 8.69223170e-06
1.63000000e+01 8.69130357e-06
1.63500000e+01 8.68968243e-06
1.64000000e+01 8.68778970e-06
1.64500000e+01 8.68612463e-06
1.65000000e+01 8.68521080e-06
1.65500000e+01 8.68554010e-06
1.66000000e+01 8.68752573e-06
1.66500000e+01 8.69145937e-06
1.67000000e+01 8.69748240e-06
1.67500000e+01 8.70556713e-06
1.68000000e+01 8.71551753e-06
1.68500000e+01 8.72698127e-06
1.69000000e+01 8.73948657e-06
1.69500000e+01 8.75249040e-06
1.70000000e+01 8.76544573e-06
1.70500000e+01 8.77787343e-06
1.71000000e+01 8.78943557e-06
1.71500000e+01 8.79999470e-06
1.72000000e+01 8.80965523e-06
1.72500000e+01 8.81877293e-06
1.73000000e+01 8.82793333e-06
1.73500000e+01 8.83790193e-06
1.74000000e+01 8.84954977e-06
1.74500000e+01 8.86376500e-06
1.75000000e+01 8.88136087e-06
1.75500000e+01 8.90299117e-06
1.76000000e+01 8.92907570e-06
1.76500000e+01 8.95974440e-06
1.77000000e+01 8.99480200e-06
1.77500000e+01 9.03371650e-06
1.78000000e+01 9.07562950e-06
1.78500000e+01 9.11939353e-06
1.79000000e+01 9.16363653e-06
1.79500000e+01 9.20685043e-06
1.80000000e+01 9.24750310e-06
1.80500000e+01 9.28416420e-06
1.81000000e+01 9.31563667e-06
1.81500000e+01 9.34107567e-06
1.82000000e+01 9.36008157e-06
1.82500000e+01 9.37275370e-06
1.83000000e+01 9.37969240e-06
1.83500000e+01 9.38195157e-06
1.84000000e+01 9.38094567e-06
1.84500000e+01 9.37832330e-06
1.85000000e+01 9.37582153e-06
1.85500000e+01 9.37512097e-06
1.86000000e+01 9.37770720e-06
1.86500000e+01 9.38475710e-06
1.87000000e+01 9.39704767e-06
1.87500000e+01 9.41489707e-06
1.88000000e+01 9.43813403e-06
1.88500000e+01 9.46610030e-06
1.89000000e+01 9.49768437e-06
1.89500000e+01 9.53138573e-06
1.90000000e+01 9.56541077e-06
1.90500000e+01 9.59779363e-06
1.91000000e+01 9.62653820e-06
1.91500000e+01 9.64976580e-06
1.92000000e+01 9.66586227e-06
1.92500000e+01 9.67359993e-06
1.93000000e+01 9.67223077e-06
1.93500000e+01 9.66153060e-06
1.94000000e+01 9.64179877e-06
1.94500000e+01 9.61380663e-06
1.95000000e+01 9.57871240e-06
1.95500000e+01 9.53794533e-06
1.96000000e+01 9.49308113e-06
1.96500000e+01 9.44571763e-06
1.97000000e+01 9.39736477e-06
1.97500000e+01 9.34935513e-06
1.98000000e+01 9.30278243e-06
1.98500000e+01 9.25846627e-06
1.99000000e+01 9.21694407e-06
1.99500000e+01 9.17848817e-06
2.00000000e+01 9.14313973e-06
2.00500000e+01 9.11075963e-06
2.01000000e+01 9.08108557e-06
2.01500000e+01 9.05379247e-06
2.02000000e+01 9.02854897e-06
2.02500000e+01 9.00506547e-06
2.03000000e+01 8.98312950e-06
2.03500000e+01 8.96262493e-06
2.04000000e+01 8.94353693e-06
2.04500000e+01 8.92593997e-06
2.05000000e+01 8.90997493e-06
2.05500000e+01 8.89581613e-06
2.06000000e+01 8.88363487e-06
2.06500000e+01 8.87356167e-06
2.07000000e+01 8.86565300e-06
2.07500000e+01 8.85986440e-06
2.08000000e+01 8.85603333e-06
2.08500000e+01 8.85387307e-06
2.09000000e+01 8.85297743e-06
2.09500000e+01 8.85283783e-06
2.10000000e+01 8.85286873e-06
2.10500000e+01 8.85244273e-06
2.11000000e+01 8.85092987e-06
2.11500000e+01 8.84773927e-06
2.12000000e+01 8.84235963e-06
2.12500000e+01 8.83439413e-06
2.13000000e+01 8.82358650e-06
2.13500000e+01 8.80983583e-06
2.14000000e+01 8.79319847e-06
2.14500000e+01 8.77387580e-06
2.15000000e+01 8.75219023e-06
2.15500000e+01 8.72855027e-06
2.16000000e+01 8.70340960e-06
2.16500000e+01 8.67722313e-06
2.17000000e+01 8.65040440e-06
2.17500000e+01 8.62328767e-06
2.18000000e+01 8.59609833e-06
2.18500000e+01 8.56893407e-06
2.19000000e+01 8.54175733e-06
2.19500000e+01 8.51439973e-06
2.20000000e+01 8.48657820e-06
2.20500000e+01 8.45792167e-06
2.21000000e+01 8.42800537e-06
2.21500000e+01 8.39638950e-06
2.22000000e+01 8.36266117e-06
2.22500000e+01 8.32647223e-06
2.23000000e+01 8.28757477e-06
2.23500000e+01 8.24584560e-06
2.24000000e+01 8.20130370e-06
2.24500000e+01 8.15411577e-06
2.25000000e+01 8.10459093e-06
2.25500000e+01 8.05316613e-06
2.26000000e+01 8.00038250e-06
2.26500000e+01 7.94685533e-06
2.27000000e+01 7.89323787e-06
2.27500000e+01 7.84018420e-06
2.28000000e+01 7.78830880e-06
2.28500000e+01 7.73815260e-06
2.29000000e+01 7.69014813e-06
2.29500000e+01 7.64459837e-06
2.30000000e+01 7.60165830e-06
2.30500000e+01 7.56133223e-06
2.31000000e+01 7.52347807e-06
2.31500000e+01 7.48782413e-06
2.32000000e+01 7.45399483e-06
2.32500000e+01 7.42154237e-06
2.33000000e+01 7.38998460e-06
2.33500000e+01 7.35884363e-06
2.34000000e+01 7.32768437e-06
2.34500000e+01 7.29614850e-06
2.35000000e+01 7.26398353e-06
2.35500000e+01 7.23106307e-06
2.36000000e+01 7.19739897e-06
2.36500000e+01 7.16314167e-06
2.37000000e+01 7.12857293e-06
2.37500000e+01 7.09408667e-06
2.38000000e+01 7.06016370e-06
2.38500000e+01 7.02733953e-06
2.39000000e+01 6.99616707e-06
2.39500000e+01 6.96718130e-06
2.40000000e+01 6.94086223e-06
2.40500000e+01 6.91760370e-06
2.41000000e+01 6.89768583e-06
2.41500000e+01 6.88125523e-06
2.42000000e+01 6.86831207e-06
2.42500000e+01 6.85870640e-06
2.43000000e+01 6.85214357e-06
2.43500000e+01 6.84819920e-06
2.44000000e+01 6.84634577e-06
2.44500000e+01 6.84598860e-06
2.45000000e+01 6.84650940e-06
2.45500000e+01 6.84731787e-06
2.46000000e+01 6.84790037e-06
2.46500000e+01 6.84786653e-06
2.47000000e+01 6.84698250e-06
2.47500000e+01 6.84519190e-06
2.48000000e+01 6.84261650e-06
2.48500000e+01 6.83954167e-06
2.49000000e+01 6.83638807e-06
2.49500000e+01 6.83367477e-06
2.50000000e+01 6.83197863e-06
2.50500000e+01 6.83189377e-06
2.51000000e+01 6.83399627e-06
2.51500000e+01 6.83880987e-06
2.52000000e+01 6.84677860e-06
2.52500000e+01 6.85823833e-06
2.53000000e+01 6.87339623e-06
2.53500000e+01 6.89230867e-06
2.54000000e+01 6.91486647e-06
2.54500000e+01 6.94078583e-06
2.55000000e+01 6.96960860e-06
2.55500000e+01 7.00071657e-06
2.56000000e+01 7.03335527e-06
2.56500000e+01 7.06667193e-06
2.57000000e+01 7.09976450e-06
2.57500000e+01 7.13173480e-06
2.58000000e+01 7.16174067e-06
2.58500000e+01 7.18904600e-06
2.59000000e+01 7.21305500e-06
2.59500000e+01 7.23333823e-06
2.60000000e+01 7.24963850e-06
2.60500000e+01 7.26187043e-06
2.61000000e+01 7.27010537e-06
2.61500000e+01 7.27455303e-06
2.62000000e+01 7.27553877e-06
2.62500000e+01 7.27347880e-06
2.63000000e+01 7.26885763e-06
2.63500000e+01 7.26220137e-06
2.64000000e+01 7.25405530e-06
2.64500000e+01 7.24496197e-06
2.65000000e+01 7.23544083e-06
2.65500000e+01 7.22596937e-06
2.66000000e+01 7.21697173e-06
2.66500000e+01 7.20880757e-06
2.67000000e+01 7.20176740e-06
2.67500000e+01 7.19607067e-06
2.68000000e+01 7.19186840e-06
2.68500000e+01 7.18924903e-06
2.69000000e+01 7.18824633e-06
2.69500000e+01 7.18885120e-06
2.70000000e+01 7.19102407e-06
2.70500000e+01 7.19471073e-06
2.71000000e+01 7.19985563e-06
2.71500000e+01 7.20641580e-06
2.72000000e+01 7.21437087e-06
2.72500000e+01 7.22372877e-06
2.73000000e+01 7.23452470e-06
2.73500000e+01 7.24681647e-06
2.74000000e+01 7.26067083e-06
2.74500000e+01 7.27615003e-06
2.75000000e+01 7.29329167e-06
2.75500000e+01 7.31209137e-06
2.76000000e+01 7.33248760e-06
2.76500000e+01 7.35435027e-06
2.77000000e+01 7.37747517e-06
2.77500000e+01 7.40158807e-06
2.78000000e+01 7.42635527e-06
2.78500000e+01 7.45140160e-06
2.79000000e+01 7.47633507e-06
2.79500000e+01 7.50077503e-06
2.80000000e+01 7.52438253e-06
2.80500000e+01 7.54688633e-06
2.81000000e+01 7.56810427e-06
2.81500000e+01 7.58795477e-06
2.82000000e+01 7.60645900e-06
2.82500000e+01 7.62373050e-06
2.83000000e+01 7.63995583e-06
2.83500000e+01 7.65536797e-06
2.84000000e+01 7.67021270e-06
2.84500000e+01 7.68471600e-06
2.85000000e+01 7.69904903e-06
2.85500000e+01 7.71329973e-06
2.86000000e+01 7.72744907e-06
2.86500000e+01 7.74135877e-06
2.87000000e+01 7.75476533e-06
2.87500000e+01 7.76729250e-06
2.88000000e+01 7.77847457e-06
2.88500000e+01 7.78779320e-06
2.89000000e+01 7.79472620e-06
2.89500000e+01 7.79880280e-06
2.90000000e+01 7.79966197e-06
2.90500000e+01 7.79710090e-06
2.91000000e+01 7.79111540e-06
2.91500000e+01 7.78191713e-06
2.92000000e+01 7.76993163e-06
2.92500000e+01 7.75577070e-06
2.93000000e+01 7.74018680e-06
2.93500000e+01 7.72401177e-06
2.94000000e+01 7.70808943e-06
2.94500000e+01 7.69320620e-06
2.95000000e+01 7.68002890e-06
2.95500000e+01 7.66905340e-06
2.96000000e+01 7.66056503e-06
2.96500000e+01 7.65461813e-06
2.97000000e+01 7.65102860e-06
2.97500000e+01 7.64938240e-06
2.98000000e+01 7.64906327e-06
2.98500000e+01 7.64928883e-06
2.99000000e+01 7.64915950e-06
2.99500000e+01 7.64772113e-06
3.00000000e+01 7.64402843e-06
3.00500000e+01 7.63721580e-06
3.01000000e+01 7.62656273e-06
3.01500000e+01 7.61155243e-06
3.02000000e+01 7.59191240e-06
3.02500000e+01 7.56763473e-06
3.03000000e+01 7.53897027e-06
3.03500000e+01 7.50639670e-06
3.04000000e+01 7.47056740e-06
3.04500000e+01 7.43224460e-06
3.05000000e+01 7.39222763e-06
3.05500000e+01 7.35128953e-06
3.06000000e+01 7.31012103e-06
3.06500000e+01 7.26929190e-06
3.07000000e+01 7.22923347e-06
3.07500000e+01 7.19023277e-06
3.08000000e+01 7.15244657e-06
3.08500000e+01 7.11592177e-06
3.09000000e+01 7.08062390e-06
3.09500000e+01 7.04646790e-06
3.10000000e+01 7.01334730e-06
3.10500000e+01 6.98116040e-06
3.11000000e+01 6.94982850e-06
3.11500000e+01 6.91930840e-06
3.12000000e+01 6.88959610e-06
3.12500000e+01 6.86072083e-06
3.13000000e+01 6.83273563e-06
3.13500000e+01 6.80570103e-06
3.14000000e+01 6.77966483e-06
3.14500000e+01 6.75464570e-06
3.15000000e+01 6.73061560e-06
3.15500000e+01 6.70749023e-06
3.16000000e+01 6.68512073e-06
3.16500000e+01 6.66329553e-06
3.17000000e+01 6.64174480e-06
3.17500000e+01 6.62015260e-06
3.18000000e+01 6.59816897e-06
3.18500000e+01 6.57543143e-06
3.19000000e+01 6.55157513e-06
3.19500000e+01 6.52625960e-06
3.20000000e+01 6.49917057e-06
3.20500000e+01 6.47003520e-06
3.21000000e+01 6.43862003e-06
3.21500000e+01 6.40472747e-06
3.22000000e+01 6.36819050e-06
3.22500000e+01 6.32886057e-06
3.23000000e+01 6.28661010e-06
3.23500000e+01 6.24132663e-06
3.24000000e+01 6.19293140e-06
3.24500000e+01 6.14139810e-06
3.25000000e+01 6.08678413e-06
3.25500000e+01 6.02926663e-06
3.26000000e+01 5.96917333e-06
3.26500000e+01 5.90700713e-06
3.27000000e+01 5.84344913e-06
3.27500000e+01 5.77935083e-06
3.28000000e+01 5.71569400e-06
3.28500000e+01 5.65354247e-06
3.29000000e+01 5.59397313e-06
3.29500000e+01 5.53800217e-06
3.30000000e+01 5.48651517e-06
3.30500000e+01 5.44019330e-06
3.31000000e+01 5.39946433e-06
3.31500000e+01 5.36445230e-06
3.32000000e+01 5.33495693e-06
3.32500000e+01 5.31044223e-06
3.33000000e+01 5.29005077e-06
3.33500000e+01 5.27264180e-06
3.34000000e+01 5.25684580e-06
3.34500000e+01 5.24115687e-06
3.35000000e+01 5.22403370e-06
3.35500000e+01 5.20402353e-06
3.36000000e+01 5.17988433e-06
3.36500000e+01 5.15069557e-06
3.37000000e+01 5.11594197e-06
3.37500000e+01 5.07555403e-06
3.38000000e+01 5.02990407e-06
3.38500000e+01 4.97975427e-06
3.39000000e+01 4.92616733e-06
3.39500000e+01 4.87039753e-06
3.40000000e+01 4.81377337e-06
3.40500000e+01 4.75759190e-06
3.41000000e+01 4.70303023e-06
3.41500000e+01 4.65108567e-06
3.42000000e+01 4.60253840e-06
3.42500000e+01 4.55793887e-06
3.43000000e+01 4.51761720e-06
3.43500000e+01 4.48170343e-06
3.44000000e+01 4.45015813e-06
3.44500000e+01 4.42281480e-06
3.45000000e+01 4.39941923e-06
3.45500000e+01 4.37966767e-06
3.46000000e+01 4.36325000e-06
3.46500000e+01 4.34987373e-06
3.47000000e+01 4.33928790e-06
3.47500000e+01 4.33128620e-06
3.48000000e+01 4.32570607e-06
3.48500000e+01 4.32240877e-06
3.49000000e+01 4.32125197e-06
3.49500000e+01 4.32206233e-06
3.50000000e+01 4.32460297e-06
3.50500000e+01 4.32854973e-06
3.51000000e+01 4.33347443e-06
3.51500000e+01 4.33884880e-06
3.52000000e+01 4.34405787e-06
3.52500000e+01 4.34843047e-06
3.53000000e+01 4.35128870e-06
3.53500000e+01 4.35200400e-06
3.54000000e+01 4.35005797e-06
3.54500000e+01 4.34509947e-06
3.55000000e+01 4.33698943e-06
3.55500000e+01 4.32582783e-06
3.56000000e+01 4.31194943e-06
3.56500000e+01 4.29589760e-06
3.57000000e+01 4.27837037e-06
3.57500000e+01 4.26014703e-06
3.58000000e+01 4.24201243e-06
3.58500000e+01 4.22467220e-06
3.59000000e+01 4.20868907e-06
3.59500000e+01 4.19442763e-06
3.60000000e+01 4.18202467e-06
3.60500000e+01 4.17137860e-06
3.61000000e+01 4.16252420e-06
3.61500000e+01 4.15325223e-06
3.62000000e+01 4.14386633e-06
3.62500000e+01 4.13259700e-06
3.63000000e+01 4.11784403e-06
3.63500000e+01 4.10454933e-06
3.64000000e+01 4.08792177e-06
3.64500000e+01 4.06983370e-06
3.65000000e+01 4.05050820e-06
3.65500000e+01 4.03048220e-06
3.66000000e+01 4.00999597e-06
3.66500000e+01 3.98966553e-06
3.67000000e+01 3.96882777e-06
3.67500000e+01 3.94864657e-06
3.68000000e+01 3.92823860e-06
3.68500000e+01 3.90886737e-06
3.69000000e+01 3.89035530e-06
3.69500000e+01 3.87246207e-06
3.70000000e+01 3.85531047e-06
3.70500000e+01 3.83726003e-06
3.71000000e+01 3.82342723e-06
3.71500000e+01 3.80836597e-06
3.72000000e+01 3.79217723e-06
3.72500000e+01 3.77827397e-06
3.73000000e+01 3.76314590e-06
3.73500000e+01 3.75226927e-06
3.74000000e+01 3.73971943e-06
3.74500000e+01 3.72594860e-06
3.75000000e+01 3.71409640e-06
3.75500000e+01 3.70422643e-06
3.76000000e+01 3.69139643e-06
3.76500000e+01 3.68012490e-06
3.77000000e+01 3.66777300e-06
3.77500000e+01 3.65676783e-06
3.78000000e+01 3.64711403e-06
3.78500000e+01 3.63510847e-06
3.79000000e+01 3.62411357e-06
3.79500000e+01 3.61224630e-06
3.80000000e+01 3.60221403e-06
3.80500000e+01 3.59102513e-06
3.81000000e+01 3.57908143e-06
3.81500000e+01 3.56775063e-06
3.82000000e+01 3.55572407e-06
3.82500000e+01 3.54496590e-06
3.83000000e+01 3.53277010e-06
3.83500000e+01 3.52103213e-06
3.84000000e+01 3.50919467e-06
3.84500000e+01 3.49676767e-06
3.85000000e+01 3.48545623e-06
3.85500000e+01 3.47288423e-06
3.86000000e+01 3.46075367e-06
3.86500000e+01 3.44806837e-06
3.87000000e+01 3.43584987e-06
3.87500000e+01 3.42436293e-06
3.88000000e+01 3.41158757e-06
3.88500000e+01 3.39933770e-06
3.89000000e+01 3.38653270e-06
3.89500000e+01 3.37429127e-06
3.90000000e+01 3.36234910e-06
3.90500000e+01 3.35016573e-06
3.91000000e+01 3.33801407e-06
3.91500000e+01 3.32527593e-06
3.92000000e+01 3.31319233e-06
3.92500000e+01 3.30050503e-06
3.93000000e+01 3.28952217e-06
3.93500000e+01 3.27693247e-06
3.94000000e+01 3.26507163e-06
3.94500000e+01 3.25257603e-06
3.95000000e+01 3.24085067e-06
3.95500000e+01 3.23034857e-06
3.96000000e+01 3.21808073e-06
3.96500000e+01 3.20663357e-06
3.97000000e+01 3.19452783e-06
3.97500000e+01 3.18327977e-06
3.98000000e+01 3.17136377e-06
3.98500000e+01 3.16160503e-06
3.99000000e+01 3.14992383e-06
3.99500000e+01 3.13914547e-06
4.00000000e+01 3.12769670e-06
4.00500000e+01 3.11716587e-06
4.01000000e+01 3.10675743e-06
4.01500000e+01 3.09699680e-06
4.02000000e+01 3.08683307e-06
4.02500000e+01 3.07602650e-06
4.03000000e+01 3.06610730e-06
4.03500000e+01 3.05555850e-06
4.04000000e+01 3.04587457e-06
4.04500000e+01 3.03680633e-06
4.05000000e+01 3.02731213e-06
4.05500000e+01 3.01723687e-06
4.06000000e+01 3.00793173e-06
4.06500000e+01 2.99807210e-06
4.07000000e+01 2.98892607e-06
4.07500000e+01 2.98028043e-06
4.08000000e+01 2.97121150e-06
4.08500000e+01 2.96165247e-06
4.09000000e+01 2.95266127e-06
4.09500000e+01 2.94321053e-06
4.10000000e+01 2.93425303e-06
4.10500000e+01 2.92562400e-06
4.11000000e+01 2.91660877e-06
4.11500000e+01 2.90719910e-06
4.12000000e+01 2.89813310e-06
4.12500000e+01 2.88870247e-06
4.13000000e+01 2.87954823e-06
4.13500000e+01 2.87005797e-06
4.14000000e+01 2.86126083e-06
4.14500000e+01 2.85164370e-06
4.15000000e+01 2.84219930e-06
4.15500000e+01 2.83246707e-06
4.16000000e+01 2.82286907e-06
4.16500000e+01 2.81300207e-06
4.17000000e+01 2.80358757e-06
4.17500000e+01 2.79355747e-06
4.18000000e+01 2.78362400e-06
4.18500000e+01 2.77344547e-06
4.19000000e+01 2.76335500e-06
4.19500000e+01 2.75302713e-06
4.20000000e+01 2.74278617e-06
4.20500000e+01 2.73264287e-06
4.21000000e+01 2.72227077e-06
4.21500000e+01 2.71166347e-06
4.22000000e+01 2.70116770e-06
4.22500000e+01 2.69043420e-06
4.23000000e+01 2.67982860e-06
4.23500000e+01 2.66897967e-06
4.24000000e+01 2.65871343e-06
4.24500000e+01 2.64777860e-06
4.25000000e+01 2.63702187e-06
4.25500000e+01 2.62600023e-06
4.26000000e+01 2.61518263e-06
4.26500000e+01 2.60408817e-06
4.27000000e+01 2.59322613e-06
4.27500000e+01 2.58207367e-06
4.28000000e+01 2.57181203e-06
4.28500000e+01 2.56064273e-06
4.29000000e+01 2.54976737e-06
4.29500000e+01 2.53857160e-06
4.30000000e+01 2.52736123e-06
4.30500000e+01 2.51649223e-06
4.31000000e+01 2.50527720e-06
4.31500000e+01 2.49526567e-06
4.32000000e+01 2.48408943e-06
4.32500000e+01 2.47331527e-06
4.33000000e+01 2.46216370e-06
4.33500000e+01 2.45144360e-06
4.34000000e+01 2.44033087e-06
4.34500000e+01 2.42967870e-06
4.35000000e+01 2.41861883e-06
4.35500000e+01 2.40911157e-06
4.36000000e+01 2.39814697e-06
4.36500000e+01 2.38721533e-06
4.37000000e+01 2.37681363e-06
4.37500000e+01 2.36597067e-06
4.38000000e+01 2.35568303e-06
4.38500000e+01 2.34494283e-06
4.39000000e+01 2.33602490e-06
4.39500000e+01 2.32542473e-06
4.40000000e+01 2.31542057e-06
4.40500000e+01 2.30494797e-06
4.41000000e+01 2.29508967e-06
4.41500000e+01 2.28475630e-06
4.42000000e+01 2.27449323e-06
4.42500000e+01 2.26486777e-06
4.43000000e+01 2.25475857e-06
4.43500000e+01 2.24668350e-06
4.44000000e+01 2.23674507e-06
4.44500000e+01 2.22745120e-06
4.45000000e+01 2.21767380e-06
4.45500000e+01 2.20854140e-06
4.46000000e+01 2.19892657e-06
4.46500000e+01 2.18939287e-06
4.47000000e+01 2.18049910e-06
4.47500000e+01 2.17252330e-06
4.48000000e+01 2.16376927e-06
4.48500000e+01 2.15454390e-06
4.49000000e+01 2.14592743e-06
4.49500000e+01 2.13684620e-06
4.50000000e+01 2.12835627e-06
4.50500000e+01 2.11940987e-06
4.51000000e+01 2.11052943e-06
4.51500000e+01 2.10350583e-06
4.52000000e+01 2.09472580e-06
4.52500000e+01 2.08647883e-06
4.53000000e+01 2.07780053e-06
4.53500000e+01 2.06962933e-06
4.54000000e+01 2.06103880e-06
4.54500000e+01 2.05249043e-06
4.55000000e+01 2.04440950e-06
4.55500000e+01 2.03592533e-06
4.56000000e+01 2.02898240e-06
4.56500000e+01 2.02052340e-06
4.57000000e+01 2.01247250e-06
4.57500000e+01 2.00404460e-06
4.58000000e+01 1.99563100e-06
4.58500000e+01 1.98758507e-06
4.59000000e+01 1.97917940e-06
4.59500000e+01 1.97111333e-06
4.60000000e+01 1.96269930e-06
4.60500000e+01 1.95517427e-06
4.61000000e+01 1.94703460e-06
4.61500000e+01 1.93856297e-06
4.62000000e+01 1.93036990e-06
4.62500000e+01 1.92185500e-06
4.63000000e+01 1.91359707e-06
4.63500000e+01 1.90502717e-06
4.64000000e+01 1.89642820e-06
4.64500000e+01 1.88805703e-06
4.65000000e+01 1.88012413e-06
4.65500000e+01 1.87165240e-06
4.66000000e+01 1.86288687e-06
4.66500000e+01 1.85408067e-06
4.67000000e+01 1.84546970e-06
4.67500000e+01 1.83657333e-06
4.68000000e+01 1.82786243e-06
4.68500000e+01 1.81887057e-06
4.69000000e+01 1.80983040e-06
4.69500000e+01 1.80096483e-06
4.70000000e+01 1.79249510e-06
4.70500000e+01 1.78352473e-06
4.71000000e+01 1.77427870e-06
4.71500000e+01 1.76498190e-06
4.72000000e+01 1.75585767e-06
4.72500000e+01 1.74645920e-06
4.73000000e+01 1.73723390e-06
4.73500000e+01 1.72773373e-06
4.74000000e+01 1.71818260e-06
4.74500000e+01 1.70952017e-06
4.75000000e+01 1.69987550e-06
4.75500000e+01 1.69041540e-06
4.76000000e+01 1.68067357e-06
4.76500000e+01 1.67088270e-06
4.77000000e+01 1.66128473e-06
4.77500000e+01 1.65139933e-06
4.78000000e+01 1.64171243e-06
4.78500000e+01 1.63173333e-06
4.79000000e+01 1.62170600e-06
4.79500000e+01 1.61271607e-06
4.80000000e+01 1.60260863e-06
4.80500000e+01 1.59272010e-06
4.81000000e+01 1.58252140e-06
4.81500000e+01 1.57227487e-06
4.82000000e+01 1.56225917e-06
4.82500000e+01 1.55192073e-06
4.83000000e+01 1.54153383e-06
4.83500000e+01 1.53139033e-06
4.84000000e+01 1.52091060e-06
4.84500000e+01 1.51068310e-06
4.85000000e+01 1.50113447e-06
4.85500000e+01 1.49053020e-06
4.86000000e+01 1.48019743e-06
4.86500000e+01 1.46950007e-06
4.87000000e+01 1.45908537e-06
4.87500000e+01 1.44829443e-06
4.88000000e+01 1.43745333e-06
4.88500000e+01 1.42691583e-06
4.89000000e+01 1.41598223e-06
4.89500000e+01 1.40499887e-06
4.90000000e+01 1.39564020e-06
4.90500000e+01 1.38459730e-06
4.91000000e+01 1.37390310e-06
4.91500000e+01 1.36277637e-06
4.92000000e+01 1.35160440e-06
4.92500000e+01 1.34081110e-06
4.93000000e+01 1.32956240e-06
4.93500000e+01 1.31827243e-06
4.94000000e+01 1.30739513e-06
4.94500000e+01 1.29603800e-06
4.95000000e+01 1.28511863e-06
4.95500000e+01 1.27543233e-06
4.96000000e+01 1.26402890e-06
4.96500000e+01 1.25310670e-06
4.97000000e+01 1.24166217e-06
4.97500000e+01 1.23019470e-06
4.98000000e+01 1.21925323e-06
4.98500000e+01 1.20776250e-06
4.99000000e+01 1.19625827e-06
4.99500000e+01 1.18532713e-06
5.00000000e+01 1.17382020e-06
5.00500000e+01 1.16291827e-06
5.01000000e+01 1.15371030e-06
5.01500000e+01 1.14227297e-06
5.02000000e+01 1.13149177e-06
5.02500000e+01 1.12009173e-06
5.03000000e+01 1.10870890e-06
5.03500000e+01 1.09803330e-06
5.04000000e+01 1.08671247e-06
5.04500000e+01 1.07542180e-06
5.05000000e+01 1.06488997e-06
5.05500000e+01 1.05368690e-06
5.06000000e+01 1.04327450e-06
5.06500000e+01 1.03217630e-06
5.07000000e+01 1.02407247e-06
5.07500000e+01 1.01391442e-06
5.08000000e+01 1.00304893e-06
5.08500000e+01 9.92247310e-07
5.09000000e+01 9.82326943e-07
5.09500000e+01 9.71677510e-07
5.10000000e+01 9.61103273e-07
5.10500000e+01 9.51452263e-07
5.11000000e+01 9.41051513e-07
5.11500000e+01 9.30736803e-07
5.12000000e+01 9.21383023e-07
5.12500000e+01 9.11260710e-07
5.13000000e+01 9.04733743e-07
5.13500000e+01 8.95733293e-07
5.14000000e+01 8.85951527e-07
5.14500000e+01 8.76271247e-07
5.15000000e+01 8.67604433e-07
5.15500000e+01 8.58141923e-07
5.16000000e+01 8.49705370e-07
5.16500000e+01 8.40467063e-07
5.17000000e+01 8.31339083e-07
5.17500000e+01 8.23254693e-07
5.18000000e+01 8.14357643e-07
5.18500000e+01 8.05574533e-07
5.19000000e+01 8.01691447e-07
5.19500000e+01 7.93162183e-07
5.20000000e+01 7.84746883e-07
5.20500000e+01 7.77387450e-07
5.21000000e+01 7.69204880e-07
5.21500000e+01 7.61136477e-07
5.22000000e+01 7.54126383e-07
5.22500000e+01 7.46288943e-07
5.23000000e+01 7.38565050e-07
5.23500000e+01 7.31897957e-07
5.24000000e+01 7.24401200e-07
5.24500000e+01 7.17016083e-07
5.25000000e+01 7.14658453e-07
5.25500000e+01 7.07498133e-07
5.26000000e+01 7.00445557e-07
5.26500000e+01 6.94429517e-07
5.27000000e+01 6.87589593e-07
5.27500000e+01 6.80854207e-07
5.28000000e+01 6.75144560e-07
5.28500000e+01 6.68614223e-07
5.29000000e+01 6.62184720e-07
5.29500000e+01 6.56767603e-07
5.30000000e+01 6.50534703e-07
5.30500000e+01 6.44398757e-07
5.31000000e+01 6.39260010e-07
5.31500000e+01 6.37252590e-07
5.32000000e+01 6.31388443e-07
5.32500000e+01 6.26500570e-07
5.33000000e+01 6.20813927e-07
5.33500000e+01 6.15214820e-07
5.34000000e+01 6.10574783e-07
5.34500000e+01 6.05144240e-07
5.35000000e+01 5.99797130e-07
5.35500000e+01 5.95390913e-07
5.36000000e+01 5.90203370e-07
5.36500000e+01 5.85094867e-07
5.37000000e+01 5.80908937e-07
5.37500000e+01 5.75951543e-07
5.38000000e+01 5.74871533e-07
5.38500000e+01 5.70048603e-07
5.39000000e+01 5.66121357e-07
5.39500000e+01 5.61437993e-07
5.40000000e+01 5.56823837e-07
5.40500000e+01 5.53086413e-07
5.41000000e+01 5.48603917e-07
5.41500000e+01 5.44186917e-07
5.42000000e+01 5.40627887e-07
5.42500000e+01 5.36334997e-07
5.43000000e+01 5.32104090e-07
5.43500000e+01 5.28712157e-07
5.44000000e+01 5.24598377e-07
5.44500000e+01 5.20543073e-07
5.45000000e+01 5.20910017e-07
5.45500000e+01 5.16948993e-07
5.46000000e+01 5.13043170e-07
5.46500000e+01 5.09936930e-07
5.47000000e+01 5.06135027e-07
5.47500000e+01 5.02385323e-07
5.48000000e+01 4.98686767e-07
5.48500000e+01 4.95765433e-07
5.49000000e+01 4.92163147e-07
5.49500000e+01 4.88609137e-07
5.50000000e+01 4.85814723e-07
5.50500000e+01 4.82351497e-07
5.51000000e+01 4.78934013e-07
5.51500000e+01 4.76258957e-07
5.52000000e+01 4.76320343e-07
5.52500000e+01 4.73015590e-07
5.53000000e+01 4.70434687e-07
5.53500000e+01 4.67211020e-07
5.54000000e+01 4.64028203e-07
5.54500000e+01 4.61552967e-07
5.55000000e+01 4.58446710e-07
5.55500000e+01 4.55379350e-07
5.56000000e+01 4.52350093e-07
5.56500000e+01 4.50008570e-07
5.57000000e+01 4.47050360e-07
5.57500000e+01 4.44128263e-07
5.58000000e+01 4.41878623e-07
5.58500000e+01 4.39023813e-07
5.59000000e+01 4.39394897e-07
5.59500000e+01 4.37214963e-07
5.60000000e+01 4.34442853e-07
5.60500000e+01 4.31703410e-07
5.61000000e+01 4.28995890e-07
5.61500000e+01 4.26926453e-07
5.62000000e+01 4.24278470e-07
5.62500000e+01 4.21660957e-07
5.63000000e+01 4.19667453e-07
5.63500000e+01 4.17106377e-07
5.64000000e+01 4.14574263e-07
5.64500000e+01 4.12652473e-07
5.65000000e+01 4.10174053e-07
5.65500000e+01 4.07723133e-07
5.66000000e+01 4.05299240e-07
5.66500000e+01 4.06458277e-07
5.67000000e+01 4.04070340e-07
5.67500000e+01 4.01708263e-07
5.68000000e+01 3.99926290e-07
5.68500000e+01 3.97612027e-07
5.69000000e+01 3.95322460e-07
5.69500000e+01 3.93057210e-07
5.70000000e+01 3.91356663e-07
5.70500000e+01 3.89136180e-07
5.71000000e+01 3.86938850e-07
5.71500000e+01 3.85294297e-07
5.72000000e+01 3.83139773e-07
5.72500000e+01 3.81007283e-07
5.73000000e+01 3.78896533e-07
5.73500000e+01 3.77324157e-07
5.74000000e+01 3.75253587e-07
5.74500000e+01 3.75997230e-07
5.75000000e+01 3.74460783e-07
5.75500000e+01 3.72436447e-07
5.76000000e+01 3.70432053e-07
5.76500000e+01 3.68447390e-07
5.77000000e+01 3.66975580e-07
5.77500000e+01 3.65027077e-07
5.78000000e+01 3.63097373e-07
5.78500000e+01 3.61670050e-07
5.79000000e+01 3.59775063e-07
5.79500000e+01 3.57898027e-07
5.80000000e+01 3.56038777e-07
5.80500000e+01 3.54669197e-07
5.81000000e+01 3.52842630e-07
5.81500000e+01 3.51033070e-07
5.82000000e+01 3.52332860e-07
5.82500000e+01 3.50542810e-07
5.83000000e+01 3.48769193e-07
5.83500000e+01 3.47011773e-07
5.84000000e+01 3.45721703e-07
5.84500000e+01 3.43993960e-07
5.85000000e+01 3.42281727e-07
5.85500000e+01 3.41027617e-07
5.86000000e+01 3.39343953e-07
5.86500000e+01 3.37675153e-07
5.87000000e+01 3.36021093e-07
5.87500000e+01 3.34813933e-07
5.88000000e+01 3.33186900e-07
5.88500000e+01 3.31574003e-07
5.89000000e+01 3.30399200e-07
5.89500000e+01 3.28812203e-07
5.90000000e+01 3.27238817e-07
5.90500000e+01 3.28140653e-07
5.91000000e+01 3.26997303e-07
5.91500000e+01 3.25451450e-07
5.92000000e+01 3.23918610e-07
5.92500000e+01 3.22398623e-07
5.93000000e+01 3.21295743e-07
5.93500000e+01 3.19799210e-07
5.94000000e+01 3.18315027e-07
5.94500000e+01 3.17239980e-07
5.95000000e+01 3.15778443e-07
5.95500000e+01 3.14328817e-07
5.96000000e+01 3.12890923e-07
5.96500000e+01 3.11852613e-07
5.97000000e+01 3.10436223e-07
5.97500000e+01 3.09031257e-07
5.98000000e+01 3.07637430e-07
5.98500000e+01 3.08955590e-07
5.99000000e+01 3.07572660e-07
5.99500000e+01 3.06200650e-07
6.00000000e+01 3.04839400e-07
6.00500000e+01 3.03859143e-07
6.01000000e+01 3.02517463e-07
6.01500000e+01 3.01186187e-07
6.02000000e+01 3.00228907e-07
6.02500000e+01 2.98916563e-07
6.03000000e+01 2.97614233e-07
6.03500000e+01 2.96321843e-07
6.04000000e+01 2.95394977e-07
6.04500000e+01 2.94120687e-07
6.05000000e+01 2.92855930e-07
6.05500000e+01 2.91600673e-07
6.06000000e+01 2.90702713e-07
6.06500000e+01 2.89464753e-07
6.07000000e+01 2.88235917e-07
6.07500000e+01 2.89195197e-07
6.08000000e+01 2.88315890e-07
6.08500000e+01 2.87104067e-07
6.09000000e+01 2.85901123e-07
6.09500000e+01 2.84706853e-07
6.10000000e+01 2.83854007e-07
6.10500000e+01 2.82675623e-07
6.11000000e+01 2.81505730e-07
6.11500000e+01 2.80671120e-07
6.12000000e+01 2.79516557e-07
6.12500000e+01 2.78370200e-07
6.13000000e+01 2.77231930e-07
6.13500000e+01 2.76421717e-07
6.14000000e+01 2.75298177e-07
6.14500000e+01 2.74182480e-07
6.15000000e+01 2.73074563e-07
6.15500000e+01 2.72287590e-07
6.16000000e+01 2.73253420e-07
6.16500000e+01 2.72159343e-07
6.17000000e+01 2.71072770e-07
6.17500000e+01 2.70300067e-07
6.18000000e+01 2.69227157e-07
6.18500000e+01 2.68161517e-07
6.19000000e+01 2.67103060e-07
6.19500000e+01 2.66351790e-07
6.20000000e+01 2.65306427e-07
6.20500000e+01 2.64268087e-07
6.21000000e+01 2.63236623e-07
6.21500000e+01 2.62505897e-07
6.22000000e+01 2.61486993e-07
6.22500000e+01 2.60474847e-07
6.23000000e+01 2.59469357e-07
6.23500000e+01 2.58758263e-07
6.24000000e+01 2.57764837e-07
6.24500000e+01 2.56777860e-07
6.25000000e+01 2.55797347e-07
6.25500000e+01 2.57043063e-07
6.26000000e+01 2.56067063e-07
6.26500000e+01 2.55097353e-07
6.27000000e+01 2.54133840e-07
6.27500000e+01 2.53452547e-07
6.28000000e+01 2.52500280e-07
6.28500000e+01 2.51554057e-07
6.29000000e+01 2.50613800e-07
6.29500000e+01 2.49949970e-07
6.30000000e+01 2.49020577e-07
6.30500000e+01 2.48096960e-07
6.31000000e+01 2.47179120e-07
6.31500000e+01 2.46532043e-07
6.32000000e+01 2.45624663e-07
6.32500000e+01 2.44722867e-07
6.33000000e+01 2.43826623e-07
6.33500000e+01 2.43195653e-07
6.34000000e+01 2.42309477e-07
6.34500000e+01 2.41428713e-07
6.35000000e+01 2.42382730e-07
6.35500000e+01 2.41760717e-07
6.36000000e+01 2.40888637e-07
6.36500000e+01 2.40021843e-07
6.37000000e+01 2.39160257e-07
6.37500000e+01 2.38553277e-07
6.38000000e+01 2.37701093e-07
6.38500000e+01 2.36853973e-07
6.39000000e+01 2.36011927e-07
6.39500000e+01 2.35419423e-07
6.40000000e+01 2.34586433e-07
6.40500000e+01 2.33758337e-07
6.41000000e+01 2.32935130e-07
6.41500000e+01 2.32116737e-07
6.42000000e+01 2.31542123e-07
6.42500000e+01 2.30732413e-07
6.43000000e+01 2.29927407e-07
6.43500000e+01 2.29127077e-07
6.44000000e+01 2.28565750e-07
6.44500000e+01 2.29505543e-07
6.45000000e+01 2.28712327e-07
6.45500000e+01 2.27923653e-07
6.46000000e+01 2.27369293e-07
6.46500000e+01 2.26588797e-07
6.47000000e+01 2.25812740e-07
6.47500000e+01 2.25041060e-07
6.48000000e+01 2.24499140e-07
6.48500000e+01 2.23735403e-07
6.49000000e+01 2.22975923e-07
6.49500000e+01 2.22220707e-07
6.50000000e+01 2.21469690e-07
6.50500000e+01 2.20943263e-07
6.51000000e+01 2.20199850e-07
6.51500000e+01 2.19460537e-07
6.52000000e+01 2.18725303e-07
6.52500000e+01 2.18210370e-07
6.53000000e+01 2.17482523e-07
6.53500000e+01 2.16758637e-07
6.54000000e+01 2.16038700e-07
6.54500000e+01 2.17173100e-07
6.55000000e+01 2.16455030e-07
6.55500000e+01 2.15740820e-07
6.56000000e+01 2.15030463e-07
6.56500000e+01 2.14532037e-07
6.57000000e+01 2.13828640e-07
6.57500000e+01 2.13129047e-07
6.58000000e+01 2.12433147e-07
6.58500000e+01 2.11740960e-07
6.59000000e+01 2.11256053e-07
6.59500000e+01 2.10570570e-07
6.60000000e+01 2.09888710e-07
6.60500000e+01 2.09210437e-07
6.61000000e+01 2.08735580e-07
6.61500000e+01 2.08063777e-07
6.62000000e+01 2.07395533e-07
6.62500000e+01 2.06730760e-07
6.63000000e+01 2.06069447e-07
6.63500000e+01 2.05607123e-07
6.64000000e+01 2.04952043e-07
6.64500000e+01 2.04300380e-07
6.65000000e+01 2.05201193e-07
6.65500000e+01 2.04743287e-07
6.66000000e+01 2.04096233e-07
6.66500000e+01 2.03452500e-07
6.67000000e+01 2.02812063e-07
6.67500000e+01 2.02363293e-07
6.68000000e+01 2.01728763e-07
6.68500000e+01 2.01097450e-07
6.69000000e+01 2.00469360e-07
6.69500000e+01 1.99844417e-07
6.70000000e+01 1.99407060e-07
6.70500000e+01 1.98787830e-07
6.71000000e+01 1.98171707e-07
6.71500000e+01 1.97558677e-07
6.72000000e+01 1.97129803e-07
6.72500000e+01 1.96522307e-07
6.73000000e+01 1.95917817e-07
6.73500000e+01 1.95316350e-07
6.74000000e+01 1.94717843e-07
6.74500000e+01 1.94299627e-07
6.75000000e+01 1.93706467e-07
6.75500000e+01 1.94584817e-07
6.76000000e+01 1.93993090e-07
6.76500000e+01 1.93578357e-07
6.77000000e+01 1.92991830e-07
6.77500000e+01 1.92408177e-07
6.78000000e+01 1.91827360e-07
6.78500000e+01 1.91249353e-07
6.79000000e+01 1.90844667e-07
6.79500000e+01 1.90271720e-07
6.80000000e+01 1.89701517e-07
6.80500000e+01 1.89134070e-07
6.81000000e+01 1.88569337e-07
6.81500000e+01 1.88174340e-07
6.82000000e+01 1.87614487e-07
6.82500000e+01 1.87057293e-07
6.83000000e+01 1.86502783e-07
6.83500000e+01 1.86114980e-07
6.84000000e+01 1.85565193e-07
6.84500000e+01 1.85017997e-07
6.85000000e+01 1.84473400e-07
6.85500000e+01 1.83931353e-07
6.86000000e+01 1.83552627e-07
6.86500000e+01 1.83015173e-07
6.87000000e+01 1.83867800e-07
6.87500000e+01 1.83331363e-07
6.88000000e+01 1.82955350e-07
6.88500000e+01 1.82423403e-07
6.89000000e+01 1.81893920e-07
6.89500000e+01 1.81366903e-07
6.90000000e+01 1.80842300e-07
6.90500000e+01 1.80474883e-07
6.91000000e+01 1.79954647e-07
6.91500000e+01 1.79436787e-07
6.92000000e+01 1.78921317e-07
6.92500000e+01 1.78408180e-07
6.93000000e+01 1.78049063e-07
6.93500000e+01 1.77540160e-07
6.94000000e+01 1.77033553e-07
6.94500000e+01 1.76529260e-07
6.95000000e+01 1.76027227e-07
6.95500000e+01 1.75676127e-07
6.96000000e+01 1.75178190e-07
6.96500000e+01 1.74682493e-07
6.97000000e+01 1.74189017e-07
6.97500000e+01 1.73843890e-07
6.98000000e+01 1.74672493e-07
6.98500000e+01 1.74181503e-07
6.99000000e+01 1.73692720e-07
6.99500000e+01 1.73206077e-07
7.00000000e+01 1.72864827e-07
7.00500000e+01 1.72382077e-07
7.01000000e+01 1.71901480e-07
7.01500000e+01 1.71422983e-07
7.02000000e+01 1.70946593e-07
7.02500000e+01 1.70612703e-07
7.03000000e+01 1.70140080e-07
7.03500000e+01 1.69669537e-07
7.04000000e+01 1.69201037e-07
7.04500000e+01 1.68734570e-07
7.05000000e+01 1.68407817e-07
7.05500000e+01 1.67945013e-07
7.06000000e+01 1.67484233e-07
7.06500000e+01 1.67025407e-07
7.07000000e+01 1.66568570e-07
7.07500000e+01 1.66248720e-07
7.08000000e+01 1.65795443e-07
7.08500000e+01 1.65344110e-07
7.09000000e+01 1.64894697e-07
7.09500000e+01 1.64579983e-07
7.10000000e+01 1.65382163e-07
7.10500000e+01 1.64934770e-07
7.11000000e+01 1.64489273e-07
7.11500000e+01 1.64045650e-07
7.12000000e+01 1.63734107e-07
7.12500000e+01 1.63293873e-07
7.13000000e+01 1.62855520e-07
7.13500000e+01 1.62418990e-07
7.14000000e+01 1.61984287e-07
7.14500000e+01 1.61679127e-07
7.15000000e+01 1.61247740e-07
7.15500000e+01 1.60818140e-07
7.16000000e+01 1.60390323e-07
7.16500000e+01 1.59964297e-07
7.17000000e+01 1.59665323e-07
7.17500000e+01 1.59242510e-07
7.18000000e+01 1.58821417e-07
7.18500000e+01 1.58402077e-07
7.19000000e+01 1.57984457e-07
7.19500000e+01 1.57691493e-07
7.20000000e+01 1.57276993e-07
7.20500000e+01 1.56864180e-07
7.21000000e+01 1.56453057e-07
7.21500000e+01 1.56043623e-07
7.22000000e+01 1.56941190e-07
7.22500000e+01 1.56531697e-07
7.23000000e+01 1.56123853e-07
7.23500000e+01 1.55717677e-07
7.24000000e+01 1.55313143e-07
7.24500000e+01 1.55028587e-07
7.25000000e+01 1.54627007e-07
7.25500000e+01 1.54227043e-07
7.26000000e+01 1.53828713e-07
7.26500000e+01 1.53431970e-07
7.27000000e+01 1.53152933e-07
7.27500000e+01 1.52759067e-07
7.28000000e+01 1.52366780e-07
7.28500000e+01 1.51976047e-07
7.29000000e+01 1.51586870e-07
7.29500000e+01 1.51313207e-07
7.30000000e+01 1.50926850e-07
7.30500000e+01 1.50542007e-07
7.31000000e+01 1.50158687e-07
7.31500000e+01 1.49776877e-07
7.32000000e+01 1.49396570e-07
7.32500000e+01 1.49129360e-07
7.33000000e+01 1.48751757e-07
7.33500000e+01 1.48375640e-07
7.34000000e+01 1.48001000e-07
7.34500000e+01 1.48752010e-07
7.35000000e+01 1.48486980e-07
7.35500000e+01 1.48113617e-07
7.36000000e+01 1.47741717e-07
7.36500000e+01 1.47371247e-07
7.37000000e+01 1.47002233e-07
7.37500000e+01 1.46742147e-07
7.38000000e+01 1.46375707e-07
7.38500000e+01 1.46010677e-07
7.39000000e+01 1.45647053e-07
7.39500000e+01 1.45284860e-07
7.40000000e+01 1.45029583e-07
7.40500000e+01 1.44669873e-07
7.41000000e+01 1.44311540e-07
7.41500000e+01 1.43954593e-07
7.42000000e+01 1.43599007e-07
7.42500000e+01 1.43348403e-07
7.43000000e+01 1.42995263e-07
7.43500000e+01 1.42643460e-07
7.44000000e+01 1.42293003e-07
7.44500000e+01 1.41943873e-07
7.45000000e+01 1.41697823e-07
7.45500000e+01 1.41351063e-07
7.46000000e+01 1.41005623e-07
7.46500000e+01 1.40661480e-07
7.47000000e+01 1.40318627e-07
7.47500000e+01 1.39977063e-07
7.48000000e+01 1.40800327e-07
7.48500000e+01 1.40458497e-07
7.49000000e+01 1.40117953e-07
7.49500000e+01 1.39778657e-07
7.50000000e+01 1.39440633e-07
7.50500000e+01 1.39201757e-07
7.51000000e+01 1.38866013e-07
7.51500000e+01 1.38531500e-07
7.52000000e+01 1.38198233e-07
7.52500000e+01 1.37866190e-07
7.53000000e+01 1.37631543e-07
7.53500000e+01 1.37301727e-07
7.54000000e+01 1.36973120e-07
7.54500000e+01 1.36645713e-07
7.55000000e+01 1.36319513e-07
7.55500000e+01 1.35994510e-07
7.56000000e+01 1.35764913e-07
7.56500000e+01 1.35442060e-07
7.57000000e+01 1.35120373e-07
7.57500000e+01 1.34799863e-07
7.58000000e+01 1.34480543e-07
7.58500000e+01 1.34254920e-07
7.59000000e+01 1.33937663e-07
7.59500000e+01 1.33621567e-07
7.60000000e+01 1.33306607e-07
7.60500000e+01 1.32992793e-07
7.61000000e+01 1.33782573e-07
7.61500000e+01 1.33468417e-07
7.62000000e+01 1.33155383e-07
7.62500000e+01 1.32843493e-07
7.63000000e+01 1.32532710e-07
7.63500000e+01 1.32223043e-07
7.64000000e+01 1.32003587e-07
7.64500000e+01 1.31695907e-07
7.65000000e+01 1.31389343e-07
7.65500000e+01 1.31083857e-07
7.66000000e+01 1.30779453e-07
7.66500000e+01 1.30563697e-07
7.67000000e+01 1.30261257e-07
7.67500000e+01 1.29959883e-07
7.68000000e+01 1.29659570e-07
7.68500000e+01 1.29360310e-07
7.69000000e+01 1.29062103e-07
7.69500000e+01 1.28850810e-07
7.70000000e+01 1.28554507e-07
7.70500000e+01 1.28259237e-07
7.71000000e+01 1.27965010e-07
7.71500000e+01 1.27671813e-07
7.72000000e+01 1.27464017e-07
7.72500000e+01 1.27172660e-07
7.73000000e+01 1.26882320e-07
7.73500000e+01 1.26592997e-07
7.74000000e+01 1.26304690e-07
7.74500000e+01 1.26017360e-07
7.75000000e+01 1.26773130e-07
7.75500000e+01 1.26485423e-07
7.76000000e+01 1.26198710e-07
7.76500000e+01 1.25913007e-07
7.77000000e+01 1.25628270e-07
7.77500000e+01 1.25425803e-07
7.78000000e+01 1.25142837e-07
7.78500000e+01 1.24860837e-07
7.79000000e+01 1.24579823e-07
7.79500000e+01 1.24299753e-07
7.80000000e+01 1.24020643e-07
7.80500000e+01 1.23822213e-07
7.81000000e+01 1.23544840e-07
7.81500000e+01 1.23268400e-07
7.82000000e+01 1.22992900e-07
7.82500000e+01 1.22718330e-07
7.83000000e+01 1.22523070e-07
7.83500000e+01 1.22250197e-07
7.84000000e+01 1.21978230e-07
7.84500000e+01 1.21707187e-07
7.85000000e+01 1.21437053e-07
7.85500000e+01 1.21167850e-07
7.86000000e+01 1.20976417e-07
7.86500000e+01 1.20708840e-07
7.87000000e+01 1.20442147e-07
7.87500000e+01 1.20176357e-07
7.88000000e+01 1.19911467e-07
7.88500000e+01 1.19647450e-07
7.89000000e+01 1.19459737e-07
7.89500000e+01 1.20107160e-07
7.90000000e+01 1.19843617e-07
7.90500000e+01 1.19580947e-07
7.91000000e+01 1.19319140e-07
7.91500000e+01 1.19132337e-07
7.92000000e+01 1.18872097e-07
7.92500000e+01 1.18612730e-07
7.93000000e+01 1.18354213e-07
7.93500000e+01 1.18096547e-07
7.94000000e+01 1.17839727e-07
7.94500000e+01 1.17656500e-07
7.95000000e+01 1.17401223e-07
7.95500000e+01 1.17146777e-07
7.96000000e+01 1.16893153e-07
7.96500000e+01 1.16640370e-07
7.97000000e+01 1.16388413e-07
7.97500000e+01 1.16208657e-07
7.98000000e+01 1.15958183e-07
7.98500000e+01 1.15708527e-07
7.99000000e+01 1.15459683e-07
7.99500000e+01 1.15211657e-07
8.00000000e+01 1.14964440e-07
