-2.00000000e+01 3.27120183e-08
-1.99500000e+01 3.28894097e-08
-1.99000000e+01 3.30683987e-08
-1.98500000e+01 3.32489980e-08
-1.98000000e+01 3.34312323e-08
-1.97500000e+01 3.36151160e-08
-1.97000000e+01 3.38006807e-08
-1.96500000e+01 3.39879423e-08
-1.96000000e+01 3.41769260e-08
-1.95500000e+01 3.43676527e-08
-1.95000000e+01 3.45601377e-08
-1.94500000e+01 3.47544197e-08
-1.94000000e+01 3.49505120e-08
-1.93500000e+01 3.51484407e-08
-1.93000000e+01 3.53482313e-08
-1.92500000e+01 3.55499110e-08
-1.92000000e+01 3.57535017e-08
-1.91500000e+01 3.59590300e-08
-1.91000000e+01 3.61665220e-08
-1.90500000e+01 3.63760063e-08
-1.90000000e+01 3.65875087e-08
-1.89500000e+01 3.68010587e-08
-1.89000000e+01 3.70166850e-08
-1.88500000e+01 3.72344117e-08
-1.88000000e+01 3.74542750e-08
-1.87500000e+01 3.76763010e-08
-1.87000000e+01 3.79005200e-08
-1.86500000e+01 3.81269627e-08
-1.86000000e+01 3.83556630e-08
-1.85500000e+01 3.85866530e-08
-1.85000000e+01 3.88199637e-08
-1.84500000e+01 3.90556293e-08
-1.84000000e+01 3.92936817e-08
-1.83500000e+01 3.95341593e-08
-1.83000000e+01 3.97770950e-08
-1.82500000e+01 4.00225267e-08
-1.82000000e+01 4.02704887e-08
-1.81500000e+01 4.05210217e-08
-1.81000000e+01 4.07741633e-08
-1.80500000e+01 4.10299503e-08
-1.80000000e+01 4.12884230e-08
-1.79500000e+01 4.15496210e-08
-1.79000000e+01 4.18135877e-08
-1.78500000e+01 4.20803630e-08
-1.78000000e+01 4.23499930e-08
-1.77500000e+01 4.26225200e-08
-1.77000000e+01 4.28979870e-08
-1.76500000e+01 4.31764430e-08
-1.76000000e+01 4.34579280e-08
-1.75500000e+01 4.37425003e-08
-1.75000000e+01 4.40301930e-08
-1.74500000e+01 4.43210730e-08
-1.74000000e+01 4.46151783e-08
-1.73500000e+01 4.49125633e-08
-1.73000000e+01 4.52132870e-08
-1.72500000e+01 4.55173877e-08
-1.72000000e+01 4.58249393e-08
-1.71500000e+01 4.61359800e-08
-1.71000000e+01 4.64505843e-08
-1.70500000e+01 4.67687957e-08
-1.70000000e+01 4.70906837e-08
-1.69500000e+01 4.74163040e-08
-1.69000000e+01 4.77457200e-08
-1.68500000e+01 4.80790010e-08
-1.68000000e+01 4.84161967e-08
-1.67500000e+01 4.87573943e-08
-1.67000000e+01 4.91026443e-08
-1.66500000e+01 4.94520270e-08
-1.66000000e+01 4.98056103e-08
-1.65500000e+01 5.01634603e-08
-1.65000000e+01 5.05256653e-08
-1.64500000e+01 5.08922827e-08
-1.64000000e+01 5.12634117e-08
-1.63500000e+01 5.16391090e-08
-1.63000000e+01 5.20194803e-08
-1.62500000e+01 5.24045900e-08
-1.62000000e+01 5.27945297e-08
-1.61500000e+01 5.31893927e-08
-1.61000000e+01 5.35892510e-08
-1.60500000e+01 5.39942190e-08
-1.60000000e+01 5.44043663e-08
-1.59500000e+01 5.48198140e-08
-1.59000000e+01 5.52406427e-08
-1.58500000e+01 5.56669547e-08
-1.58000000e+01 5.60988597e-08
-1.57500000e+01 5.65364553e-08
-1.57000000e+01 5.69798633e-08
-1.56500000e+01 5.74291723e-08
-1.56000000e+01 5.78845230e-08
-1.55500000e+01 5.83460090e-08
-1.55000000e+01 5.88137643e-08
-1.54500000e+01 5.92879110e-08
-1.54000000e+01 5.97685560e-08
-1.53500000e+01 6.02558567e-08
-1.53000000e+01 6.07499170e-08
-1.52500000e+01 6.12509020e-08
-1.52000000e+01 6.17589253e-08
-1.51500000e+01 6.22741473e-08
-1.51000000e+01 6.27967053e-08
-1.50500000e+01 6.33267533e-08
-1.50000000e+01 6.38644540e-08
-1.49500000e+01 6.44099437e-08
-1.49000000e+01 6.49634167e-08
-1.48500000e+01 6.55250080e-08
-1.48000000e+01 6.60949250e-08
-1.47500000e+01 6.66733203e-08
-1.47000000e+01 6.72603793e-08
-1.46500000e+01 6.78562997e-08
-1.46000000e+01 6.84612623e-08
-1.45500000e+01 6.90754820e-08
-1.45000000e+01 6.96991353e-08
-1.44500000e+01 7.03324650e-08
-1.44000000e+01 7.09756697e-08
-1.43500000e+01 7.16289660e-08
-1.43000000e+01 7.22926017e-08
-1.42500000e+01 7.29667830e-08
-1.42000000e+01 7.36517873e-08
-1.41500000e+01 7.43478380e-08
-1.41000000e+01 7.50552137e-08
-1.40500000e+01 7.57741593e-08
-1.40000000e+01 7.65049643e-08
-1.39500000e+01 7.72479157e-08
-1.39000000e+01 7.80032813e-08
-1.38500000e+01 7.87713850e-08
-1.38000000e+01 7.95525090e-08
-1.37500000e+01 8.03470077e-08
-1.37000000e+01 8.11551907e-08
-1.36500000e+01 8.19774013e-08
-1.36000000e+01 8.28139987e-08
-1.35500000e+01 8.36653187e-08
-1.35000000e+01 8.45317823e-08
-1.34500000e+01 8.54137417e-08
-1.34000000e+01 8.63116133e-08
-1.33500000e+01 8.72258057e-08
-1.33000000e+01 8.81567473e-08
-1.32500000e+01 8.91048897e-08
-1.32000000e+01 9.00706793e-08
-1.31500000e+01 9.10546080e-08
-1.31000000e+01 9.20571433e-08
-1.30500000e+01 9.30788203e-08
-1.30000000e+01 9.41201453e-08
-1.29500000e+01 9.51816847e-08
-1.29000000e+01 9.62639973e-08
-1.28500000e+01 9.73676533e-08
-1.28000000e+01 9.84932907e-08
-1.27500000e+01 9.96415143e-08
-1.27000000e+01 1.00812997e-07
-1.26500000e+01 1.02008409e-07
-1.26000000e+01 1.03228469e-07
-1.25500000e+01 1.04473908e-07
-1.25000000e+01 1.05745472e-07
-1.24500000e+01 1.07043976e-07
-1.24000000e+01 1.08370225e-07
-1.23500000e+01 1.09725087e-07
-1.23000000e+01 1.11109443e-07
-1.22500000e+01 1.12524236e-07
-1.22000000e+01 1.13970429e-07
-1.21500000e+01 1.15449012e-07
-1.21000000e+01 1.16961061e-07
-1.20500000e+01 1.18507628e-07
-1.20000000e+01 1.20089897e-07
-1.19500000e+01 1.21709023e-07
-1.19000000e+01 1.23366270e-07
-1.18500000e+01 1.25062920e-07
-1.18000000e+01 1.26800320e-07
-1.17500000e+01 1.28579903e-07
-1.17000000e+01 1.30403117e-07
-1.16500000e+01 1.32271540e-07
-1.16000000e+01 1.34186763e-07
-1.15500000e+01 1.36150487e-07
-1.15000000e+01 1.38164477e-07
-1.14500000e+01 1.40230603e-07
-1.14000000e+01 1.42350817e-07
-1.13500000e+01 1.44527117e-07
-1.13000000e+01 1.46761703e-07
-1.12500000e+01 1.49056767e-07
-1.12000000e+01 1.51414710e-07
-1.11500000e+01 1.53837983e-07
-1.11000000e+01 1.56329227e-07
-1.10500000e+01 1.58891187e-07
-1.10000000e+01 1.61526707e-07
-1.09500000e+01 1.64238893e-07
-1.09000000e+01 1.67030907e-07
-1.08500000e+01 1.69906147e-07
-1.08000000e+01 1.72868190e-07
-1.07500000e+01 1.75920803e-07
-1.07000000e+01 1.79067987e-07
-1.06500000e+01 1.82313920e-07
-1.06000000e+01 1.85663113e-07
-1.05500000e+01 1.89120207e-07
-1.05000000e+01 1.92690290e-07
-1.04500000e+01 1.96378600e-07
-1.04000000e+01 2.00190797e-07
-1.03500000e+01 2.04132877e-07
-1.03000000e+01 2.08211130e-07
-1.02500000e+01 2.12432383e-07
-1.02000000e+01 2.16803767e-07
-1.01500000e+01 2.21333007e-07
-1.01000000e+01 2.26028230e-07
-1.00500000e+01 2.30898177e-07
-1.00000000e+01 2.35952197e-07
-9.95000000e+00 2.41200190e-07
-9.90000000e+00 2.46652900e-07
-9.85000000e+00 2.52321687e-07
-9.80000000e+00 2.58218893e-07
-9.75000000e+00 2.64357630e-07
-9.70000000e+00 2.70752040e-07
-9.65000000e+00 2.77417380e-07
-9.60000000e+00 2.84370047e-07
-9.55000000e+00 2.91627783e-07
-9.50000000e+00 2.99209583e-07
-9.45000000e+00 3.07136217e-07
-9.40000000e+00 3.15429980e-07
-9.35000000e+00 3.24115117e-07
-9.30000000e+00 3.33217973e-07
-9.25000000e+00 3.42767153e-07
-9.20000000e+00 3.52793867e-07
-9.15000000e+00 3.63331897e-07
-9.10000000e+00 3.74418470e-07
-9.05000000e+00 3.86094060e-07
-9.00000000e+00 3.98403033e-07
-8.95000000e+00 4.11394183e-07
-8.90000000e+00 4.25121007e-07
-8.85000000e+00 4.39642620e-07
-8.80000000e+00 4.55023817e-07
-8.75000000e+00 4.71336733e-07
-8.70000000e+00 4.88660643e-07
-8.65000000e+00 5.07084180e-07
-8.60000000e+00 5.26705370e-07
-8.55000000e+00 5.47633487e-07
-8.50000000e+00 5.69990917e-07
-8.45000000e+00 5.93913880e-07
-8.40000000e+00 6.19555953e-07
-8.35000000e+00 6.47089030e-07
-8.30000000e+00 6.76707367e-07
-8.25000000e+00 7.08629877e-07
-8.20000000e+00 7.43104220e-07
-8.15000000e+00 7.80411850e-07
-8.10000000e+00 8.20872183e-07
-8.05000000e+00 8.64849607e-07
-8.00000000e+00 9.12759250e-07
-7.95000000e+00 9.65076897e-07
-7.90000000e+00 1.02234679e-06
-7.85000000e+00 1.08519270e-06
-7.80000000e+00 1.15433149e-06
-7.75000000e+00 1.23058386e-06
-7.70000000e+00 1.31489196e-06
-7.65000000e+00 1.40833010e-06
-7.60000000e+00 1.51212290e-06
-7.55000000e+00 1.62765217e-06
-7.50000000e+00 1.75646050e-06
-7.45000000e+00 1.90024400e-06
-7.40000000e+00 2.06081410e-06
-7.35000000e+00 2.24003470e-06
-7.30000000e+00 2.43968540e-06
-7.25000000e+00 2.66126680e-06
-7.20000000e+00 2.90567260e-06
-7.15000000e+00 3.17275290e-06
-7.10000000e+00 3.46073737e-06
-7.05000000e+00 3.76558727e-06
-7.00000000e+00 4.08043580e-06
-6.95000000e+00 4.39531303e-06
-6.90000000e+00 4.69755213e-06
-6.85000000e+00 4.97302777e-06
-6.80000000e+00 5.20828140e-06
-6.75000000e+00 5.39299993e-06
-6.70000000e+00 5.52203717e-06
-6.65000000e+00 5.59613123e-06
-6.60000000e+00 5.62093863e-06
-6.55000000e+00 5.60489400e-06
-6.50000000e+00 5.55685570e-06
-6.45000000e+00 5.48456230e-06
-6.40000000e+00 5.39429807e-06
-6.35000000e+00 5.29147503e-06
-6.30000000e+00 5.18144290e-06
-6.25000000e+00 5.06991843e-06
-6.20000000e+00 4.96275190e-06
-6.15000000e+00 4.86523477e-06
-6.10000000e+00 4.78123387e-06
-6.05000000e+00 4.71253507e-06
-6.00000000e+00 4.65860100e-06
-5.95000000e+00 4.61676957e-06
-5.90000000e+00 4.58289057e-06
-5.85000000e+00 4.55217517e-06
-5.80000000e+00 4.52012513e-06
-5.75000000e+00 4.48324197e-06
-5.70000000e+00 4.43936173e-06
-5.65000000e+00 4.38761120e-06
-5.60000000e+00 4.32804880e-06
-5.55000000e+00 4.26130073e-06
-5.50000000e+00 4.18824020e-06
-5.45000000e+00 4.10982183e-06
-5.40000000e+00 4.02695770e-06
-5.35000000e+00 3.94040890e-06
-5.30000000e+00 3.85069560e-06
-5.25000000e+00 3.75805773e-06
-5.20000000e+00 3.66261753e-06
-5.15000000e+00 3.56467250e-06
-5.10000000e+00 3.46507423e-06
-5.05000000e+00 3.36544577e-06
-5.00000000e+00 3.26816800e-06
-4.95000000e+00 3.17608297e-06
-4.90000000e+00 3.09199907e-06
-4.85000000e+00 3.01817250e-06
-4.80000000e+00 2.95587347e-06
-4.75000000e+00 2.90521217e-06
-4.70000000e+00 2.86520413e-06
-4.65000000e+00 2.83409500e-06
-4.60000000e+00 2.80983287e-06
-4.55000000e+00 2.79055313e-06
-4.50000000e+00 2.77494043e-06
-4.45000000e+00 2.76233990e-06
-4.40000000e+00 2.75264577e-06
-4.35000000e+00 2.74601900e-06
-4.30000000e+00 2.74258367e-06
-4.25000000e+00 2.74219637e-06
-4.20000000e+00 2.74434210e-06
-4.15000000e+00 2.74817893e-06
-4.10000000e+00 2.75266923e-06
-4.05000000e+00 2.75677653e-06
-4.00000000e+00 2.75964847e-06
-3.95000000e+00 2.76076483e-06
-3.90000000e+00 2.76003363e-06
-3.85000000e+00 2.75783063e-06
-3.80000000e+00 2.75498483e-06
-3.75000000e+00 2.75268860e-06
-3.70000000e+00 2.75233287e-06
-3.65000000e+00 2.75527983e-06
-3.60000000e+00 2.76261130e-06
-3.55000000e+00 2.77491340e-06
-3.50000000e+00 2.79212613e-06
-3.45000000e+00 2.81349743e-06
-3.40000000e+00 2.83764857e-06
-3.35000000e+00 2.86275697e-06
-3.30000000e+00 2.88686647e-06
-3.25000000e+00 2.90828693e-06
-3.20000000e+00 2.92601113e-06
-3.15000000e+00 2.94002160e-06
-3.10000000e+00 2.95135810e-06
-3.05000000e+00 2.96189600e-06
-3.00000000e+00 2.97387550e-06
-2.95000000e+00 2.98934833e-06
-2.90000000e+00 3.00968627e-06
-2.85000000e+00 3.03528720e-06
-2.80000000e+00 3.06550370e-06
-2.75000000e+00 3.09876640e-06
-2.70000000e+00 3.13283007e-06
-2.65000000e+00 3.16504927e-06
-2.60000000e+00 3.19264750e-06
-2.55000000e+00 3.21297617e-06
-2.50000000e+00 3.22381097e-06
-2.45000000e+00 3.22369423e-06
-2.40000000e+00 3.21227607e-06
-2.35000000e+00 3.19052793e-06
-2.30000000e+00 3.16069043e-06
-2.25000000e+00 3.12592370e-06
-2.20000000e+00 3.08976157e-06
-2.15000000e+00 3.05552857e-06
-2.10000000e+00 3.02589903e-06
-2.05000000e+00 3.00266570e-06
-2.00000000e+00 2.98672073e-06
-1.95000000e+00 2.97815453e-06
-1.90000000e+00 2.97640353e-06
-1.85000000e+00 2.98037127e-06
-1.80000000e+00 2.98851290e-06
-1.75000000e+00 2.99893923e-06
-1.70000000e+00 3.00958737e-06
-1.65000000e+00 3.01851693e-06
-1.60000000e+00 3.02429070e-06
-1.55000000e+00 3.02633983e-06
-1.50000000e+00 3.02515350e-06
-1.45000000e+00 3.02217997e-06
-1.40000000e+00 3.01945790e-06
-1.35000000e+00 3.01906793e-06
-1.30000000e+00 3.02259873e-06
-1.25000000e+00 3.03075760e-06
-1.20000000e+00 3.04323340e-06
-1.15000000e+00 3.05880573e-06
-1.10000000e+00 3.07566797e-06
-1.05000000e+00 3.09186980e-06
-1.00000000e+00 3.10574003e-06
-9.50000000e-01 3.11619240e-06
-9.00000000e-01 3.12282447e-06
-8.50000000e-01 3.12583947e-06
-8.00000000e-01 3.12585870e-06
-7.50000000e-01 3.12372507e-06
-7.00000000e-01 3.12036970e-06
-6.50000000e-01 3.11673310e-06
-6.00000000e-01 3.11372797e-06
-5.50000000e-01 3.11217700e-06
-5.00000000e-01 3.11272027e-06
-4.50000000e-01 3.11569880e-06
-4.00000000e-01 3.12106003e-06
-3.50000000e-01 3.12833367e-06
-3.00000000e-01 3.13669930e-06
-2.50000000e-01 3.14515190e-06
-2.00000000e-01 3.15270743e-06
-1.50000000e-01 3.15859717e-06
-1.00000000e-01 3.16237973e-06
-5.00000000e-02 3.16394007e-06
0.00000000e+00 3.16338587e-06
5.00000000e-02 3.16089120e-06
1.00000000e-01 3.15656253e-06
1.50000000e-01 3.15037333e-06
2.00000000e-01 3.14219587e-06
2.50000000e-01 3.13190127e-06
3.00000000e-01 3.11948117e-06
3.50000000e-01 3.10513633e-06
4.00000000e-01 3.08929383e-06
4.50000000e-01 3.07255083e-06
5.00000000e-01 3.05557413e-06
5.50000000e-01 3.03899240e-06
6.00000000e-01 3.02331830e-06
6.50000000e-01 3.00891330e-06
7.00000000e-01 2.99599393e-06
7.50000000e-01 2.98466063e-06
8.00000000e-01 2.97492390e-06
8.50000000e-01 2.96672397e-06
9.00000000e-01 2.95993723e-06
9.50000000e-01 2.95438193e-06
1.00000000e+00 2.94984210e-06
1.05000000e+00 2.94611400e-06
1.10000000e+00 2.94307867e-06
1.15000000e+00 2.94077867e-06
1.20000000e+00 2.93947003e-06
1.25000000e+00 2.93962850e-06
1.30000000e+00 2.94188883e-06
1.35000000e+00 2.94692933e-06
1.40000000e+00 2.95532167e-06
1.45000000e+00 2.96738660e-06
1.50000000e+00 2.98308753e-06
1.55000000e+00 3.00198677e-06
1.60000000e+00 3.02327600e-06
1.65000000e+00 3.04587533e-06
1.70000000e+00 3.06857553e-06
1.75000000e+00 3.09019133e-06
1.80000000e+00 3.10969113e-06
1.85000000e+00 3.12627553e-06
1.90000000e+00 3.13940213e-06
1.95000000e+00 3.14876427e-06
2.00000000e+00 3.15425880e-06
2.05000000e+00 3.15595733e-06
2.10000000e+00 3.15410100e-06
2.15000000e+00 3.14910147e-06
2.20000000e+00 3.14154053e-06
2.25000000e+00 3.13214373e-06
2.30000000e+00 3.12172097e-06
2.35000000e+00 3.11108097e-06
2.40000000e+00 3.10093830e-06
2.45000000e+00 3.09183763e-06
2.50000000e+00 3.08411053e-06
2.55000000e+00 3.07787680e-06
2.60000000e+00 3.07308520e-06
2.65000000e+00 3.06957190e-06
2.70000000e+00 3.06712273e-06
2.75000000e+00 3.06551437e-06
2.80000000e+00 3.06452707e-06
2.85000000e+00 3.06393230e-06
2.90000000e+00 3.06346663e-06
2.95000000e+00 3.06281840e-06
3.00000000e+00 3.06164540e-06
3.05000000e+00 3.05962900e-06
3.10000000e+00 3.05655947e-06
3.15000000e+00 3.05242170e-06
3.20000000e+00 3.04745527e-06
3.25000000e+00 3.04215317e-06
3.30000000e+00 3.03719477e-06
3.35000000e+00 3.03332267e-06
3.40000000e+00 3.03119107e-06
3.45000000e+00 3.03122587e-06
3.50000000e+00 3.03353020e-06
3.55000000e+00 3.03786163e-06
3.60000000e+00 3.04368420e-06
3.65000000e+00 3.05028750e-06
3.70000000e+00 3.05694143e-06
3.75000000e+00 3.06304620e-06
3.80000000e+00 3.06823980e-06
3.85000000e+00 3.07243453e-06
3.90000000e+00 3.07577967e-06
3.95000000e+00 3.07857253e-06
4.00000000e+00 3.08115353e-06
4.05000000e+00 3.08382760e-06
4.10000000e+00 3.08683947e-06
4.15000000e+00 3.09040793e-06
4.20000000e+00 3.09480257e-06
4.25000000e+00 3.10042933e-06
4.30000000e+00 3.10788237e-06
4.35000000e+00 3.11793433e-06
4.40000000e+00 3.13145420e-06
4.45000000e+00 3.14926883e-06
4.50000000e+00 3.17199757e-06
4.55000000e+00 3.19990100e-06
4.60000000e+00 3.23277777e-06
4.65000000e+00 3.26993890e-06
4.70000000e+00 3.31027240e-06
4.75000000e+00 3.35239570e-06
4.80000000e+00 3.39487233e-06
4.85000000e+00 3.43644860e-06
4.90000000e+00 3.47625177e-06
4.95000000e+00 3.51389677e-06
5.00000000e+00 3.54947503e-06
5.05000000e+00 3.58343063e-06
5.10000000e+00 3.61637013e-06
5.15000000e+00 3.64886623e-06
5.20000000e+00 3.68131247e-06
5.25000000e+00 3.71386010e-06
5.30000000e+00 3.74644440e-06
5.35000000e+00 3.77887323e-06
5.40000000e+00 3.81093997e-06
5.45000000e+00 3.84250977e-06
5.50000000e+00 3.87355280e-06
5.55000000e+00 3.90410837e-06
5.60000000e+00 3.93420290e-06
5.65000000e+00 3.96375290e-06
5.70000000e+00 3.99250227e-06
5.75000000e+00 4.02002470e-06
5.80000000e+00 4.04580150e-06
5.85000000e+00 4.06936113e-06
5.90000000e+00 4.09043153e-06
5.95000000e+00 4.10905350e-06
6.00000000e+00 4.12560380e-06
6.05000000e+00 4.14071133e-06
6.10000000e+00 4.15508187e-06
6.15000000e+00 4.16928483e-06
6.20000000e+00 4.18356630e-06
6.25000000e+00 4.19775203e-06
6.30000000e+00 4.21127540e-06
6.35000000e+00 4.22332977e-06
6.40000000e+00 4.23310610e-06
6.45000000e+00 4.24005170e-06
6.50000000e+00 4.24407010e-06
6.55000000e+00 4.24559417e-06
6.60000000e+00 4.24550810e-06
6.65000000e+00 4.24493267e-06
6.70000000e+00 4.24493597e-06
6.75000000e+00 4.24624777e-06
6.80000000e+00 4.24905777e-06
6.85000000e+00 4.25295257e-06
6.90000000e+00 4.25700807e-06
6.95000000e+00 4.26001727e-06
7.00000000e+00 4.26079513e-06
7.05000000e+00 4.25847587e-06
7.10000000e+00 4.25271727e-06
7.15000000e+00 4.24375707e-06
7.20000000e+00 4.23230920e-06
7.25000000e+00 4.21934560e-06
7.30000000e+00 4.20583760e-06
7.35000000e+00 4.19254013e-06
7.40000000e+00 4.17987620e-06
7.45000000e+00 4.16794590e-06
7.50000000e+00 4.15664043e-06
7.55000000e+00 4.14581477e-06
7.60000000e+00 4.13545110e-06
7.65000000e+00 4.12575603e-06
7.70000000e+00 4.11715050e-06
7.75000000e+00 4.11015623e-06
7.80000000e+00 4.10521190e-06
7.85000000e+00 4.10248170e-06
7.90000000e+00 4.10172260e-06
7.95000000e+00 4.10226077e-06
8.00000000e+00 4.10310240e-06
8.05000000e+00 4.10315877e-06
8.10000000e+00 4.10152570e-06
8.15000000e+00 4.09773293e-06
8.20000000e+00 4.09187880e-06
8.25000000e+00 4.08459697e-06
8.30000000e+00 4.07686037e-06
8.35000000e+00 4.06967997e-06
8.40000000e+00 4.06379373e-06
8.45000000e+00 4.05943723e-06
8.50000000e+00 4.05626520e-06
8.55000000e+00 4.05345023e-06
8.60000000e+00 4.04993520e-06
8.65000000e+00 4.04476753e-06
8.70000000e+00 4.03740947e-06
8.75000000e+00 4.02791920e-06
8.80000000e+00 4.01692990e-06
8.85000000e+00 4.00542537e-06
8.90000000e+00 3.99437563e-06
8.95000000e+00 3.98434947e-06
9.00000000e+00 3.97522413e-06
9.05000000e+00 3.96609173e-06
9.10000000e+00 3.95541043e-06
9.15000000e+00 3.94138757e-06
9.20000000e+00 3.92249947e-06
9.25000000e+00 3.89799753e-06
9.30000000e+00 3.86822853e-06
9.35000000e+00 3.83465113e-06
9.40000000e+00 3.79953483e-06
9.45000000e+00 3.76544133e-06
9.50000000e+00 3.73464880e-06
9.55000000e+00 3.70867733e-06
9.60000000e+00 3.68802037e-06
9.65000000e+00 3.67212523e-06
9.70000000e+00 3.65960947e-06
9.75000000e+00 3.64864947e-06
9.80000000e+00 3.63743697e-06
9.85000000e+00 3.62456777e-06
9.90000000e+00 3.60924293e-06
9.95000000e+00 3.59122057e-06
1.00000000e+01 3.57055407e-06
1.00500000e+01 3.54724010e-06
1.01000000e+01 3.52093630e-06
1.01500000e+01 3.49087837e-06
1.02000000e+01 3.45604613e-06
1.02500000e+01 3.41551627e-06
1.03000000e+01 3.36885123e-06
1.03500000e+01 3.31634363e-06
1.04000000e+01 3.25898747e-06
1.04500000e+01 3.19817097e-06
1.05000000e+01 3.13521033e-06
1.05500000e+01 3.07090863e-06
1.06000000e+01 3.00530720e-06
1.06500000e+01 2.93770913e-06
1.07000000e+01 2.86694383e-06
1.07500000e+01 2.79174810e-06
1.08000000e+01 2.71110193e-06
1.08500000e+01 2.62440553e-06
1.09000000e+01 2.53149157e-06
1.09500000e+01 2.43257093e-06
1.10000000e+01 2.32822260e-06
1.10500000e+01 2.21946160e-06
1.11000000e+01 2.10780843e-06
1.11500000e+01 1.99524770e-06
1.12000000e+01 1.88402903e-06
1.12500000e+01 1.77636740e-06
1.13000000e+01 1.67415837e-06
1.13500000e+01 1.57879880e-06
1.14000000e+01 1.49113923e-06
1.14500000e+01 1.41153877e-06
1.15000000e+01 1.33997397e-06
1.15500000e+01 1.27615903e-06
1.16000000e+01 1.21965173e-06
1.16500000e+01 1.16993527e-06
1.17000000e+01 1.12647580e-06
1.17500000e+01 1.08875937e-06
1.18000000e+01 1.05631313e-06
1.18500000e+01 1.02871724e-06
1.19000000e+01 1.00560922e-06
1.19500000e+01 9.86684567e-07
1.20000000e+01 9.71695560e-07
1.20500000e+01 9.60448973e-07
1.21000000e+01 9.52803613e-07
1.21500000e+01 9.48668323e-07
1.22000000e+01 9.48000563e-07
1.22500000e+01 9.50805847e-07
1.23000000e+01 9.57137980e-07
1.23500000e+01 9.67100297e-07
1.24000000e+01 9.80848143e-07
1.24500000e+01 9.98592013e-07
1.25000000e+01 1.02060229e-06
1.25500000e+01 1.04721465e-06
1.26000000e+01 1.07883675e-06
1.26500000e+01 1.11595560e-06
1.27000000e+01 1.15914529e-06
1.27500000e+01 1.20907453e-06
1.28000000e+01 1.26651213e-06
1.28500000e+01 1.33232853e-06
1.29000000e+01 1.40749013e-06
1.29500000e+01 1.49303960e-06
1.30000000e+01 1.59005523e-06
1.30500000e+01 1.69957643e-06
1.31000000e+01 1.82248083e-06
1.31500000e+01 1.95929447e-06
1.32000000e+01 2.10992070e-06
1.32500000e+01 2.27328513e-06
1.33000000e+01 2.44692553e-06
1.33500000e+01 2.62661277e-06
1.34000000e+01 2.80616087e-06
1.34500000e+01 2.97764060e-06
1.35000000e+01 3.13217993e-06
1.35500000e+01 3.26134330e-06
1.36000000e+01 3.35876170e-06
1.36500000e+01 3.42141550e-06
1.37000000e+01 3.45001020e-06
1.37500000e+01 3.44830287e-06
1.38000000e+01 3.42176487e-06
1.38500000e+01 3.37622697e-06
1.39000000e+01 3.31700093e-06
1.39500000e+01 3.24859817e-06
1.40000000e+01 3.17485130e-06
1.40500000e+01 3.09914430e-06
1.41000000e+01 3.02454023e-06
1.41500000e+01 2.95374743e-06
1.42000000e+01 2.88897640e-06
1.42500000e+01 2.83177510e-06
1.43000000e+01 2.78290847e-06
1.43500000e+01 2.74231160e-06
1.44000000e+01 2.70911790e-06
1.44500000e+01 2.68176033e-06
1.45000000e+01 2.65814567e-06
1.45500000e+01 2.63590107e-06
1.46000000e+01 2.61268110e-06
1.46500000e+01 2.58649353e-06
1.47000000e+01 2.55597710e-06
1.47500000e+01 2.52055157e-06
1.48000000e+01 2.48039207e-06
1.48500000e+01 2.43623263e-06
1.49000000e+01 2.38906277e-06
1.49500000e+01 2.33981597e-06
1.50000000e+01 2.28913957e-06
1.50500000e+01 2.23730957e-06
1.51000000e+01 2.18430213e-06
1.51500000e+01 2.12999210e-06
1.52000000e+01 2.07440133e-06
1.52500000e+01 2.01790627e-06
1.53000000e+01 1.96132680e-06
1.53500000e+01 1.90586887e-06
1.54000000e+01 1.85294740e-06
1.54500000e+01 1.80395837e-06
1.55000000e+01 1.76006553e-06
1.55500000e+01 1.72204957e-06
1.56000000e+01 1.69023097e-06
1.56500000e+01 1.66446690e-06
1.57000000e+01 1.64420870e-06
1.57500000e+01 1.62861087e-06
1.58000000e+01 1.61667840e-06
1.58500000e+01 1.60743427e-06
1.59000000e+01 1.60007340e-06
1.59500000e+01 1.59406857e-06
1.60000000e+01 1.58919640e-06
1.60500000e+01 1.58547913e-06
1.61000000e+01 1.58306143e-06
1.61500000e+01 1.58206163e-06
1.62000000e+01 1.58244177e-06
1.62500000e+01 1.58393110e-06
1.63000000e+01 1.58602747e-06
1.63500000e+01 1.58807877e-06
1.64000000e+01 1.58943273e-06
1.64500000e+01 1.58961580e-06
1.65000000e+01 1.58848890e-06
1.65500000e+01 1.58632657e-06
1.66000000e+01 1.58379023e-06
1.66500000e+01 1.58179957e-06
1.67000000e+01 1.58134050e-06
1.67500000e+01 1.58325807e-06
1.68000000e+01 1.58808097e-06
1.68500000e+01 1.59590630e-06
1.69000000e+01 1.60636073e-06
1.69500000e+01 1.61864657e-06
1.70000000e+01 1.63167400e-06
1.70500000e+01 1.64426637e-06
1.71000000e+01 1.65540440e-06
1.71500000e+01 1.66445433e-06
1.72000000e+01 1.67131570e-06
1.72500000e+01 1.67644243e-06
1.73000000e+01 1.68073133e-06
1.73500000e+01 1.68531350e-06
1.74000000e+01 1.69130630e-06
1.74500000e+01 1.69958347e-06
1.75000000e+01 1.71060133e-06
1.75500000e+01 1.72429830e-06
1.76000000e+01 1.74007143e-06
1.76500000e+01 1.75682943e-06
1.77000000e+01 1.77311740e-06
1.77500000e+01 1.78730470e-06
1.78000000e+01 1.79781533e-06
1.78500000e+01 1.80336477e-06
1.79000000e+01 1.80316050e-06
1.79500000e+01 1.79702520e-06
1.80000000e+01 1.78541757e-06
1.80500000e+01 1.76935287e-06
1.81000000e+01 1.75024867e-06
1.81500000e+01 1.72973120e-06
1.82000000e+01 1.70944213e-06
1.82500000e+01 1.69086930e-06
1.83000000e+01 1.67521810e-06
1.83500000e+01 1.66332210e-06
1.84000000e+01 1.65559147e-06
1.84500000e+01 1.65199307e-06
1.85000000e+01 1.65206573e-06
1.85500000e+01 1.65497567e-06
1.86000000e+01 1.65962083e-06
1.86500000e+01 1.66478723e-06
1.87000000e+01 1.66934353e-06
1.87500000e+01 1.67244213e-06
1.88000000e+01 1.67367677e-06
1.88500000e+01 1.67315060e-06
1.89000000e+01 1.67143033e-06
1.89500000e+01 1.66939813e-06
1.90000000e+01 1.66804130e-06
1.90500000e+01 1.66823323e-06
1.91000000e+01 1.67055200e-06
1.91500000e+01 1.67516630e-06
1.92000000e+01 1.68180220e-06
1.92500000e+01 1.68979237e-06
1.93000000e+01 1.69819960e-06
1.93500000e+01 1.70599483e-06
1.94000000e+01 1.71225750e-06
1.94500000e+01 1.71635380e-06
1.95000000e+01 1.71804940e-06
1.95500000e+01 1.71752907e-06
1.96000000e+01 1.71532320e-06
1.96500000e+01 1.71216900e-06
1.97000000e+01 1.70884770e-06
1.97500000e+01 1.70604017e-06
1.98000000e+01 1.70422883e-06
1.98500000e+01 1.70365630e-06
1.99000000e+01 1.70433643e-06
1.99500000e+01 1.70610070e-06
2.00000000e+01 1.70866407e-06
2.00500000e+01 1.71169073e-06
2.01000000e+01 1.71484437e-06
2.01500000e+01 1.71781977e-06
2.02000000e+01 1.72035250e-06
2.02500000e+01 1.72221597e-06
2.03000000e+01 1.72321297e-06
2.03500000e+01 1.72317153e-06
2.04000000e+01 1.72194977e-06
2.04500000e+01 1.71944807e-06
2.05000000e+01 1.71562357e-06
2.05500000e+01 1.71050167e-06
2.06000000e+01 1.70417683e-06
2.06500000e+01 1.69680380e-06
2.07000000e+01 1.68857920e-06
2.07500000e+01 1.67972310e-06
2.08000000e+01 1.67046343e-06
2.08500000e+01 1.66102640e-06
2.09000000e+01 1.65163427e-06
2.09500000e+01 1.64250480e-06
2.10000000e+01 1.63384783e-06
2.10500000e+01 1.62585610e-06
2.11000000e+01 1.61868800e-06
2.11500000e+01 1.61244893e-06
2.12000000e+01 1.60717313e-06
2.12500000e+01 1.60281647e-06
2.13000000e+01 1.59926507e-06
2.13500000e+01 1.59636090e-06
2.14000000e+01 1.59394413e-06
2.14500000e+01 1.59190130e-06
2.15000000e+01 1.59021053e-06
2.15500000e+01 1.58896913e-06
2.16000000e+01 1.58839297e-06
2.16500000e+01 1.58878823e-06
2.17000000e+01 1.59049710e-06
2.17500000e+01 1.59382943e-06
2.18000000e+01 1.59899597e-06
2.18500000e+01 1.60605270e-06
2.19000000e+01 1.61487083e-06
2.19500000e+01 1.62513300e-06
2.20000000e+01 1.63635950e-06
2.20500000e+01 1.64795850e-06
2.21000000e+01 1.65929160e-06
2.21500000e+01 1.66974403e-06
2.22000000e+01 1.67878460e-06
2.22500000e+01 1.68601087e-06
2.23000000e+01 1.69117053e-06
2.23500000e+01 1.69416463e-06
2.24000000e+01 1.69503530e-06
2.24500000e+01 1.69394740e-06
2.25000000e+01 1.69116297e-06
2.25500000e+01 1.68701467e-06
2.26000000e+01 1.68187707e-06
2.26500000e+01 1.67613557e-06
2.27000000e+01 1.67015767e-06
2.27500000e+01 1.66426690e-06
2.28000000e+01 1.65872727e-06
2.28500000e+01 1.65373410e-06
2.29000000e+01 1.64941640e-06
2.29500000e+01 1.64584383e-06
2.30000000e+01 1.64303443e-06
2.30500000e+01 1.64096080e-06
2.31000000e+01 1.63954890e-06
2.31500000e+01 1.63867653e-06
2.32000000e+01 1.63816953e-06
2.32500000e+01 1.63780743e-06
2.33000000e+01 1.63734087e-06
2.33500000e+01 1.63652463e-06
2.34000000e+01 1.63516347e-06
2.34500000e+01 1.63315880e-06
2.35000000e+01 1.63054577e-06
2.35500000e+01 1.62750247e-06
2.36000000e+01 1.62432737e-06
2.36500000e+01 1.62138567e-06
2.37000000e+01 1.61903707e-06
2.37500000e+01 1.61756600e-06
2.38000000e+01 1.61712763e-06
2.38500000e+01 1.61772793e-06
2.39000000e+01 1.61923733e-06
2.39500000e+01 1.62143393e-06
2.40000000e+01 1.62406157e-06
2.40500000e+01 1.62688347e-06
2.41000000e+01 1.62971917e-06
2.41500000e+01 1.63245070e-06
2.42000000e+01 1.63500863e-06
2.42500000e+01 1.63734557e-06
2.43000000e+01 1.63941790e-06
2.43500000e+01 1.64118577e-06
2.44000000e+01 1.64263837e-06
2.44500000e+01 1.64383520e-06
2.45000000e+01 1.64494533e-06
2.45500000e+01 1.64626860e-06
2.46000000e+01 1.64822217e-06
2.46500000e+01 1.65129593e-06
2.47000000e+01 1.65598143e-06
2.47500000e+01 1.66269910e-06
2.48000000e+01 1.67173923e-06
2.48500000e+01 1.68322917e-06
2.49000000e+01 1.69713207e-06
2.49500000e+01 1.71326723e-06
2.50000000e+01 1.73134613e-06
2.50500000e+01 1.75100423e-06
2.51000000e+01 1.77182483e-06
2.51500000e+01 1.79335417e-06
2.52000000e+01 1.81511220e-06
2.52500000e+01 1.83661697e-06
2.53000000e+01 1.85742457e-06
2.53500000e+01 1.87719020e-06
2.54000000e+01 1.89572873e-06
2.54500000e+01 1.91305310e-06
2.55000000e+01 1.92937217e-06
2.55500000e+01 1.94503513e-06
2.56000000e+01 1.96044113e-06
2.56500000e+01 1.97593427e-06
2.57000000e+01 1.99172557e-06
2.57500000e+01 2.00785450e-06
2.58000000e+01 2.02420400e-06
2.58500000e+01 2.04055183e-06
2.59000000e+01 2.05663650e-06
2.59500000e+01 2.07221237e-06
2.60000000e+01 2.08707670e-06
2.60500000e+01 2.10107427e-06
2.61000000e+01 2.11408707e-06
2.61500000e+01 2.12603237e-06
2.62000000e+01 2.13687403e-06
2.62500000e+01 2.14664677e-06
2.63000000e+01 2.15547133e-06
2.63500000e+01 2.16354147e-06
2.64000000e+01 2.17108077e-06
2.64500000e+01 2.17826757e-06
2.65000000e+01 2.18517310e-06
2.65500000e+01 2.19172273e-06
2.66000000e+01 2.19771680e-06
2.66500000e+01 2.20289823e-06
2.67000000e+01 2.20704310e-06
2.67500000e+01 2.21004197e-06
2.68000000e+01 2.21193017e-06
2.68500000e+01 2.21287523e-06
2.69000000e+01 2.21311763e-06
2.69500000e+01 2.21290837e-06
2.70000000e+01 2.21245850e-06
2.70500000e+01 2.21191760e-06
2.71000000e+01 2.21137140e-06
2.71500000e+01 2.21084377e-06
2.72000000e+01 2.21029843e-06
2.72500000e+01 2.20963153e-06
2.73000000e+01 2.20866840e-06
2.73500000e+01 2.20717913e-06
2.74000000e+01 2.20491307e-06
2.74500000e+01 2.20164940e-06
2.75000000e+01 2.19724250e-06
2.75500000e+01 2.19165323e-06
2.76000000e+01 2.18494970e-06
2.76500000e+01 2.17729190e-06
2.77000000e+01 2.16891147e-06
2.77500000e+01 2.16009537e-06
2.78000000e+01 2.15117687e-06
2.78500000e+01 2.14251763e-06
2.79000000e+01 2.13448043e-06
2.79500000e+01 2.12738017e-06
2.80000000e+01 2.12143370e-06
2.80500000e+01 2.11671883e-06
2.81000000e+01 2.11315980e-06
2.81500000e+01 2.11054670e-06
2.82000000e+01 2.10857400e-06
2.82500000e+01 2.10689913e-06
2.83000000e+01 2.10519827e-06
2.83500000e+01 2.10322250e-06
2.84000000e+01 2.10083377e-06
2.84500000e+01 2.09802043e-06
2.85000000e+01 2.09487803e-06
2.85500000e+01 2.09155247e-06
2.86000000e+01 2.08817653e-06
2.86500000e+01 2.08480807e-06
2.87000000e+01 2.08141630e-06
2.87500000e+01 2.07790173e-06
2.88000000e+01 2.07415173e-06
2.88500000e+01 2.07008587e-06
2.89000000e+01 2.06567230e-06
2.89500000e+01 2.06092400e-06
2.90000000e+01 2.05587097e-06
2.90500000e+01 2.05055553e-06
2.91000000e+01 2.04502580e-06
2.91500000e+01 2.03933817e-06
2.92000000e+01 2.03353367e-06
2.92500000e+01 2.02760267e-06
2.93000000e+01 2.02145227e-06
2.93500000e+01 2.01488373e-06
2.94000000e+01 2.00761233e-06
2.94500000e+01 1.99929393e-06
2.95000000e+01 1.98957587e-06
2.95500000e+01 1.97815117e-06
2.96000000e+01 1.96483547e-06
2.96500000e+01 1.94965363e-06
2.97000000e+01 1.93289860e-06
2.97500000e+01 1.91514587e-06
2.98000000e+01 1.89717683e-06
2.98500000e+01 1.87984087e-06
2.99000000e+01 1.86389047e-06
2.99500000e+01 1.84983597e-06
3.00000000e+01 1.83786500e-06
3.00500000e+01 1.82783313e-06
3.01000000e+01 1.81932047e-06
3.01500000e+01 1.81172547e-06
3.02000000e+01 1.80436280e-06
3.02500000e+01 1.79654597e-06
3.03000000e+01 1.78763793e-06
3.03500000e+01 1.77708820e-06
3.04000000e+01 1.76445890e-06
3.04500000e+01 1.74944417e-06
3.05000000e+01 1.73188050e-06
3.05500000e+01 1.71173253e-06
3.06000000e+01 1.68906633e-06
3.06500000e+01 1.66401033e-06
3.07000000e+01 1.63672690e-06
3.07500000e+01 1.60739820e-06
3.08000000e+01 1.57621987e-06
3.08500000e+01 1.54340360e-06
3.09000000e+01 1.50915023e-06
3.09500000e+01 1.47361567e-06
3.10000000e+01 1.43684860e-06
3.10500000e+01 1.39874310e-06
3.11000000e+01 1.35901793e-06
3.11500000e+01 1.31725190e-06
3.12000000e+01 1.27297323e-06
3.12500000e+01 1.19233347e-06
3.13000000e+01 1.13792073e-06
3.13500000e+01 1.09471197e-06
3.14000000e+01 1.04787350e-06
3.14500000e+01 1.00667742e-06
3.15000000e+01 9.70433040e-07
3.15500000e+01 9.33656220e-07
3.16000000e+01 9.04047830e-07
3.16500000e+01 8.77917340e-07
3.17000000e+01 8.46306033e-07
3.17500000e+01 8.25154927e-07
3.18000000e+01 8.16450820e-07
3.18500000e+01 7.90559590e-07
3.19000000e+01 7.75272337e-07
3.19500000e+01 7.61335117e-07
3.20000000e+01 7.38924153e-07
3.20500000e+01 7.27339130e-07
3.21000000e+01 7.16637853e-07
3.21500000e+01 6.97079557e-07
3.22000000e+01 6.88094023e-07
3.22500000e+01 6.79691547e-07
3.23000000e+01 6.62461337e-07
3.23500000e+01 6.66498213e-07
3.24000000e+01 6.59504727e-07
3.24500000e+01 6.44425453e-07
3.25000000e+01 6.38374357e-07
3.25500000e+01 6.32595467e-07
3.26000000e+01 6.19023733e-07
3.26500000e+01 6.13977040e-07
3.27000000e+01 6.01239487e-07
3.27500000e+01 5.96816227e-07
3.28000000e+01 5.92535920e-07
3.28500000e+01 5.80946617e-07
3.29000000e+01 5.86869883e-07
3.29500000e+01 5.82968090e-07
3.30000000e+01 5.72429337e-07
3.30500000e+01 5.68931343e-07
3.31000000e+01 5.58939093e-07
3.31500000e+01 5.55792823e-07
3.32000000e+01 5.52703440e-07
3.32500000e+01 5.43464843e-07
3.33000000e+01 5.40666453e-07
3.33500000e+01 5.31870197e-07
3.34000000e+01 5.29327430e-07
3.34500000e+01 5.26811053e-07
3.35000000e+01 5.26990067e-07
3.35500000e+01 5.24528590e-07
3.36000000e+01 5.16715837e-07
3.36500000e+01 5.14450143e-07
3.37000000e+01 5.06969153e-07
3.37500000e+01 5.04877967e-07
3.38000000e+01 5.02795027e-07
3.38500000e+01 4.95771253e-07
3.39000000e+01 4.93838480e-07
3.39500000e+01 4.87093330e-07
3.40000000e+01 4.85295180e-07
3.40500000e+01 4.78811203e-07
3.41000000e+01 4.84409413e-07
3.41500000e+01 4.82609333e-07
3.42000000e+01 4.76476657e-07
3.42500000e+01 4.74786657e-07
3.43000000e+01 4.68874070e-07
3.43500000e+01 4.67283807e-07
3.44000000e+01 4.61578777e-07
3.44500000e+01 4.60079123e-07
3.45000000e+01 4.54570083e-07
3.45500000e+01 4.53152870e-07
3.46000000e+01 4.51726270e-07
3.46500000e+01 4.46486950e-07
3.47000000e+01 4.45133883e-07
3.47500000e+01 4.46470077e-07
3.48000000e+01 4.45095063e-07
3.48500000e+01 4.40171623e-07
3.49000000e+01 4.38861197e-07
3.49500000e+01 4.34089923e-07
3.50000000e+01 4.32838860e-07
3.50500000e+01 4.28212217e-07
3.51000000e+01 4.27015800e-07
3.51500000e+01 4.22526803e-07
3.52000000e+01 4.21380690e-07
3.52500000e+01 4.17022877e-07
3.53000000e+01 4.15923210e-07
3.53500000e+01 4.11690343e-07
3.54000000e+01 4.16342983e-07
3.54500000e+01 4.15204393e-07
3.55000000e+01 4.11125243e-07
3.55500000e+01 4.10028207e-07
3.56000000e+01 4.06059907e-07
3.56500000e+01 4.05001490e-07
3.57000000e+01 4.01139300e-07
3.57500000e+01 4.00116837e-07
3.58000000e+01 3.96356170e-07
3.58500000e+01 3.95367183e-07
3.59000000e+01 3.91703797e-07
3.59500000e+01 3.90746083e-07
3.60000000e+01 3.87175980e-07
3.60500000e+01 3.86247437e-07
3.61000000e+01 3.87895727e-07
3.61500000e+01 3.86939900e-07
3.62000000e+01 3.83526783e-07
3.62500000e+01 3.82598050e-07
3.63000000e+01 3.79267323e-07
3.63500000e+01 3.78364080e-07
3.64000000e+01 3.75112700e-07
3.64500000e+01 3.74233333e-07
3.65000000e+01 3.71058247e-07
3.65500000e+01 3.70201367e-07
3.66000000e+01 3.67099727e-07
3.66500000e+01 3.66264047e-07
3.67000000e+01 3.63233153e-07
3.67500000e+01 3.62417413e-07
3.68000000e+01 3.64105680e-07
3.68500000e+01 3.63264777e-07
3.69000000e+01 3.60350117e-07
3.69500000e+01 3.57471487e-07
3.70000000e+01 3.56676993e-07
3.70500000e+01 3.53860650e-07
3.71000000e+01 3.53083150e-07
3.71500000e+01 3.50327020e-07
3.72000000e+01 3.49565510e-07
3.72500000e+01 3.46867557e-07
3.73000000e+01 3.46121247e-07
3.73500000e+01 3.43479557e-07
3.74000000e+01 3.42747637e-07
3.74500000e+01 3.40160363e-07
3.75000000e+01 3.39442113e-07
3.75500000e+01 3.41143570e-07
3.76000000e+01 3.40402323e-07
3.76500000e+01 3.37901997e-07
3.77000000e+01 3.37174047e-07
3.77500000e+01 3.34723157e-07
3.78000000e+01 3.34007950e-07
3.78500000e+01 3.31604933e-07
3.79000000e+01 3.29228700e-07
3.79500000e+01 3.28545240e-07
3.80000000e+01 3.26214710e-07
3.80500000e+01 3.25542233e-07
3.81000000e+01 3.23255917e-07
3.81500000e+01 3.22593937e-07
3.82000000e+01 3.20350590e-07
3.82500000e+01 3.19698647e-07
3.83000000e+01 3.21382977e-07
3.83500000e+01 3.20710560e-07
3.84000000e+01 3.18534123e-07
3.84500000e+01 3.16380543e-07
3.85000000e+01 3.15734663e-07
3.85500000e+01 3.13619907e-07
3.86000000e+01 3.12983027e-07
3.86500000e+01 3.10906073e-07
3.87000000e+01 3.10277863e-07
3.87500000e+01 3.08237623e-07
3.88000000e+01 3.07617723e-07
3.88500000e+01 3.05613190e-07
3.89000000e+01 3.03628933e-07
3.89500000e+01 3.03031530e-07
3.90000000e+01 3.01081480e-07
3.90500000e+01 3.00491400e-07
3.91000000e+01 3.02147913e-07
3.91500000e+01 3.01539677e-07
3.92000000e+01 2.99641277e-07
3.92500000e+01 2.99040370e-07
3.93000000e+01 2.97173697e-07
3.93500000e+01 2.95325040e-07
3.94000000e+01 2.94744143e-07
3.94500000e+01 2.92925957e-07
3.95000000e+01 2.92351560e-07
3.95500000e+01 2.90563067e-07
3.96000000e+01 2.89994997e-07
3.96500000e+01 2.88235447e-07
3.97000000e+01 2.86492433e-07
3.97500000e+01 2.85942153e-07
3.98000000e+01 2.84226947e-07
3.98500000e+01 2.83682340e-07
3.99000000e+01 2.85298867e-07
3.99500000e+01 2.84738183e-07
4.00000000e+01 2.83063760e-07
4.00500000e+01 2.81404553e-07
4.01000000e+01 2.80860437e-07
4.01500000e+01 2.79226870e-07
4.02000000e+01 2.78688040e-07
4.02500000e+01 2.77079480e-07
4.03000000e+01 2.76545850e-07
4.03500000e+01 2.74961767e-07
4.04000000e+01 2.73391690e-07
4.04500000e+01 2.72872930e-07
4.05000000e+01 2.71326417e-07
4.05500000e+01 2.70812350e-07
4.06000000e+01 2.69288867e-07
4.06500000e+01 2.67778677e-07
4.07000000e+01 2.67278363e-07
4.07500000e+01 2.68850263e-07
4.08000000e+01 2.68335803e-07
4.08500000e+01 2.66857783e-07
4.09000000e+01 2.66347807e-07
4.09500000e+01 2.64891153e-07
4.10000000e+01 2.63446837e-07
4.10500000e+01 2.62949807e-07
4.11000000e+01 2.61526073e-07
4.11500000e+01 2.61033170e-07
4.12000000e+01 2.59629630e-07
4.12500000e+01 2.58237780e-07
4.13000000e+01 2.57756970e-07
4.13500000e+01 2.56384597e-07
4.14000000e+01 2.55907540e-07
4.14500000e+01 2.54554273e-07
4.15000000e+01 2.53212060e-07
4.15500000e+01 2.52746297e-07
4.16000000e+01 2.51422563e-07
4.16500000e+01 2.53791103e-07
4.17000000e+01 2.52474783e-07
4.17500000e+01 2.51168967e-07
4.18000000e+01 2.50701670e-07
4.18500000e+01 2.49413467e-07
4.19000000e+01 2.48949623e-07
4.19500000e+01 2.47678727e-07
4.20000000e+01 2.46417783e-07
4.20500000e+01 2.45964237e-07
4.21000000e+01 2.44720027e-07
4.21500000e+01 2.44269657e-07
4.22000000e+01 2.43041843e-07
4.22500000e+01 2.41823533e-07
4.23000000e+01 2.41382863e-07
4.23500000e+01 2.40180420e-07
4.24000000e+01 2.39742730e-07
4.24500000e+01 2.38555867e-07
4.25000000e+01 2.37378080e-07
4.25500000e+01 2.39585680e-07
4.26000000e+01 2.38413273e-07
4.26500000e+01 2.37973790e-07
4.27000000e+01 2.36816280e-07
4.27500000e+01 2.35667447e-07
4.28000000e+01 2.35236863e-07
4.28500000e+01 2.34102507e-07
4.29000000e+01 2.32976553e-07
4.29500000e+01 2.32554520e-07
4.30000000e+01 2.31442623e-07
4.30500000e+01 2.31023247e-07
4.31000000e+01 2.29925147e-07
4.31500000e+01 2.28835040e-07
4.32000000e+01 2.28423797e-07
4.32500000e+01 2.27347083e-07
4.33000000e+01 2.26938307e-07
4.33500000e+01 2.25874743e-07
4.34000000e+01 2.24818827e-07
4.34500000e+01 2.24417760e-07
4.35000000e+01 2.25830607e-07
4.35500000e+01 2.24786120e-07
4.36000000e+01 2.24380503e-07
4.36500000e+01 2.23348507e-07
4.37000000e+01 2.22945310e-07
4.37500000e+01 2.21925580e-07
4.38000000e+01 2.20913043e-07
4.38500000e+01 2.20517130e-07
4.39000000e+01 2.19516510e-07
4.39500000e+01 2.18522853e-07
4.40000000e+01 2.18134000e-07
4.40500000e+01 2.17151963e-07
4.41000000e+01 2.16765253e-07
4.41500000e+01 2.15794637e-07
4.42000000e+01 2.14830667e-07
4.42500000e+01 2.14450700e-07
4.43000000e+01 2.13497840e-07
4.43500000e+01 2.12551493e-07
4.44000000e+01 2.12177990e-07
4.44500000e+01 2.11242443e-07
4.45000000e+01 2.13157253e-07
4.45500000e+01 2.12224350e-07
4.46000000e+01 2.11297707e-07
4.46500000e+01 2.10922000e-07
4.47000000e+01 2.10005803e-07
4.47500000e+01 2.09095680e-07
4.48000000e+01 2.08726150e-07
4.48500000e+01 2.07826187e-07
4.49000000e+01 2.06932157e-07
4.49500000e+01 2.06568670e-07
4.50000000e+01 2.05684547e-07
4.50500000e+01 2.05322903e-07
4.51000000e+01 2.04448520e-07
4.51500000e+01 2.03579837e-07
4.52000000e+01 2.03223950e-07
4.52500000e+01 2.02364737e-07
4.53000000e+01 2.01511110e-07
4.53500000e+01 2.01160777e-07
4.54000000e+01 2.00316417e-07
4.54500000e+01 1.99477440e-07
4.55000000e+01 1.99132523e-07
4.55500000e+01 2.00434410e-07
4.56000000e+01 1.99602533e-07
4.56500000e+01 1.99253703e-07
4.57000000e+01 1.98430673e-07
4.57500000e+01 1.98083560e-07
4.58000000e+01 1.97269280e-07
4.58500000e+01 1.96460117e-07
4.59000000e+01 1.96118220e-07
4.59500000e+01 1.95317560e-07
4.60000000e+01 1.94521903e-07
4.60500000e+01 1.94185053e-07
4.61000000e+01 1.93397727e-07
4.61500000e+01 1.92615250e-07
4.62000000e+01 1.92283333e-07
4.62500000e+01 1.91508970e-07
4.63000000e+01 1.90739370e-07
4.63500000e+01 1.90412240e-07
4.64000000e+01 1.89650560e-07
4.64500000e+01 1.88893517e-07
4.65000000e+01 1.88571047e-07
4.65500000e+01 1.87821763e-07
4.66000000e+01 1.89071953e-07
4.66500000e+01 1.88745837e-07
4.67000000e+01 1.88002107e-07
4.67500000e+01 1.87677490e-07
4.68000000e+01 1.86941297e-07
4.68500000e+01 1.86209463e-07
4.69000000e+01 1.85889360e-07
4.69500000e+01 1.85164880e-07
4.70000000e+01 1.84444697e-07
4.70500000e+01 1.84128993e-07
4.71000000e+01 1.83415967e-07
4.71500000e+01 1.82707150e-07
4.72000000e+01 1.82395727e-07
4.72500000e+01 1.81693930e-07
4.73000000e+01 1.80996230e-07
4.73500000e+01 1.80688987e-07
4.74000000e+01 1.79998133e-07
4.74500000e+01 1.79311293e-07
4.75000000e+01 1.79008127e-07
4.75500000e+01 1.78327990e-07
4.76000000e+01 1.77651773e-07
4.76500000e+01 1.77352577e-07
4.77000000e+01 1.78548737e-07
4.77500000e+01 1.77876950e-07
4.78000000e+01 1.77574430e-07
4.78500000e+01 1.76909117e-07
4.79000000e+01 1.76247577e-07
4.79500000e+01 1.75948977e-07
4.80000000e+01 1.75293760e-07
4.80500000e+01 1.74642247e-07
4.81000000e+01 1.74347443e-07
4.81500000e+01 1.73702123e-07
4.82000000e+01 1.73060420e-07
4.82500000e+01 1.72769337e-07
4.83000000e+01 1.72133697e-07
4.83500000e+01 1.71501583e-07
4.84000000e+01 1.71214157e-07
4.84500000e+01 1.70587977e-07
4.85000000e+01 1.69965260e-07
4.85500000e+01 1.69681380e-07
4.86000000e+01 1.69064453e-07
4.86500000e+01 1.68450957e-07
4.87000000e+01 1.68170547e-07
4.87500000e+01 1.67562710e-07
4.88000000e+01 1.66958197e-07
4.88500000e+01 1.68426880e-07
4.89000000e+01 1.67822533e-07
4.89500000e+01 1.67221443e-07
4.90000000e+01 1.66941407e-07
4.90500000e+01 1.66345827e-07
4.91000000e+01 1.65753473e-07
4.91500000e+01 1.65476777e-07
4.92000000e+01 1.64889800e-07
4.92500000e+01 1.64305943e-07
4.93000000e+01 1.63725223e-07
4.93500000e+01 1.63453990e-07
4.94000000e+01 1.62878493e-07
4.94500000e+01 1.62306067e-07
4.95000000e+01 1.62037987e-07
4.95500000e+01 1.61470690e-07
4.96000000e+01 1.60906380e-07
4.96500000e+01 1.60641403e-07
4.97000000e+01 1.60082117e-07
4.97500000e+01 1.59525780e-07
4.98000000e+01 1.59263847e-07
4.98500000e+01 1.58712427e-07
4.99000000e+01 1.58163887e-07
4.99500000e+01 1.57904927e-07
5.00000000e+01 1.57361220e-07
5.00500000e+01 1.58455047e-07
5.01000000e+01 1.58193277e-07
5.01500000e+01 1.57652243e-07
5.02000000e+01 1.57113997e-07
5.02500000e+01 1.56578523e-07
5.03000000e+01 1.56321617e-07
5.03500000e+01 1.55790783e-07
5.04000000e+01 1.55262660e-07
5.04500000e+01 1.55008603e-07
5.05000000e+01 1.54485063e-07
5.05500000e+01 1.53964153e-07
5.06000000e+01 1.53712893e-07
5.06500000e+01 1.53196467e-07
5.07000000e+01 1.52682653e-07
5.07500000e+01 1.52434137e-07
5.08000000e+01 1.51924707e-07
5.08500000e+01 1.51417840e-07
5.09000000e+01 1.51172007e-07
5.09500000e+01 1.50669443e-07
5.10000000e+01 1.50169390e-07
5.10500000e+01 1.49671823e-07
5.11000000e+01 1.49430360e-07
5.11500000e+01 1.48936997e-07
5.12000000e+01 1.48446077e-07
5.12500000e+01 1.48207170e-07
5.13000000e+01 1.49250863e-07
5.13500000e+01 1.48762007e-07
5.14000000e+01 1.48520537e-07
5.14500000e+01 1.48035767e-07
5.15000000e+01 1.47553360e-07
5.15500000e+01 1.47073323e-07
5.16000000e+01 1.46836023e-07
5.16500000e+01 1.46359967e-07
5.17000000e+01 1.45886207e-07
5.17500000e+01 1.45651377e-07
5.18000000e+01 1.45181523e-07
5.18500000e+01 1.44713943e-07
5.19000000e+01 1.44481530e-07
5.19500000e+01 1.44017777e-07
5.20000000e+01 1.43556257e-07
5.20500000e+01 1.43096950e-07
5.21000000e+01 1.42868463e-07
5.21500000e+01 1.42412890e-07
5.22000000e+01 1.41959503e-07
5.22500000e+01 1.41733313e-07
5.23000000e+01 1.41283593e-07
5.23500000e+01 1.40836000e-07
5.24000000e+01 1.40612083e-07
5.24500000e+01 1.40168100e-07
5.25000000e+01 1.39726207e-07
5.25500000e+01 1.39286413e-07
5.26000000e+01 1.39066177e-07
5.26500000e+01 1.40059377e-07
5.27000000e+01 1.39621137e-07
5.27500000e+01 1.39398530e-07
5.28000000e+01 1.38963780e-07
5.28500000e+01 1.38531037e-07
5.29000000e+01 1.38100320e-07
5.29500000e+01 1.37881323e-07
5.30000000e+01 1.37454010e-07
5.30500000e+01 1.37028677e-07
5.31000000e+01 1.36811810e-07
5.31500000e+01 1.36389823e-07
5.32000000e+01 1.35969767e-07
5.32500000e+01 1.35551657e-07
5.33000000e+01 1.35338250e-07
5.33500000e+01 1.34923387e-07
5.34000000e+01 1.34510443e-07
5.34500000e+01 1.34299073e-07
5.35000000e+01 1.33889340e-07
5.35500000e+01 1.33481450e-07
5.36000000e+01 1.33075427e-07
5.36500000e+01 1.32867367e-07
5.37000000e+01 1.32464483e-07
5.37500000e+01 1.32063427e-07
5.38000000e+01 1.31857317e-07
5.38500000e+01 1.31459333e-07
5.39000000e+01 1.31063140e-07
5.39500000e+01 1.30668737e-07
5.40000000e+01 1.31805437e-07
5.40500000e+01 1.31410397e-07
5.41000000e+01 1.31017120e-07
5.41500000e+01 1.30812030e-07
5.42000000e+01 1.30421750e-07
5.42500000e+01 1.30033200e-07
5.43000000e+01 1.29646377e-07
5.43500000e+01 1.29444400e-07
5.44000000e+01 1.29060503e-07
5.44500000e+01 1.28678293e-07
5.45000000e+01 1.28478167e-07
5.45500000e+01 1.28098833e-07
5.46000000e+01 1.27721170e-07
5.46500000e+01 1.27345173e-07
5.47000000e+01 1.27148033e-07
5.47500000e+01 1.26774833e-07
5.48000000e+01 1.26403267e-07
5.48500000e+01 1.26033320e-07
5.49000000e+01 1.25839110e-07
5.49500000e+01 1.25471907e-07
5.50000000e+01 1.25106303e-07
5.50500000e+01 1.24913820e-07
5.51000000e+01 1.24550923e-07
5.51500000e+01 1.24189583e-07
5.52000000e+01 1.23829807e-07
5.52500000e+01 1.23640137e-07
5.53000000e+01 1.23282997e-07
5.53500000e+01 1.22927410e-07
5.54000000e+01 1.23829680e-07
5.54500000e+01 1.23639100e-07
5.55000000e+01 1.23284313e-07
5.55500000e+01 1.22931047e-07
5.56000000e+01 1.22742137e-07
5.56500000e+01 1.22391440e-07
5.57000000e+01 1.22042233e-07
5.57500000e+01 1.21694500e-07
5.58000000e+01 1.21508297e-07
5.58500000e+01 1.21163083e-07
5.59000000e+01 1.20819323e-07
5.59500000e+01 1.20477010e-07
5.60000000e+01 1.20293437e-07
5.60500000e+01 1.19953583e-07
5.61000000e+01 1.19615160e-07
5.61500000e+01 1.19433157e-07
5.62000000e+01 1.19097150e-07
5.62500000e+01 1.18762557e-07
5.63000000e+01 1.18429350e-07
5.63500000e+01 1.18249873e-07
5.64000000e+01 1.17919043e-07
5.64500000e+01 1.17589580e-07
5.65000000e+01 1.17261487e-07
5.65500000e+01 1.17084503e-07
5.66000000e+01 1.16758730e-07
5.66500000e+01 1.16434293e-07
5.67000000e+01 1.16111200e-07
5.67500000e+01 1.15936650e-07
5.68000000e+01 1.15615820e-07
5.68500000e+01 1.15296317e-07
5.69000000e+01 1.16153573e-07
5.69500000e+01 1.15978133e-07
5.70000000e+01 1.15659180e-07
5.70500000e+01 1.15341530e-07
5.71000000e+01 1.15025167e-07
5.71500000e+01 1.14852097e-07
5.72000000e+01 1.14537947e-07
5.72500000e+01 1.14225057e-07
5.73000000e+01 1.14053407e-07
5.73500000e+01 1.13742683e-07
5.74000000e+01 1.13433227e-07
5.74500000e+01 1.13125007e-07
5.75000000e+01 1.12955647e-07
5.75500000e+01 1.12649553e-07
5.76000000e+01 1.12344683e-07
5.76500000e+01 1.12041047e-07
5.77000000e+01 1.11873930e-07
5.77500000e+01 1.11572363e-07
5.78000000e+01 1.11271993e-07
5.78500000e+01 1.10972830e-07
5.79000000e+01 1.10807917e-07
5.79500000e+01 1.10510787e-07
5.80000000e+01 1.10214833e-07
5.80500000e+01 1.09920053e-07
5.81000000e+01 1.09757297e-07
5.81500000e+01 1.09464510e-07
5.82000000e+01 1.09172877e-07
5.82500000e+01 1.08882397e-07
5.83000000e+01 1.08721740e-07
5.83500000e+01 1.08433227e-07
5.84000000e+01 1.08145830e-07
5.84500000e+01 1.08960120e-07
5.85000000e+01 1.08798593e-07
5.85500000e+01 1.08511553e-07
5.86000000e+01 1.08225640e-07
5.86500000e+01 1.07940830e-07
5.87000000e+01 1.07781367e-07
5.87500000e+01 1.07498453e-07
5.88000000e+01 1.07216657e-07
5.88500000e+01 1.06935930e-07
5.89000000e+01 1.06778493e-07
5.89500000e+01 1.06499640e-07
5.90000000e+01 1.06221853e-07
5.90500000e+01 1.05945140e-07
5.91000000e+01 1.05789687e-07
5.91500000e+01 1.05514807e-07
5.92000000e+01 1.05240967e-07
5.92500000e+01 1.04968183e-07
5.93000000e+01 1.04696443e-07
5.93500000e+01 1.04543680e-07
5.94000000e+01 1.04273727e-07
5.94500000e+01 1.04004790e-07
5.95000000e+01 1.03736887e-07
5.95500000e+01 1.03586017e-07
5.96000000e+01 1.03319853e-07
5.96500000e+01 1.03054703e-07
5.97000000e+01 1.02790550e-07
5.97500000e+01 1.02641540e-07
5.98000000e+01 1.02379104e-07
5.98500000e+01 1.02117659e-07
5.99000000e+01 1.01857194e-07
5.99500000e+01 1.01710002e-07
6.00000000e+01 1.01451224e-07
6.00500000e+01 1.02224570e-07
6.01000000e+01 1.01965279e-07
6.01500000e+01 1.01817236e-07
6.02000000e+01 1.01559622e-07
6.02500000e+01 1.01302954e-07
6.03000000e+01 1.01047243e-07
6.03500000e+01 1.00792477e-07
6.04000000e+01 1.00646913e-07
6.04500000e+01 1.00393786e-07
6.05000000e+01 1.00141585e-07
6.05500000e+01 9.98903213e-08
6.06000000e+01 9.97464987e-08
6.06500000e+01 9.94968343e-08
6.07000000e+01 9.92480880e-08
6.07500000e+01 9.90002540e-08
6.08000000e+01 9.88581410e-08
6.08500000e+01 9.86118807e-08
6.09000000e+01 9.83665187e-08
6.09500000e+01 9.81220540e-08
6.10000000e+01 9.79816100e-08
6.10500000e+01 9.77386867e-08
6.11000000e+01 9.74966520e-08
6.11500000e+01 9.72554930e-08
6.12000000e+01 9.70152077e-08
6.12500000e+01 9.68770520e-08
6.13000000e+01 9.66382733e-08
6.13500000e+01 9.64003667e-08
6.14000000e+01 9.61633090e-08
6.14500000e+01 9.60267543e-08
6.15000000e+01 9.57911787e-08
6.15500000e+01 9.55564543e-08
6.16000000e+01 9.53225787e-08
6.16500000e+01 9.50895323e-08
6.17000000e+01 9.49551643e-08
6.17500000e+01 9.56882063e-08
6.18000000e+01 9.54552297e-08
6.18500000e+01 9.52230833e-08
6.19000000e+01 9.50878990e-08
6.19500000e+01 9.48571780e-08
6.20000000e+01 9.46272797e-08
6.20500000e+01 9.43982060e-08
6.21000000e+01 9.42645617e-08
6.21500000e+01 9.40368870e-08
6.22000000e+01 9.38100273e-08
6.22500000e+01 9.35839623e-08
6.23000000e+01 9.33586933e-08
6.23500000e+01 9.32271387e-08
6.24000000e+01 9.30032633e-08
6.24500000e+01 9.27801657e-08
6.25000000e+01 9.25578460e-08
6.25500000e+01 9.23363143e-08
6.26000000e+01 9.22068070e-08
6.26500000e+01 9.19866170e-08
6.27000000e+01 9.17672010e-08
6.27500000e+01 9.15485490e-08
6.28000000e+01 9.14204750e-08
6.28500000e+01 9.12031520e-08
6.29000000e+01 9.09865757e-08
6.29500000e+01 9.07707567e-08
6.30000000e+01 9.05556843e-08
6.30500000e+01 9.04295817e-08
6.31000000e+01 9.02158010e-08
6.31500000e+01 9.00027587e-08
6.32000000e+01 8.97904673e-08
6.32500000e+01 8.96657317e-08
6.33000000e+01 8.94547137e-08
6.33500000e+01 8.92444033e-08
6.34000000e+01 8.90348307e-08
6.34500000e+01 8.88259660e-08
6.35000000e+01 8.96063640e-08
6.35500000e+01 8.93967450e-08
6.36000000e+01 8.91878413e-08
6.36500000e+01 8.89796550e-08
6.37000000e+01 8.87721677e-08
6.37500000e+01 8.86490680e-08
6.38000000e+01 8.84428310e-08
6.38500000e+01 8.82372833e-08
6.39000000e+01 8.80324320e-08
6.39500000e+01 8.79106520e-08
6.40000000e+01 8.77070030e-08
6.40500000e+01 8.75040447e-08
6.41000000e+01 8.73017910e-08
6.41500000e+01 8.71002053e-08
6.42000000e+01 8.69802263e-08
6.42500000e+01 8.67798340e-08
6.43000000e+01 8.65801017e-08
6.43500000e+01 8.63810510e-08
6.44000000e+01 8.61826617e-08
6.44500000e+01 8.60644437e-08
6.45000000e+01 8.58672157e-08
6.45500000e+01 8.56706390e-08
6.46000000e+01 8.54747380e-08
6.46500000e+01 8.52794760e-08
6.47000000e+01 8.51629960e-08
6.47500000e+01 8.49688617e-08
6.48000000e+01 8.47753843e-08
6.48500000e+01 8.45825423e-08
6.49000000e+01 8.43903523e-08
6.49500000e+01 8.42755390e-08
6.50000000e+01 8.40844433e-08
6.50500000e+01 8.38939973e-08
6.51000000e+01 8.37041763e-08
6.51500000e+01 8.35149873e-08
6.52000000e+01 8.34018140e-08
6.52500000e+01 8.32137013e-08
6.53000000e+01 8.38728407e-08
6.53500000e+01 8.36841460e-08
6.54000000e+01 8.34960720e-08
6.54500000e+01 8.33826160e-08
6.55000000e+01 8.31956167e-08
6.55500000e+01 8.30092340e-08
6.56000000e+01 8.28234590e-08
6.56500000e+01 8.26382923e-08
6.57000000e+01 8.25264347e-08
6.57500000e+01 8.23423170e-08
6.58000000e+01 8.21587900e-08
6.58500000e+01 8.19758707e-08
6.59000000e+01 8.17935387e-08
6.59500000e+01 8.16832557e-08
6.60000000e+01 8.15019570e-08
6.60500000e+01 8.13212437e-08
6.61000000e+01 8.11411250e-08
6.61500000e+01 8.09615750e-08
6.62000000e+01 8.08528267e-08
6.62500000e+01 8.06742800e-08
6.63000000e+01 8.04963183e-08
6.63500000e+01 8.03189223e-08
6.64000000e+01 8.01420980e-08
6.64500000e+01 8.00348593e-08
6.65000000e+01 7.98590263e-08
6.65500000e+01 7.96837620e-08
6.66000000e+01 7.95090480e-08
6.66500000e+01 7.93348940e-08
6.67000000e+01 7.92291170e-08
6.67500000e+01 7.90559350e-08
6.68000000e+01 7.88832973e-08
6.68500000e+01 7.87112117e-08
6.69000000e+01 7.85396797e-08
6.69500000e+01 7.83686890e-08
6.70000000e+01 7.82647720e-08
6.70500000e+01 7.80947217e-08
6.71000000e+01 7.79252103e-08
6.71500000e+01 7.77562370e-08
6.72000000e+01 7.75877907e-08
6.72500000e+01 7.82761770e-08
6.73000000e+01 7.81070227e-08
6.73500000e+01 7.79384083e-08
6.74000000e+01 7.77703197e-08
6.74500000e+01 7.76027660e-08
6.75000000e+01 7.74999223e-08
6.75500000e+01 7.73332753e-08
6.76000000e+01 7.71671513e-08
6.76500000e+01 7.70015407e-08
6.77000000e+01 7.68364567e-08
6.77500000e+01 7.66718823e-08
6.78000000e+01 7.65707923e-08
6.78500000e+01 7.64071163e-08
6.79000000e+01 7.62439563e-08
6.79500000e+01 7.60812980e-08
6.80000000e+01 7.59191403e-08
6.80500000e+01 7.58193760e-08
6.81000000e+01 7.56580987e-08
6.81500000e+01 7.54973230e-08
6.82000000e+01 7.53370380e-08
6.82500000e+01 7.51772500e-08
6.83000000e+01 7.50787993e-08
6.83500000e+01 7.49198760e-08
6.84000000e+01 7.47614463e-08
6.84500000e+01 7.46034953e-08
6.85000000e+01 7.44460223e-08
6.85500000e+01 7.42890437e-08
6.86000000e+01 7.41922287e-08
6.86500000e+01 7.40360853e-08
6.87000000e+01 7.38804220e-08
6.87500000e+01 7.37252417e-08
6.88000000e+01 7.35705250e-08
6.88500000e+01 7.34162930e-08
6.89000000e+01 7.33210837e-08
6.89500000e+01 7.31676567e-08
6.90000000e+01 7.30147060e-08
6.90500000e+01 7.28622063e-08
6.91000000e+01 7.27101800e-08
6.91500000e+01 7.26161880e-08
6.92000000e+01 7.24649673e-08
6.92500000e+01 7.30540307e-08
6.93000000e+01 7.29022510e-08
6.93500000e+01 7.27509207e-08
6.94000000e+01 7.26000487e-08
6.94500000e+01 7.25060507e-08
6.95000000e+01 7.23559767e-08
6.95500000e+01 7.22063480e-08
6.96000000e+01 7.20571630e-08
6.96500000e+01 7.19084410e-08
6.97000000e+01 7.17601547e-08
6.97500000e+01 7.16676840e-08
6.98000000e+01 7.15201823e-08
6.98500000e+01 7.13731103e-08
6.99000000e+01 7.12264797e-08
6.99500000e+01 7.10802887e-08
7.00000000e+01 7.09345357e-08
7.00500000e+01 7.08435423e-08
7.01000000e+01 7.06985437e-08
7.01500000e+01 7.05539830e-08
7.02000000e+01 7.04098417e-08
7.02500000e+01 7.02661473e-08
7.03000000e+01 7.01228560e-08
7.03500000e+01 7.00333147e-08
7.04000000e+01 6.98907757e-08
7.04500000e+01 6.97486527e-08
7.05000000e+01 6.96069507e-08
7.05500000e+01 6.94656613e-08
7.06000000e+01 6.93247957e-08
7.06500000e+01 6.92366703e-08
7.07000000e+01 6.90965300e-08
7.07500000e+01 6.89568023e-08
7.08000000e+01 6.88174790e-08
7.08500000e+01 6.86785663e-08
7.09000000e+01 6.85400557e-08
7.09500000e+01 6.84533077e-08
7.10000000e+01 6.83155090e-08
7.10500000e+01 6.81781120e-08
7.11000000e+01 6.80411223e-08
7.11500000e+01 6.79045357e-08
7.12000000e+01 6.77683327e-08
7.12500000e+01 6.76829277e-08
7.13000000e+01 6.75474210e-08
7.13500000e+01 6.74123097e-08
7.14000000e+01 6.79677757e-08
7.14500000e+01 6.78321140e-08
7.15000000e+01 6.76968523e-08
7.15500000e+01 6.76113820e-08
7.16000000e+01 6.74768083e-08
7.16500000e+01 6.73426190e-08
7.17000000e+01 6.72088133e-08
7.17500000e+01 6.70753883e-08
7.18000000e+01 6.69423493e-08
7.18500000e+01 6.68581847e-08
7.19000000e+01 6.67258193e-08
7.19500000e+01 6.65938333e-08
7.20000000e+01 6.64622237e-08
7.20500000e+01 6.63309867e-08
7.21000000e+01 6.62001440e-08
7.21500000e+01 6.60696537e-08
7.22000000e+01 6.59870520e-08
7.22500000e+01 6.58572180e-08
7.23000000e+01 6.57277563e-08
7.23500000e+01 6.55986663e-08
7.24000000e+01 6.54699387e-08
7.24500000e+01 6.53415843e-08
7.25000000e+01 6.52602190e-08
7.25500000e+01 6.51325113e-08
7.26000000e+01 6.50051523e-08
7.26500000e+01 6.48781560e-08
7.27000000e+01 6.47515147e-08
7.27500000e+01 6.46252340e-08
7.28000000e+01 6.44993127e-08
7.28500000e+01 6.44194287e-08
7.29000000e+01 6.42941307e-08
7.29500000e+01 6.41691843e-08
7.30000000e+01 6.40445937e-08
7.30500000e+01 6.39203470e-08
7.31000000e+01 6.37964523e-08
7.31500000e+01 6.37177453e-08
7.32000000e+01 6.35944560e-08
7.32500000e+01 6.34715150e-08
7.33000000e+01 6.33489133e-08
7.33500000e+01 6.32266620e-08
7.34000000e+01 6.31047507e-08
7.34500000e+01 6.29831797e-08
7.35000000e+01 6.29058833e-08
7.35500000e+01 6.27849053e-08
7.36000000e+01 6.33090677e-08
7.36500000e+01 6.31875653e-08
7.37000000e+01 6.30663887e-08
7.37500000e+01 6.29455580e-08
7.38000000e+01 6.28250627e-08
7.38500000e+01 6.27479023e-08
7.39000000e+01 6.26279960e-08
7.39500000e+01 6.25084170e-08
7.40000000e+01 6.23891663e-08
7.40500000e+01 6.22702403e-08
7.41000000e+01 6.21516453e-08
7.41500000e+01 6.20333793e-08
7.42000000e+01 6.19575767e-08
7.42500000e+01 6.18398790e-08
7.43000000e+01 6.17225110e-08
7.43500000e+01 6.16054580e-08
7.44000000e+01 6.14887363e-08
7.44500000e+01 6.13723293e-08
7.45000000e+01 6.12562370e-08
7.45500000e+01 6.11817533e-08
7.46000000e+01 6.10662217e-08
7.46500000e+01 6.09510013e-08
7.47000000e+01 6.08360983e-08
7.47500000e+01 6.07215083e-08
7.48000000e+01 6.06072300e-08
7.48500000e+01 6.04932727e-08
7.49000000e+01 6.04200733e-08
7.49500000e+01 6.03066490e-08
7.50000000e+01 6.01935347e-08
7.50500000e+01 6.00807237e-08
7.51000000e+01 5.99682210e-08
7.51500000e+01 5.98560190e-08
7.52000000e+01 5.97441273e-08
7.52500000e+01 5.96721830e-08
7.53000000e+01 5.95608193e-08
7.53500000e+01 5.94497587e-08
7.54000000e+01 5.93389960e-08
7.54500000e+01 5.92285283e-08
7.55000000e+01 5.91183537e-08
7.55500000e+01 5.90084783e-08
7.56000000e+01 5.88989010e-08
7.56500000e+01 5.88283983e-08
7.57000000e+01 5.87193410e-08
7.57500000e+01 5.86105690e-08
7.58000000e+01 5.85020983e-08
7.58500000e+01 5.83939033e-08
7.59000000e+01 5.88882170e-08
7.59500000e+01 5.87795250e-08
7.60000000e+01 5.87090900e-08
7.60500000e+01 5.86009040e-08
7.61000000e+01 5.84930090e-08
7.61500000e+01 5.83854010e-08
7.62000000e+01 5.82780787e-08
7.62500000e+01 5.81710447e-08
7.63000000e+01 5.80642900e-08
7.63500000e+01 5.79578143e-08
7.64000000e+01 5.78887653e-08
7.64500000e+01 5.77827890e-08
7.65000000e+01 5.76770953e-08
7.65500000e+01 5.75716777e-08
7.66000000e+01 5.74665380e-08
7.66500000e+01 5.73616760e-08
7.67000000e+01 5.72570937e-08
7.67500000e+01 5.71527820e-08
7.68000000e+01 5.70850840e-08
7.68500000e+01 5.69812573e-08
7.69000000e+01 5.68777007e-08
7.69500000e+01 5.67744123e-08
7.70000000e+01 5.66713977e-08
7.70500000e+01 5.65686593e-08
7.71000000e+01 5.64661833e-08
7.71500000e+01 5.63639753e-08
7.72000000e+01 5.62975850e-08
7.72500000e+01 5.61958460e-08
7.73000000e+01 5.60943753e-08
7.73500000e+01 5.59931663e-08
7.74000000e+01 5.58922233e-08
7.74500000e+01 5.57915400e-08
7.75000000e+01 5.56911187e-08
7.75500000e+01 5.55909583e-08
7.76000000e+01 5.55258390e-08
7.76500000e+01 5.54261363e-08
7.77000000e+01 5.53266910e-08
7.77500000e+01 5.52275063e-08
7.78000000e+01 5.51285750e-08
7.78500000e+01 5.50299023e-08
7.79000000e+01 5.49314817e-08
7.79500000e+01 5.48333117e-08
7.80000000e+01 5.47694200e-08
7.80500000e+01 5.46716990e-08
7.81000000e+01 5.45742333e-08
7.81500000e+01 5.44770143e-08
7.82000000e+01 5.43800423e-08
7.82500000e+01 5.42833220e-08
7.83000000e+01 5.41868530e-08
7.83500000e+01 5.46519503e-08
7.84000000e+01 5.45549960e-08
7.84500000e+01 5.44914903e-08
7.85000000e+01 5.43949760e-08
7.85500000e+01 5.42987123e-08
7.86000000e+01 5.42026903e-08
7.86500000e+01 5.41069097e-08
7.87000000e+01 5.40113767e-08
7.87500000e+01 5.39160897e-08
7.88000000e+01 5.38210360e-08
7.88500000e+01 5.37586980e-08
7.89000000e+01 5.36640767e-08
7.89500000e+01 5.35696950e-08
7.90000000e+01 5.34755530e-08
7.90500000e+01 5.33816533e-08
7.91000000e+01 5.32879843e-08
7.91500000e+01 5.31945553e-08
7.92000000e+01 5.31013597e-08
7.92500000e+01 5.30083970e-08
7.93000000e+01 5.29473820e-08
7.93500000e+01 5.28548387e-08
7.94000000e+01 5.27625227e-08
7.94500000e+01 5.26704450e-08
7.95000000e+01 5.25785970e-08
7.95500000e+01 5.24869790e-08
7.96000000e+01 5.23955887e-08
7.96500000e+01 5.23044303e-08
7.97000000e+01 5.22134983e-08
7.97500000e+01 5.21227970e-08
7.98000000e+01 5.20632243e-08
7.98500000e+01 5.19729237e-08
7.99000000e+01 5.18828487e-08
7.99500000e+01 5.17930027e-08
8.00000000e+01 5.17033717e-08
