-2.00000000e+01 4.90571493e-08
-1.99500000e+01 4.92679520e-08
-1.99000000e+01 4.94803123e-08
-1.98500000e+01 4.96942530e-08
-1.98000000e+01 4.99097813e-08
-1.97500000e+01 5.01269267e-08
-1.97000000e+01 5.03456977e-08
-1.96500000e+01 5.05661150e-08
-1.96000000e+01 5.07882027e-08
-1.95500000e+01 5.10119690e-08
-1.95000000e+01 5.12374413e-08
-1.94500000e+01 5.14646357e-08
-1.94000000e+01 5.16935777e-08
-1.93500000e+01 5.19242803e-08
-1.93000000e+01 5.21567630e-08
-1.92500000e+01 5.23910500e-08
-1.92000000e+01 5.26271600e-08
-1.91500000e+01 5.28651207e-08
-1.91000000e+01 5.31049430e-08
-1.90500000e+01 5.33466570e-08
-1.90000000e+01 5.35902847e-08
-1.89500000e+01 5.38358440e-08
-1.89000000e+01 5.40833633e-08
-1.88500000e+01 5.43328587e-08
-1.88000000e+01 5.45843600e-08
-1.87500000e+01 5.48378880e-08
-1.87000000e+01 5.50934750e-08
-1.86500000e+01 5.53511323e-08
-1.86000000e+01 5.56109000e-08
-1.85500000e+01 5.58727930e-08
-1.85000000e+01 5.61368397e-08
-1.84500000e+01 5.64030730e-08
-1.84000000e+01 5.66715097e-08
-1.83500000e+01 5.69421850e-08
-1.83000000e+01 5.72151283e-08
-1.82500000e+01 5.74903613e-08
-1.82000000e+01 5.77679190e-08
-1.81500000e+01 5.80478243e-08
-1.81000000e+01 5.83301133e-08
-1.80500000e+01 5.86148123e-08
-1.80000000e+01 5.89019610e-08
-1.79500000e+01 5.91915763e-08
-1.79000000e+01 5.94837070e-08
-1.78500000e+01 5.97783727e-08
-1.78000000e+01 6.00756100e-08
-1.77500000e+01 6.03754600e-08
-1.77000000e+01 6.06779443e-08
-1.76500000e+01 6.09831090e-08
-1.76000000e+01 6.12909843e-08
-1.75500000e+01 6.16016147e-08
-1.75000000e+01 6.19150280e-08
-1.74500000e+01 6.22312640e-08
-1.74000000e+01 6.25503630e-08
-1.73500000e+01 6.28723617e-08
-1.73000000e+01 6.31973080e-08
-1.72500000e+01 6.35252297e-08
-1.72000000e+01 6.38561783e-08
-1.71500000e+01 6.41901970e-08
-1.71000000e+01 6.45273213e-08
-1.70500000e+01 6.48676020e-08
-1.70000000e+01 6.52110760e-08
-1.69500000e+01 6.55577960e-08
-1.69000000e+01 6.59078040e-08
-1.68500000e+01 6.62611573e-08
-1.68000000e+01 6.66178873e-08
-1.67500000e+01 6.69780620e-08
-1.67000000e+01 6.73417187e-08
-1.66500000e+01 6.77089097e-08
-1.66000000e+01 6.80796973e-08
-1.65500000e+01 6.84541190e-08
-1.65000000e+01 6.88322433e-08
-1.64500000e+01 6.92141187e-08
-1.64000000e+01 6.95998113e-08
-1.63500000e+01 6.99893703e-08
-1.63000000e+01 7.03828510e-08
-1.62500000e+01 7.07803233e-08
-1.62000000e+01 7.11818417e-08
-1.61500000e+01 7.15874803e-08
-1.61000000e+01 7.19972870e-08
-1.60500000e+01 7.24113470e-08
-1.60000000e+01 7.28297120e-08
-1.59500000e+01 7.32524523e-08
-1.59000000e+01 7.36796497e-08
-1.58500000e+01 7.41113577e-08
-1.58000000e+01 7.45476653e-08
-1.57500000e+01 7.49886393e-08
-1.57000000e+01 7.54343663e-08
-1.56500000e+01 7.58849060e-08
-1.56000000e+01 7.63403623e-08
-1.55500000e+01 7.68007990e-08
-1.55000000e+01 7.72663020e-08
-1.54500000e+01 7.77369687e-08
-1.54000000e+01 7.82128683e-08
-1.53500000e+01 7.86941070e-08
-1.53000000e+01 7.91807750e-08
-1.52500000e+01 7.96729570e-08
-1.52000000e+01 8.01707587e-08
-1.51500000e+01 8.06742677e-08
-1.51000000e+01 8.11835967e-08
-1.50500000e+01 8.16988400e-08
-1.50000000e+01 8.22201193e-08
-1.49500000e+01 8.27475173e-08
-1.49000000e+01 8.32811753e-08
-1.48500000e+01 8.38211860e-08
-1.48000000e+01 8.43676680e-08
-1.47500000e+01 8.49207557e-08
-1.47000000e+01 8.54805493e-08
-1.46500000e+01 8.60471963e-08
-1.46000000e+01 8.66208143e-08
-1.45500000e+01 8.72015487e-08
-1.45000000e+01 8.77895240e-08
-1.44500000e+01 8.83848747e-08
-1.44000000e+01 8.89877583e-08
-1.43500000e+01 8.95983110e-08
-1.43000000e+01 9.02167003e-08
-1.42500000e+01 9.08430570e-08
-1.42000000e+01 9.14775633e-08
-1.41500000e+01 9.21203797e-08
-1.41000000e+01 9.27716630e-08
-1.40500000e+01 9.34315990e-08
-1.40000000e+01 9.41003517e-08
-1.39500000e+01 9.47781200e-08
-1.39000000e+01 9.54650800e-08
-1.38500000e+01 9.61614457e-08
-1.38000000e+01 9.68673823e-08
-1.37500000e+01 9.75831360e-08
-1.37000000e+01 9.83088907e-08
-1.36500000e+01 9.90448637e-08
-1.36000000e+01 9.97913030e-08
-1.35500000e+01 1.00548403e-07
-1.35000000e+01 1.01316438e-07
-1.34500000e+01 1.02095637e-07
-1.34000000e+01 1.02886250e-07
-1.33500000e+01 1.03688550e-07
-1.33000000e+01 1.04502783e-07
-1.32500000e+01 1.05329250e-07
-1.32000000e+01 1.06168223e-07
-1.31500000e+01 1.07020020e-07
-1.31000000e+01 1.07884910e-07
-1.30500000e+01 1.08763253e-07
-1.30000000e+01 1.09655340e-07
-1.29500000e+01 1.10561503e-07
-1.29000000e+01 1.11482130e-07
-1.28500000e+01 1.12417530e-07
-1.28000000e+01 1.13368117e-07
-1.27500000e+01 1.14334247e-07
-1.27000000e+01 1.15316350e-07
-1.26500000e+01 1.16314803e-07
-1.26000000e+01 1.17330057e-07
-1.25500000e+01 1.18362547e-07
-1.25000000e+01 1.19412717e-07
-1.24500000e+01 1.20481073e-07
-1.24000000e+01 1.21568067e-07
-1.23500000e+01 1.22674247e-07
-1.23000000e+01 1.23800137e-07
-1.22500000e+01 1.24946263e-07
-1.22000000e+01 1.26113220e-07
-1.21500000e+01 1.27301573e-07
-1.21000000e+01 1.28511973e-07
-1.20500000e+01 1.29745030e-07
-1.20000000e+01 1.31001450e-07
-1.19500000e+01 1.32281863e-07
-1.19000000e+01 1.33587060e-07
-1.18500000e+01 1.34917747e-07
-1.18000000e+01 1.36274707e-07
-1.17500000e+01 1.37658777e-07
-1.17000000e+01 1.39070767e-07
-1.16500000e+01 1.40511610e-07
-1.16000000e+01 1.41982193e-07
-1.15500000e+01 1.43483513e-07
-1.15000000e+01 1.45016550e-07
-1.14500000e+01 1.46582340e-07
-1.14000000e+01 1.48182030e-07
-1.13500000e+01 1.49816723e-07
-1.13000000e+01 1.51487673e-07
-1.12500000e+01 1.53196063e-07
-1.12000000e+01 1.54943307e-07
-1.11500000e+01 1.56730720e-07
-1.11000000e+01 1.58559750e-07
-1.10500000e+01 1.60431953e-07
-1.10000000e+01 1.62348873e-07
-1.09500000e+01 1.64312250e-07
-1.09000000e+01 1.66323813e-07
-1.08500000e+01 1.68385427e-07
-1.08000000e+01 1.70498973e-07
-1.07500000e+01 1.72666610e-07
-1.07000000e+01 1.74890443e-07
-1.06500000e+01 1.77172747e-07
-1.06000000e+01 1.79515930e-07
-1.05500000e+01 1.81922530e-07
-1.05000000e+01 1.84395257e-07
-1.04500000e+01 1.86936937e-07
-1.04000000e+01 1.89550550e-07
-1.03500000e+01 1.92239263e-07
-1.03000000e+01 1.95006467e-07
-1.02500000e+01 1.97855763e-07
-1.02000000e+01 2.00790883e-07
-1.01500000e+01 2.03815897e-07
-1.01000000e+01 2.06935047e-07
-1.00500000e+01 2.10152967e-07
-1.00000000e+01 2.13474460e-07
-9.95000000e+00 2.16904687e-07
-9.90000000e+00 2.20449193e-07
-9.85000000e+00 2.24113877e-07
-9.80000000e+00 2.27905113e-07
-9.75000000e+00 2.31829607e-07
-9.70000000e+00 2.35894607e-07
-9.65000000e+00 2.40107897e-07
-9.60000000e+00 2.44477850e-07
-9.55000000e+00 2.49013457e-07
-9.50000000e+00 2.53724353e-07
-9.45000000e+00 2.58620993e-07
-9.40000000e+00 2.63714630e-07
-9.35000000e+00 2.69017550e-07
-9.30000000e+00 2.74542850e-07
-9.25000000e+00 2.80304747e-07
-9.20000000e+00 2.86318857e-07
-9.15000000e+00 2.92602017e-07
-9.10000000e+00 2.99172687e-07
-9.05000000e+00 3.06050843e-07
-9.00000000e+00 3.13258323e-07
-8.95000000e+00 3.20819167e-07
-8.90000000e+00 3.28759787e-07
-8.85000000e+00 3.37108893e-07
-8.80000000e+00 3.45898217e-07
-8.75000000e+00 3.55162820e-07
-8.70000000e+00 3.64941457e-07
-8.65000000e+00 3.75277053e-07
-8.60000000e+00 3.86217030e-07
-8.55000000e+00 3.97814060e-07
-8.50000000e+00 4.10127200e-07
-8.45000000e+00 4.23222187e-07
-8.40000000e+00 4.37172603e-07
-8.35000000e+00 4.52060810e-07
-8.30000000e+00 4.67979697e-07
-8.25000000e+00 4.85033830e-07
-8.20000000e+00 5.03341583e-07
-8.15000000e+00 5.23036553e-07
-8.10000000e+00 5.44270463e-07
-8.05000000e+00 5.67215793e-07
-8.00000000e+00 5.92069507e-07
-7.95000000e+00 6.19055943e-07
-7.90000000e+00 6.48431290e-07
-7.85000000e+00 6.80488270e-07
-7.80000000e+00 7.15562080e-07
-7.75000000e+00 7.54034977e-07
-7.70000000e+00 7.96341860e-07
-7.65000000e+00 8.42976477e-07
-7.60000000e+00 8.94493493e-07
-7.55000000e+00 9.51510753e-07
-7.50000000e+00 1.01470305e-06
-7.45000000e+00 1.08478923e-06
-7.40000000e+00 1.16250413e-06
-7.35000000e+00 1.24854720e-06
-7.30000000e+00 1.34350827e-06
-7.25000000e+00 1.44774727e-06
-7.20000000e+00 1.56124653e-06
-7.15000000e+00 1.68342513e-06
-7.10000000e+00 1.81296873e-06
-7.05000000e+00 1.94772203e-06
-7.00000000e+00 2.08473080e-06
-6.95000000e+00 2.22050470e-06
-6.90000000e+00 2.35145497e-06
-6.85000000e+00 2.47440700e-06
-6.80000000e+00 2.58694380e-06
-6.75000000e+00 2.68748003e-06
-6.70000000e+00 2.77509420e-06
-6.65000000e+00 2.84934070e-06
-6.60000000e+00 2.91018670e-06
-6.55000000e+00 2.95810747e-06
-6.50000000e+00 2.99420857e-06
-6.45000000e+00 3.02022243e-06
-6.40000000e+00 3.03839453e-06
-6.35000000e+00 3.05124513e-06
-6.30000000e+00 3.06134983e-06
-6.25000000e+00 3.07109110e-06
-6.20000000e+00 3.08240777e-06
-6.15000000e+00 3.09646097e-06
-6.10000000e+00 3.11328910e-06
-6.05000000e+00 3.13164127e-06
-6.00000000e+00 3.14911323e-06
-5.95000000e+00 3.16270833e-06
-5.90000000e+00 3.16961793e-06
-5.85000000e+00 3.16804563e-06
-5.80000000e+00 3.15772100e-06
-5.75000000e+00 3.13994880e-06
-5.70000000e+00 3.11716523e-06
-5.65000000e+00 3.09214983e-06
-5.60000000e+00 3.06722377e-06
-5.55000000e+00 3.04368670e-06
-5.50000000e+00 3.02173310e-06
-5.45000000e+00 3.00076847e-06
-5.40000000e+00 2.97995037e-06
-5.35000000e+00 2.95864633e-06
-5.30000000e+00 2.93658700e-06
-5.25000000e+00 2.91372763e-06
-5.20000000e+00 2.88995600e-06
-5.15000000e+00 2.86490803e-06
-5.10000000e+00 2.83797003e-06
-5.05000000e+00 2.80845387e-06
-5.00000000e+00 2.77584150e-06
-4.95000000e+00 2.73999183e-06
-4.90000000e+00 2.70129057e-06
-4.85000000e+00 2.66069423e-06
-4.80000000e+00 2.61967687e-06
-4.75000000e+00 2.58005347e-06
-4.70000000e+00 2.54371370e-06
-4.65000000e+00 2.51235060e-06
-4.60000000e+00 2.48724907e-06
-4.55000000e+00 2.46920260e-06
-4.50000000e+00 2.45852470e-06
-4.45000000e+00 2.45512957e-06
-4.40000000e+00 2.45861710e-06
-4.35000000e+00 2.46832480e-06
-4.30000000e+00 2.48335717e-06
-4.25000000e+00 2.50259550e-06
-4.20000000e+00 2.52473417e-06
-4.15000000e+00 2.54832417e-06
-4.10000000e+00 2.57184797e-06
-4.05000000e+00 2.59380847e-06
-4.00000000e+00 2.61284537e-06
-3.95000000e+00 2.62789113e-06
-3.90000000e+00 2.63833883e-06
-3.85000000e+00 2.64420457e-06
-3.80000000e+00 2.64619113e-06
-3.75000000e+00 2.64563443e-06
-3.70000000e+00 2.64430107e-06
-3.65000000e+00 2.64409250e-06
-3.60000000e+00 2.64673103e-06
-3.55000000e+00 2.65349157e-06
-3.50000000e+00 2.66506130e-06
-3.45000000e+00 2.68151523e-06
-3.40000000e+00 2.70243163e-06
-3.35000000e+00 2.72709013e-06
-3.30000000e+00 2.75470920e-06
-3.25000000e+00 2.78465720e-06
-3.20000000e+00 2.81656710e-06
-3.15000000e+00 2.85034587e-06
-3.10000000e+00 2.88607080e-06
-3.05000000e+00 2.92384133e-06
-3.00000000e+00 2.96363370e-06
-2.95000000e+00 3.00521987e-06
-2.90000000e+00 3.04816787e-06
-2.85000000e+00 3.09191670e-06
-2.80000000e+00 3.13590063e-06
-2.75000000e+00 3.17966940e-06
-2.70000000e+00 3.22298230e-06
-2.65000000e+00 3.26583847e-06
-2.60000000e+00 3.30845777e-06
-2.55000000e+00 3.35121457e-06
-2.50000000e+00 3.39454993e-06
-2.45000000e+00 3.43888617e-06
-2.40000000e+00 3.48455240e-06
-2.35000000e+00 3.53173417e-06
-2.30000000e+00 3.58045410e-06
-2.25000000e+00 3.63058913e-06
-2.20000000e+00 3.68192533e-06
-2.15000000e+00 3.73424583e-06
-2.10000000e+00 3.78743227e-06
-2.05000000e+00 3.84155010e-06
-2.00000000e+00 3.89688927e-06
-1.95000000e+00 3.95394347e-06
-1.90000000e+00 4.01331300e-06
-1.85000000e+00 4.07555507e-06
-1.80000000e+00 4.14101210e-06
-1.75000000e+00 4.20965590e-06
-1.70000000e+00 4.28098940e-06
-1.65000000e+00 4.35403853e-06
-1.60000000e+00 4.42745297e-06
-1.55000000e+00 4.49969357e-06
-1.50000000e+00 4.56928063e-06
-1.45000000e+00 4.63502940e-06
-1.40000000e+00 4.69620203e-06
-1.35000000e+00 4.75253140e-06
-1.30000000e+00 4.80409360e-06
-1.25000000e+00 4.85107340e-06
-1.20000000e+00 4.89349067e-06
-1.15000000e+00 4.93098653e-06
-1.10000000e+00 4.96273823e-06
-1.05000000e+00 4.98755170e-06
-1.00000000e+00 5.00414117e-06
-9.50000000e-01 5.01150950e-06
-9.00000000e-01 5.00936560e-06
-8.50000000e-01 4.99841723e-06
-8.00000000e-01 4.98048387e-06
-7.50000000e-01 4.95837187e-06
-7.00000000e-01 4.93556190e-06
-6.50000000e-01 4.91579043e-06
-6.00000000e-01 4.90261067e-06
-5.50000000e-01 4.89902097e-06
-5.00000000e-01 4.90718047e-06
-4.50000000e-01 4.92823867e-06
-4.00000000e-01 4.96224870e-06
-3.50000000e-01 5.00816940e-06
-3.00000000e-01 5.06393213e-06
-2.50000000e-01 5.12658840e-06
-2.00000000e-01 5.19253540e-06
-1.50000000e-01 5.25782527e-06
-1.00000000e-01 5.31853403e-06
-5.00000000e-02 5.37115223e-06
0.00000000e+00 5.41293703e-06
5.00000000e-02 5.44214657e-06
1.00000000e-01 5.45814203e-06
1.50000000e-01 5.46132047e-06
2.00000000e-01 5.45292577e-06
2.50000000e-01 5.43479023e-06
3.00000000e-01 5.40906123e-06
3.50000000e-01 5.37795760e-06
4.00000000e-01 5.34358583e-06
4.50000000e-01 5.30782723e-06
5.00000000e-01 5.27228713e-06
5.50000000e-01 5.23829810e-06
6.00000000e-01 5.20697030e-06
6.50000000e-01 5.17926360e-06
7.00000000e-01 5.15606950e-06
7.50000000e-01 5.13827690e-06
8.00000000e-01 5.12681393e-06
8.50000000e-01 5.12263667e-06
9.00000000e-01 5.12667107e-06
9.50000000e-01 5.13970983e-06
1.00000000e+00 5.16227760e-06
1.05000000e+00 5.19448400e-06
1.10000000e+00 5.23588903e-06
1.15000000e+00 5.28540490e-06
1.20000000e+00 5.34124917e-06
1.25000000e+00 5.40098517e-06
1.30000000e+00 5.46165453e-06
1.35000000e+00 5.52002047e-06
1.40000000e+00 5.57290240e-06
1.45000000e+00 5.61757013e-06
1.50000000e+00 5.65211893e-06
1.55000000e+00 5.67575103e-06
1.60000000e+00 5.68889663e-06
1.65000000e+00 5.69311737e-06
1.70000000e+00 5.69083643e-06
1.75000000e+00 5.68494093e-06
1.80000000e+00 5.67834987e-06
1.85000000e+00 5.67363077e-06
1.90000000e+00 5.67272213e-06
1.95000000e+00 5.67680260e-06
2.00000000e+00 5.68628460e-06
2.05000000e+00 5.70093303e-06
2.10000000e+00 5.72006990e-06
2.15000000e+00 5.74280783e-06
2.20000000e+00 5.76829633e-06
2.25000000e+00 5.79590803e-06
2.30000000e+00 5.82536550e-06
2.35000000e+00 5.85676270e-06
2.40000000e+00 5.89050997e-06
2.45000000e+00 5.92720140e-06
2.50000000e+00 5.96743617e-06
2.55000000e+00 6.01164330e-06
2.60000000e+00 6.05991383e-06
2.65000000e+00 6.11189010e-06
2.70000000e+00 6.16671170e-06
2.75000000e+00 6.22304083e-06
2.80000000e+00 6.27915150e-06
2.85000000e+00 6.33308170e-06
2.90000000e+00 6.38283743e-06
2.95000000e+00 6.42660747e-06
3.00000000e+00 6.46297193e-06
3.05000000e+00 6.49107253e-06
3.10000000e+00 6.51071443e-06
3.15000000e+00 6.52240147e-06
3.20000000e+00 6.52728153e-06
3.25000000e+00 6.52704110e-06
3.30000000e+00 6.52373520e-06
3.35000000e+00 6.51959907e-06
3.40000000e+00 6.51684797e-06
3.45000000e+00 6.51748340e-06
3.50000000e+00 6.52313797e-06
3.55000000e+00 6.53495870e-06
3.60000000e+00 6.55353523e-06
3.65000000e+00 6.57889023e-06
3.70000000e+00 6.61051513e-06
3.75000000e+00 6.64745637e-06
3.80000000e+00 6.68842653e-06
3.85000000e+00 6.73195717e-06
3.90000000e+00 6.77655000e-06
3.95000000e+00 6.82082307e-06
4.00000000e+00 6.86363893e-06
4.05000000e+00 6.90418753e-06
4.10000000e+00 6.94202083e-06
4.15000000e+00 6.97702310e-06
4.20000000e+00 7.00933453e-06
4.25000000e+00 7.03922140e-06
4.30000000e+00 7.06693817e-06
4.35000000e+00 7.09259597e-06
4.40000000e+00 7.11606963e-06
4.45000000e+00 7.13696197e-06
4.50000000e+00 7.15464110e-06
4.55000000e+00 7.16833780e-06
4.60000000e+00 7.17728920e-06
4.65000000e+00 7.18090670e-06
4.70000000e+00 7.17892133e-06
4.75000000e+00 7.17148120e-06
4.80000000e+00 7.15917300e-06
4.85000000e+00 7.14296607e-06
4.90000000e+00 7.12407580e-06
4.95000000e+00 7.10379997e-06
5.00000000e+00 7.08333820e-06
5.05000000e+00 7.06364217e-06
5.10000000e+00 7.04532713e-06
5.15000000e+00 7.02864473e-06
5.20000000e+00 7.01353477e-06
5.25000000e+00 6.99972327e-06
5.30000000e+00 6.98687713e-06
5.35000000e+00 6.97475577e-06
5.40000000e+00 6.96335463e-06
5.45000000e+00 6.95299843e-06
5.50000000e+00 6.94436390e-06
5.55000000e+00 6.93842483e-06
5.60000000e+00 6.93631393e-06
5.65000000e+00 6.93913743e-06
5.70000000e+00 6.94775137e-06
5.75000000e+00 6.96254807e-06
5.80000000e+00 6.98327977e-06
5.85000000e+00 7.00895153e-06
5.90000000e+00 7.03781317e-06
5.95000000e+00 7.06744890e-06
6.00000000e+00 7.09499437e-06
6.05000000e+00 7.11744220e-06
6.10000000e+00 7.13201873e-06
6.15000000e+00 7.13656313e-06
6.20000000e+00 7.12984593e-06
6.25000000e+00 7.11176227e-06
6.30000000e+00 7.08335153e-06
6.35000000e+00 7.04664803e-06
6.40000000e+00 7.00439067e-06
6.45000000e+00 6.95965097e-06
6.50000000e+00 6.91545263e-06
6.55000000e+00 6.87443397e-06
6.60000000e+00 6.83860173e-06
6.65000000e+00 6.80918357e-06
6.70000000e+00 6.78658700e-06
6.75000000e+00 6.77045587e-06
6.80000000e+00 6.75980520e-06
6.85000000e+00 6.75322163e-06
6.90000000e+00 6.74909613e-06
6.95000000e+00 6.74587270e-06
7.00000000e+00 6.74226830e-06
7.05000000e+00 6.73743820e-06
7.10000000e+00 6.73106617e-06
7.15000000e+00 6.72336237e-06
7.20000000e+00 6.71497850e-06
7.25000000e+00 6.70686667e-06
7.30000000e+00 6.70009733e-06
7.35000000e+00 6.69568333e-06
7.40000000e+00 6.69441780e-06
7.45000000e+00 6.69675920e-06
7.50000000e+00 6.70276020e-06
7.55000000e+00 6.71205297e-06
7.60000000e+00 6.72388393e-06
7.65000000e+00 6.73719143e-06
7.70000000e+00 6.75071963e-06
7.75000000e+00 6.76315033e-06
7.80000000e+00 6.77323913e-06
7.85000000e+00 6.77993813e-06
7.90000000e+00 6.78249123e-06
7.95000000e+00 6.78048560e-06
8.00000000e+00 6.77386530e-06
8.05000000e+00 6.76290130e-06
8.10000000e+00 6.74813723e-06
8.15000000e+00 6.73031300e-06
8.20000000e+00 6.71029213e-06
8.25000000e+00 6.68899027e-06
8.30000000e+00 6.66731877e-06
8.35000000e+00 6.64613927e-06
8.40000000e+00 6.62622797e-06
8.45000000e+00 6.60824843e-06
8.50000000e+00 6.59272317e-06
8.55000000e+00 6.58001020e-06
8.60000000e+00 6.57028000e-06
8.65000000e+00 6.56350087e-06
8.70000000e+00 6.55942903e-06
8.75000000e+00 6.55761843e-06
8.80000000e+00 6.55744583e-06
8.85000000e+00 6.55815843e-06
8.90000000e+00 6.55893550e-06
8.95000000e+00 6.55896903e-06
9.00000000e+00 6.55754900e-06
9.05000000e+00 6.55414123e-06
9.10000000e+00 6.54845507e-06
9.15000000e+00 6.54048030e-06
9.20000000e+00 6.53049803e-06
9.25000000e+00 6.51905320e-06
9.30000000e+00 6.50690220e-06
9.35000000e+00 6.49493767e-06
9.40000000e+00 6.48410613e-06
9.45000000e+00 6.47532173e-06
9.50000000e+00 6.46939577e-06
9.55000000e+00 6.46697870e-06
9.60000000e+00 6.46852040e-06
9.65000000e+00 6.47425467e-06
9.70000000e+00 6.48419837e-06
9.75000000e+00 6.49817370e-06
9.80000000e+00 6.51584333e-06
9.85000000e+00 6.53676007e-06
9.90000000e+00 6.56042397e-06
9.95000000e+00 6.58634070e-06
1.00000000e+01 6.61407080e-06
1.00500000e+01 6.64326867e-06
1.01000000e+01 6.67369920e-06
1.01500000e+01 6.70523670e-06
1.02000000e+01 6.73784257e-06
1.02500000e+01 6.77153163e-06
1.03000000e+01 6.80633287e-06
1.03500000e+01 6.84224543e-06
1.04000000e+01 6.87920747e-06
1.04500000e+01 6.91706497e-06
1.05000000e+01 6.95555603e-06
1.05500000e+01 6.99429910e-06
1.06000000e+01 7.03279063e-06
1.06500000e+01 7.07041297e-06
1.07000000e+01 7.10645103e-06
1.07500000e+01 7.14012387e-06
1.08000000e+01 7.17062897e-06
1.08500000e+01 7.19719863e-06
1.09000000e+01 7.21916260e-06
1.09500000e+01 7.23600703e-06
1.10000000e+01 7.24741903e-06
1.10500000e+01 7.25330927e-06
1.11000000e+01 7.25380517e-06
1.11500000e+01 7.24922053e-06
1.12000000e+01 7.23999840e-06
1.12500000e+01 7.22664553e-06
1.13000000e+01 7.20966307e-06
1.13500000e+01 7.18948387e-06
1.14000000e+01 7.16642443e-06
1.14500000e+01 7.14065343e-06
1.15000000e+01 7.11218543e-06
1.15500000e+01 7.08089133e-06
1.16000000e+01 7.04653227e-06
1.16500000e+01 7.00881373e-06
1.17000000e+01 6.96745073e-06
1.17500000e+01 6.92224397e-06
1.18000000e+01 6.87315257e-06
1.18500000e+01 6.82035627e-06
1.19000000e+01 6.76430027e-06
1.19500000e+01 6.70570933e-06
1.20000000e+01 6.64557223e-06
1.20500000e+01 6.58509783e-06
1.21000000e+01 6.52564440e-06
1.21500000e+01 6.46863630e-06
1.22000000e+01 6.41546790e-06
1.22500000e+01 6.36741580e-06
1.23000000e+01 6.32555907e-06
1.23500000e+01 6.29071513e-06
1.24000000e+01 6.26339630e-06
1.24500000e+01 6.24378893e-06
1.25000000e+01 6.23175647e-06
1.25500000e+01 6.22686433e-06
1.26000000e+01 6.22842663e-06
1.26500000e+01 6.23557527e-06
1.27000000e+01 6.24734077e-06
1.27500000e+01 6.26274503e-06
1.28000000e+01 6.28089153e-06
1.28500000e+01 6.30104570e-06
1.29000000e+01 6.32269220e-06
1.29500000e+01 6.34556283e-06
1.30000000e+01 6.36962497e-06
1.30500000e+01 6.39503607e-06
1.31000000e+01 6.42206697e-06
1.31500000e+01 6.45100510e-06
1.32000000e+01 6.48205223e-06
1.32500000e+01 6.51522993e-06
1.33000000e+01 6.55031050e-06
1.33500000e+01 6.58677647e-06
1.34000000e+01 6.62382383e-06
1.34500000e+01 6.66040290e-06
1.35000000e+01 6.69530450e-06
1.35500000e+01 6.72726977e-06
1.36000000e+01 6.75512160e-06
1.36500000e+01 6.77789437e-06
1.37000000e+01 6.79494593e-06
1.37500000e+01 6.80603140e-06
1.38000000e+01 6.81132773e-06
1.38500000e+01 6.81140617e-06
1.39000000e+01 6.80714883e-06
1.39500000e+01 6.79962517e-06
1.40000000e+01 6.78994367e-06
1.40500000e+01 6.77910477e-06
1.41000000e+01 6.76786540e-06
1.41500000e+01 6.75664290e-06
1.42000000e+01 6.74546507e-06
1.42500000e+01 6.73398020e-06
1.43000000e+01 6.72151697e-06
1.43500000e+01 6.70719513e-06
1.44000000e+01 6.69007330e-06
1.44500000e+01 6.66931153e-06
1.45000000e+01 6.64432367e-06
1.45500000e+01 6.61489897e-06
1.46000000e+01 6.58127527e-06
1.46500000e+01 6.54414743e-06
1.47000000e+01 6.50461520e-06
1.47500000e+01 6.46408193e-06
1.48000000e+01 6.42412553e-06
1.48500000e+01 6.38635400e-06
1.49000000e+01 6.35227243e-06
1.49500000e+01 6.32317397e-06
1.50000000e+01 6.30006363e-06
1.50500000e+01 6.28361393e-06
1.51000000e+01 6.27415543e-06
1.51500000e+01 6.27169787e-06
1.52000000e+01 6.27597597e-06
1.52500000e+01 6.28651057e-06
1.53000000e+01 6.30268303e-06
1.53500000e+01 6.32381140e-06
1.54000000e+01 6.34922127e-06
1.54500000e+01 6.37830027e-06
1.55000000e+01 6.41053080e-06
1.55500000e+01 6.44550057e-06
1.56000000e+01 6.48288110e-06
1.56500000e+01 6.52238933e-06
1.57000000e+01 6.56373240e-06
1.57500000e+01 6.60655480e-06
1.58000000e+01 6.65039267e-06
1.58500000e+01 6.69465097e-06
1.59000000e+01 6.73860890e-06
1.59500000e+01 6.78145573e-06
1.60000000e+01 6.82235260e-06
1.60500000e+01 6.86051163e-06
1.61000000e+01 6.89528223e-06
1.61500000e+01 6.92622673e-06
1.62000000e+01 6.95317800e-06
1.62500000e+01 6.97626880e-06
1.63000000e+01 6.99593027e-06
1.63500000e+01 7.01286043e-06
1.64000000e+01 7.02796860e-06
1.64500000e+01 7.04230210e-06
1.65000000e+01 7.05696270e-06
1.65500000e+01 7.07302103e-06
1.66000000e+01 7.09143583e-06
1.66500000e+01 7.11298303e-06
1.67000000e+01 7.13820197e-06
1.67500000e+01 7.16736013e-06
1.68000000e+01 7.20044217e-06
1.68500000e+01 7.23716177e-06
1.69000000e+01 7.27699903e-06
1.69500000e+01 7.31925767e-06
1.70000000e+01 7.36313787e-06
1.70500000e+01 7.40781587e-06
1.71000000e+01 7.45252057e-06
1.71500000e+01 7.49659723e-06
1.72000000e+01 7.53954957e-06
1.72500000e+01 7.58105750e-06
1.73000000e+01 7.62097030e-06
1.73500000e+01 7.65928037e-06
1.74000000e+01 7.69608667e-06
1.74500000e+01 7.73155657e-06
1.75000000e+01 7.76589413e-06
1.75500000e+01 7.79932103e-06
1.76000000e+01 7.83206927e-06
1.76500000e+01 7.86438543e-06
1.77000000e+01 7.89653973e-06
1.77500000e+01 7.92883380e-06
1.78000000e+01 7.96160023e-06
1.78500000e+01 7.99519033e-06
1.79000000e+01 8.02994653e-06
1.79500000e+01 8.06616193e-06
1.80000000e+01 8.10403047e-06
1.80500000e+01 8.14359470e-06
1.81000000e+01 8.18469957e-06
1.81500000e+01 8.22695977e-06
1.82000000e+01 8.26975040e-06
1.82500000e+01 8.31222517e-06
1.83000000e+01 8.35336657e-06
1.83500000e+01 8.39206620e-06
1.84000000e+01 8.42722990e-06
1.84500000e+01 8.45789670e-06
1.85000000e+01 8.48335687e-06
1.85500000e+01 8.50325113e-06
1.86000000e+01 8.51763570e-06
1.86500000e+01 8.52699833e-06
1.87000000e+01 8.53222050e-06
1.87500000e+01 8.53448693e-06
1.88000000e+01 8.53515210e-06
1.88500000e+01 8.53558013e-06
1.89000000e+01 8.53697750e-06
1.89500000e+01 8.54023713e-06
1.90000000e+01 8.54581297e-06
1.90500000e+01 8.55363853e-06
1.91000000e+01 8.56309977e-06
1.91500000e+01 8.57306920e-06
1.92000000e+01 8.58200233e-06
1.92500000e+01 8.58809173e-06
1.93000000e+01 8.58946690e-06
1.93500000e+01 8.58441927e-06
1.94000000e+01 8.57162540e-06
1.94500000e+01 8.55033660e-06
1.95000000e+01 8.52050587e-06
1.95500000e+01 8.48283090e-06
1.96000000e+01 8.43870610e-06
1.96500000e+01 8.39009220e-06
1.97000000e+01 8.33932503e-06
1.97500000e+01 8.28889233e-06
1.98000000e+01 8.24120970e-06
1.98500000e+01 8.19841833e-06
1.99000000e+01 8.16222347e-06
1.99500000e+01 8.13377773e-06
2.00000000e+01 8.11361450e-06
2.00500000e+01 8.10162493e-06
2.01000000e+01 8.09707763e-06
2.01500000e+01 8.09867580e-06
2.02000000e+01 8.10465237e-06
2.02500000e+01 8.11289747e-06
2.03000000e+01 8.12111650e-06
2.03500000e+01 8.12700953e-06
2.04000000e+01 8.12845950e-06
2.04500000e+01 8.12371177e-06
2.05000000e+01 8.11152370e-06
2.05500000e+01 8.09126767e-06
2.06000000e+01 8.06297287e-06
2.06500000e+01 8.02730203e-06
2.07000000e+01 7.98546880e-06
2.07500000e+01 7.93911113e-06
2.08000000e+01 7.89013927e-06
2.08500000e+01 7.84057673e-06
2.09000000e+01 7.79241453e-06
2.09500000e+01 7.74748550e-06
2.10000000e+01 7.70736797e-06
2.10500000e+01 7.67331397e-06
2.11000000e+01 7.64620700e-06
2.11500000e+01 7.62653747e-06
2.12000000e+01 7.61439673e-06
2.12500000e+01 7.60948647e-06
2.13000000e+01 7.61114150e-06
2.13500000e+01 7.61836750e-06
2.14000000e+01 7.62989273e-06
2.14500000e+01 7.64423687e-06
2.15000000e+01 7.65979570e-06
2.15500000e+01 7.67494010e-06
2.16000000e+01 7.68812310e-06
2.16500000e+01 7.69799197e-06
2.17000000e+01 7.70348857e-06
2.17500000e+01 7.70393430e-06
2.18000000e+01 7.69907960e-06
2.18500000e+01 7.68911847e-06
2.19000000e+01 7.67465667e-06
2.19500000e+01 7.65663900e-06
2.20000000e+01 7.63624217e-06
2.20500000e+01 7.61474887e-06
2.21000000e+01 7.59341620e-06
2.21500000e+01 7.57335530e-06
2.22000000e+01 7.55543557e-06
2.22500000e+01 7.54022427e-06
2.23000000e+01 7.52796280e-06
2.23500000e+01 7.51858110e-06
2.24000000e+01 7.51174643e-06
2.24500000e+01 7.50693543e-06
2.25000000e+01 7.50352060e-06
2.25500000e+01 7.50085810e-06
2.26000000e+01 7.49836770e-06
2.26500000e+01 7.49559063e-06
2.27000000e+01 7.49222477e-06
2.27500000e+01 7.48812797e-06
2.28000000e+01 7.48328863e-06
2.28500000e+01 7.47777427e-06
2.29000000e+01 7.47165700e-06
2.29500000e+01 7.46493197e-06
2.30000000e+01 7.45743380e-06
2.30500000e+01 7.44877283e-06
2.31000000e+01 7.43829580e-06
2.31500000e+01 7.42508323e-06
2.32000000e+01 7.40798830e-06
2.32500000e+01 7.38571583e-06
2.33000000e+01 7.35693643e-06
2.33500000e+01 7.32041273e-06
2.34000000e+01 7.27513277e-06
2.34500000e+01 7.22042007e-06
2.35000000e+01 7.15601187e-06
2.35500000e+01 7.08208620e-06
2.36000000e+01 6.99924750e-06
2.36500000e+01 6.90846873e-06
2.37000000e+01 6.81100153e-06
2.37500000e+01 6.70827390e-06
2.38000000e+01 6.60178983e-06
2.38500000e+01 6.49303803e-06
2.39000000e+01 6.38342210e-06
2.39500000e+01 6.27421453e-06
2.40000000e+01 6.16653133e-06
2.40500000e+01 6.06132847e-06
2.41000000e+01 5.95940633e-06
2.41500000e+01 5.86142497e-06
2.42000000e+01 5.76791867e-06
2.42500000e+01 5.67930873e-06
2.43000000e+01 5.59591020e-06
2.43500000e+01 5.51793190e-06
2.44000000e+01 5.44547347e-06
2.44500000e+01 5.37851657e-06
2.45000000e+01 5.31691897e-06
2.45500000e+01 5.26041140e-06
2.46000000e+01 5.20860007e-06
2.46500000e+01 5.16098057e-06
2.47000000e+01 5.11695930e-06
2.47500000e+01 5.07588550e-06
2.48000000e+01 5.03709130e-06
2.48500000e+01 4.99993363e-06
2.49000000e+01 4.96383477e-06
2.49500000e+01 4.92831757e-06
2.50000000e+01 4.89302820e-06
2.50500000e+01 4.85774773e-06
2.51000000e+01 4.82238820e-06
2.51500000e+01 4.78697800e-06
2.52000000e+01 4.75163790e-06
2.52500000e+01 4.71655183e-06
2.53000000e+01 4.68193693e-06
2.53500000e+01 4.64801503e-06
2.54000000e+01 4.61499097e-06
2.54500000e+01 4.58303553e-06
2.55000000e+01 4.55228187e-06
2.55500000e+01 4.52282963e-06
2.56000000e+01 4.49475997e-06
2.56500000e+01 4.46815897e-06
2.57000000e+01 4.44314427e-06
2.57500000e+01 4.41988630e-06
2.58000000e+01 4.39862160e-06
2.58500000e+01 4.37964767e-06
2.59000000e+01 4.36329963e-06
2.59500000e+01 4.34990793e-06
2.60000000e+01 4.33974057e-06
2.60500000e+01 4.33294017e-06
2.61000000e+01 4.32946183e-06
2.61500000e+01 4.32902263e-06
2.62000000e+01 4.33107257e-06
2.62500000e+01 4.33479160e-06
2.63000000e+01 4.33912230e-06
2.63500000e+01 4.34283550e-06
2.64000000e+01 4.34463073e-06
2.64500000e+01 4.34326297e-06
2.65000000e+01 4.33767763e-06
2.65500000e+01 4.32714130e-06
2.66000000e+01 4.31134023e-06
2.66500000e+01 4.29043367e-06
2.67000000e+01 4.26504483e-06
2.67500000e+01 4.23619340e-06
2.68000000e+01 4.20518040e-06
2.68500000e+01 4.17344060e-06
2.69000000e+01 4.14238893e-06
2.69500000e+01 4.11328160e-06
2.70000000e+01 4.08710420e-06
2.70500000e+01 4.06449900e-06
2.71000000e+01 4.04573273e-06
2.71500000e+01 4.03070487e-06
2.72000000e+01 4.01899297e-06
2.72500000e+01 4.00992713e-06
2.73000000e+01 4.00268953e-06
2.73500000e+01 3.99642703e-06
2.74000000e+01 3.99036410e-06
2.74500000e+01 3.98390083e-06
2.75000000e+01 3.97668677e-06
2.75500000e+01 3.96865480e-06
2.76000000e+01 3.96001383e-06
2.76500000e+01 3.95119930e-06
2.77000000e+01 3.94279380e-06
2.77500000e+01 3.93542683e-06
2.78000000e+01 3.92966907e-06
2.78500000e+01 3.92593967e-06
2.79000000e+01 3.92443083e-06
2.79500000e+01 3.92506517e-06
2.80000000e+01 3.92748393e-06
2.80500000e+01 3.93107533e-06
2.81000000e+01 3.93503163e-06
2.81500000e+01 3.93844010e-06
2.82000000e+01 3.94038743e-06
2.82500000e+01 3.94007117e-06
2.83000000e+01 3.93689843e-06
2.83500000e+01 3.93055623e-06
2.84000000e+01 3.92104420e-06
2.84500000e+01 3.90866273e-06
2.85000000e+01 3.89396363e-06
2.85500000e+01 3.87767133e-06
2.86000000e+01 3.86059117e-06
2.86500000e+01 3.84351967e-06
2.87000000e+01 3.82716580e-06
2.87500000e+01 3.81209553e-06
2.88000000e+01 3.79869910e-06
2.88500000e+01 3.78718130e-06
2.89000000e+01 3.77757200e-06
2.89500000e+01 3.76974973e-06
2.90000000e+01 3.76347843e-06
2.90500000e+01 3.75844357e-06
2.91000000e+01 3.75429133e-06
2.91500000e+01 3.75066270e-06
2.92000000e+01 3.74722127e-06
2.92500000e+01 3.74367397e-06
2.93000000e+01 3.73978340e-06
2.93500000e+01 3.73537393e-06
2.94000000e+01 3.73033443e-06
2.94500000e+01 3.72461603e-06
2.95000000e+01 3.71822967e-06
2.95500000e+01 3.71124370e-06
2.96000000e+01 3.70378220e-06
2.96500000e+01 3.69602557e-06
2.97000000e+01 3.68820723e-06
2.97500000e+01 3.68061393e-06
2.98000000e+01 3.67357877e-06
2.98500000e+01 3.66747047e-06
2.99000000e+01 3.66267470e-06
2.99500000e+01 3.65957020e-06
3.00000000e+01 3.65849560e-06
3.00500000e+01 3.65971840e-06
3.01000000e+01 3.66340107e-06
3.01500000e+01 3.66958047e-06
3.02000000e+01 3.67815507e-06
3.02500000e+01 3.68889153e-06
3.03000000e+01 3.70144723e-06
3.03500000e+01 3.71540813e-06
3.04000000e+01 3.73033900e-06
3.04500000e+01 3.74583227e-06
3.05000000e+01 3.76155713e-06
3.05500000e+01 3.77729110e-06
3.06000000e+01 3.79293640e-06
3.06500000e+01 3.80851630e-06
3.07000000e+01 3.82414937e-06
3.07500000e+01 3.84001197e-06
3.08000000e+01 3.85628527e-06
3.08500000e+01 3.87310070e-06
3.09000000e+01 3.89048817e-06
3.09500000e+01 3.90833133e-06
3.10000000e+01 3.92634460e-06
3.10500000e+01 3.92320267e-06
3.11000000e+01 3.93665913e-06
3.11500000e+01 3.90128653e-06
3.12000000e+01 3.88557507e-06
3.12500000e+01 3.86790913e-06
3.13000000e+01 3.86830467e-06
3.13500000e+01 3.84725867e-06
3.14000000e+01 3.82574020e-06
3.14500000e+01 3.82105873e-06
3.15000000e+01 3.79799070e-06
3.15500000e+01 3.77516020e-06
3.16000000e+01 3.76695773e-06
3.16500000e+01 3.74362523e-06
3.17000000e+01 3.70745287e-06
3.17500000e+01 3.69715513e-06
3.18000000e+01 3.67579950e-06
3.18500000e+01 3.65516203e-06
3.19000000e+01 3.64351920e-06
3.19500000e+01 3.62342223e-06
3.20000000e+01 3.60411007e-06
3.20500000e+01 3.59177270e-06
3.21000000e+01 3.57321893e-06
3.21500000e+01 3.55542890e-06
3.22000000e+01 3.54287363e-06
3.22500000e+01 3.52096127e-06
3.23000000e+01 3.50526160e-06
3.23500000e+01 3.49317610e-06
3.24000000e+01 3.47820683e-06
3.24500000e+01 3.46378050e-06
3.25000000e+01 3.45192057e-06
3.25500000e+01 3.43817073e-06
3.26000000e+01 3.42643820e-06
3.26500000e+01 3.41333667e-06
3.27000000e+01 3.40065957e-06
3.27500000e+01 3.38928113e-06
3.28000000e+01 3.37619163e-06
3.28500000e+01 3.36467213e-06
3.29000000e+01 3.35389327e-06
3.29500000e+01 3.34286443e-06
3.30000000e+01 3.33227807e-06
3.30500000e+01 3.32171913e-06
3.31000000e+01 3.31143987e-06
3.31500000e+01 3.30123123e-06
3.32000000e+01 3.29138667e-06
3.32500000e+01 3.28139620e-06
3.33000000e+01 3.27197200e-06
3.33500000e+01 3.26278347e-06
3.34000000e+01 3.25411083e-06
3.34500000e+01 3.24539417e-06
3.35000000e+01 3.23618730e-06
3.35500000e+01 3.22783717e-06
3.36000000e+01 3.21887003e-06
3.36500000e+01 3.21087573e-06
3.37000000e+01 3.20306213e-06
3.37500000e+01 3.19450687e-06
3.38000000e+01 3.18702683e-06
3.38500000e+01 3.17872630e-06
3.39000000e+01 3.17156800e-06
3.39500000e+01 3.16352793e-06
3.40000000e+01 3.15828987e-06
3.40500000e+01 3.15155973e-06
3.41000000e+01 3.14401443e-06
3.41500000e+01 3.13755427e-06
3.42000000e+01 3.13026180e-06
3.42500000e+01 3.12405687e-06
3.43000000e+01 3.11701767e-06
3.43500000e+01 3.11105250e-06
3.44000000e+01 3.10517710e-06
3.44500000e+01 3.09852303e-06
3.45000000e+01 3.09285917e-06
3.45500000e+01 3.08644787e-06
3.46000000e+01 3.08097773e-06
3.46500000e+01 3.07610427e-06
3.47000000e+01 3.07071183e-06
3.47500000e+01 3.06476190e-06
3.48000000e+01 3.05951700e-06
3.48500000e+01 3.05377753e-06
3.49000000e+01 3.04866167e-06
3.49500000e+01 3.04312310e-06
3.50000000e+01 3.03811720e-06
3.50500000e+01 3.03276870e-06
3.51000000e+01 3.02785433e-06
3.51500000e+01 3.02294243e-06
3.52000000e+01 3.01784180e-06
3.52500000e+01 3.01299237e-06
3.53000000e+01 3.00817557e-06
3.53500000e+01 3.00323770e-06
3.54000000e+01 2.99836703e-06
3.54500000e+01 2.99345360e-06
3.55000000e+01 2.98870360e-06
3.55500000e+01 2.98379813e-06
3.56000000e+01 2.97915463e-06
3.56500000e+01 2.97424130e-06
3.57000000e+01 2.96968980e-06
3.57500000e+01 2.96475333e-06
3.58000000e+01 2.96027947e-06
3.58500000e+01 2.95530563e-06
3.59000000e+01 2.95089490e-06
3.59500000e+01 2.94587010e-06
3.60000000e+01 2.94001900e-06
3.60500000e+01 2.93480633e-06
3.61000000e+01 2.93038090e-06
3.61500000e+01 2.92509633e-06
3.62000000e+01 2.92068977e-06
3.62500000e+01 2.91532317e-06
3.63000000e+01 2.91092257e-06
3.63500000e+01 2.90546427e-06
3.64000000e+01 2.90105713e-06
3.64500000e+01 2.89549853e-06
3.65000000e+01 2.89107273e-06
3.65500000e+01 2.88540630e-06
3.66000000e+01 2.88095057e-06
3.66500000e+01 2.87516917e-06
3.67000000e+01 2.86768127e-06
3.67500000e+01 2.86169120e-06
3.68000000e+01 2.85705040e-06
3.68500000e+01 2.85093967e-06
3.69000000e+01 2.84623983e-06
3.69500000e+01 2.84000440e-06
3.70000000e+01 2.83523667e-06
3.70500000e+01 2.82887287e-06
3.71000000e+01 2.82402900e-06
3.71500000e+01 2.81753377e-06
3.72000000e+01 2.81260610e-06
3.72500000e+01 2.80765113e-06
3.73000000e+01 2.80095860e-06
3.73500000e+01 2.79590863e-06
3.74000000e+01 2.78907840e-06
3.74500000e+01 2.77979730e-06
3.75000000e+01 2.77278773e-06
3.75500000e+01 2.76746337e-06
3.76000000e+01 2.76032083e-06
3.76500000e+01 2.75488903e-06
3.77000000e+01 2.74761370e-06
3.77500000e+01 2.74207017e-06
3.78000000e+01 2.73466270e-06
3.78500000e+01 2.72900377e-06
3.79000000e+01 2.72146510e-06
3.79500000e+01 2.71568720e-06
3.80000000e+01 2.70985827e-06
3.80500000e+01 2.70211957e-06
3.81000000e+01 2.69616707e-06
3.81500000e+01 2.68830030e-06
3.82000000e+01 2.67755210e-06
3.82500000e+01 2.66956193e-06
3.83000000e+01 2.66332500e-06
3.83500000e+01 2.65521630e-06
3.84000000e+01 2.64885573e-06
3.84500000e+01 2.64063163e-06
3.85000000e+01 2.63414673e-06
3.85500000e+01 2.62760347e-06
3.86000000e+01 2.61920040e-06
3.86500000e+01 2.61253163e-06
3.87000000e+01 2.60401970e-06
3.87500000e+01 2.59722557e-06
3.88000000e+01 2.58860823e-06
3.88500000e+01 2.58168937e-06
3.89000000e+01 2.57296997e-06
3.89500000e+01 2.56592720e-06
3.90000000e+01 2.55416740e-06
3.90500000e+01 2.54532450e-06
3.91000000e+01 2.53809957e-06
3.91500000e+01 2.52916650e-06
3.92000000e+01 2.52182387e-06
3.92500000e+01 2.51280413e-06
3.93000000e+01 2.50534527e-06
3.93500000e+01 2.49782683e-06
3.94000000e+01 2.48866897e-06
3.94500000e+01 2.48103610e-06
3.95000000e+01 2.47180007e-06
3.95500000e+01 2.46405500e-06
3.96000000e+01 2.45474443e-06
3.96500000e+01 2.44688913e-06
3.97000000e+01 2.43750763e-06
3.97500000e+01 2.42954420e-06
3.98000000e+01 2.41736540e-06
3.98500000e+01 2.40792700e-06
3.99000000e+01 2.39982950e-06
3.99500000e+01 2.39033077e-06
4.00000000e+01 2.38213310e-06
4.00500000e+01 2.37257730e-06
4.01000000e+01 2.36428193e-06
4.01500000e+01 2.35593250e-06
4.02000000e+01 2.34628133e-06
4.02500000e+01 2.33783727e-06
4.03000000e+01 2.32813700e-06
4.03500000e+01 2.31960087e-06
4.04000000e+01 2.31101260e-06
4.04500000e+01 2.30122883e-06
4.05000000e+01 2.29255177e-06
4.05500000e+01 2.28272660e-06
4.06000000e+01 2.27396320e-06
4.06500000e+01 2.26085080e-06
4.07000000e+01 2.25205260e-06
4.07500000e+01 2.24320663e-06
4.08000000e+01 2.23335087e-06
4.08500000e+01 2.22442687e-06
4.09000000e+01 2.21454167e-06
4.09500000e+01 2.20554203e-06
4.10000000e+01 2.19649720e-06
4.10500000e+01 2.18655790e-06
4.11000000e+01 2.17744123e-06
4.11500000e+01 2.16747987e-06
4.12000000e+01 2.15829410e-06
4.12500000e+01 2.14906573e-06
4.13000000e+01 2.13906130e-06
4.13500000e+01 2.12976753e-06
4.14000000e+01 2.11974873e-06
4.14500000e+01 2.11039253e-06
4.15000000e+01 2.09888367e-06
4.15500000e+01 2.08891753e-06
4.16000000e+01 2.07953030e-06
4.16500000e+01 2.06955817e-06
4.17000000e+01 2.06011713e-06
4.17500000e+01 2.05064047e-06
4.18000000e+01 2.04065067e-06
4.18500000e+01 2.03112483e-06
4.19000000e+01 2.02113677e-06
4.19500000e+01 2.01156503e-06
4.20000000e+01 2.00196067e-06
4.20500000e+01 1.99196733e-06
4.21000000e+01 1.98232173e-06
4.21500000e+01 1.97233830e-06
4.22000000e+01 1.96265500e-06
4.22500000e+01 1.95294287e-06
4.23000000e+01 1.94296723e-06
4.23500000e+01 1.93322237e-06
4.24000000e+01 1.92326520e-06
4.24500000e+01 1.91292527e-06
4.25000000e+01 1.90320863e-06
4.25500000e+01 1.89336387e-06
4.26000000e+01 1.88362500e-06
4.26500000e+01 1.87380803e-06
4.27000000e+01 1.86405067e-06
4.27500000e+01 1.85427437e-06
4.28000000e+01 1.84449303e-06
4.28500000e+01 1.83470400e-06
4.29000000e+01 1.82495970e-06
4.29500000e+01 1.81516200e-06
4.30000000e+01 1.80535023e-06
4.30500000e+01 1.79565607e-06
4.31000000e+01 1.78584190e-06
4.31500000e+01 1.77601617e-06
4.32000000e+01 1.76638120e-06
4.32500000e+01 1.75655967e-06
4.33000000e+01 1.74697640e-06
4.33500000e+01 1.73716323e-06
4.34000000e+01 1.72847287e-06
4.34500000e+01 1.71905293e-06
4.35000000e+01 1.70933820e-06
4.35500000e+01 1.69962123e-06
4.36000000e+01 1.69028280e-06
4.36500000e+01 1.68058747e-06
4.37000000e+01 1.67131463e-06
4.37500000e+01 1.66164497e-06
4.38000000e+01 1.65197867e-06
4.38500000e+01 1.64280153e-06
4.39000000e+01 1.63316737e-06
4.39500000e+01 1.62353967e-06
4.40000000e+01 1.61446637e-06
4.40500000e+01 1.60487760e-06
4.41000000e+01 1.59588333e-06
4.41500000e+01 1.58633723e-06
4.42000000e+01 1.57680337e-06
4.42500000e+01 1.56792583e-06
4.43000000e+01 1.55844083e-06
4.43500000e+01 1.55176420e-06
4.44000000e+01 1.54308683e-06
4.44500000e+01 1.53375760e-06
4.45000000e+01 1.52516923e-06
4.45500000e+01 1.51589760e-06
4.46000000e+01 1.50664633e-06
4.46500000e+01 1.49818987e-06
4.47000000e+01 1.48900160e-06
4.47500000e+01 1.47983683e-06
4.48000000e+01 1.47151833e-06
4.48500000e+01 1.46242183e-06
4.49000000e+01 1.45335150e-06
4.49500000e+01 1.44517647e-06
4.50000000e+01 1.43617927e-06
4.50500000e+01 1.42810520e-06
4.51000000e+01 1.41918417e-06
4.51500000e+01 1.41029390e-06
4.52000000e+01 1.40237053e-06
4.52500000e+01 1.39356070e-06
4.53000000e+01 1.38478393e-06
4.53500000e+01 1.37701510e-06
4.54000000e+01 1.37265197e-06
4.54500000e+01 1.36406340e-06
4.55000000e+01 1.35650373e-06
4.55500000e+01 1.34800100e-06
4.56000000e+01 1.34054680e-06
4.56500000e+01 1.33213200e-06
4.57000000e+01 1.32375483e-06
4.57500000e+01 1.31645857e-06
4.58000000e+01 1.30817200e-06
4.58500000e+01 1.29992493e-06
4.59000000e+01 1.29278843e-06
4.59500000e+01 1.28463450e-06
4.60000000e+01 1.27652153e-06
4.60500000e+01 1.26954577e-06
4.61000000e+01 1.26152817e-06
4.61500000e+01 1.25355267e-06
4.62000000e+01 1.24673847e-06
4.62500000e+01 1.23886007e-06
4.63000000e+01 1.23102513e-06
4.63500000e+01 1.22437263e-06
4.64000000e+01 1.21663610e-06
4.64500000e+01 1.21434960e-06
4.65000000e+01 1.20788557e-06
4.65500000e+01 1.20033707e-06
4.66000000e+01 1.19397700e-06
4.66500000e+01 1.18652610e-06
4.67000000e+01 1.17911967e-06
4.67500000e+01 1.17291597e-06
4.68000000e+01 1.16560760e-06
4.68500000e+01 1.15834447e-06
4.69000000e+01 1.15229563e-06
4.69500000e+01 1.14513063e-06
4.70000000e+01 1.13801127e-06
4.70500000e+01 1.13211600e-06
4.71000000e+01 1.12509480e-06
4.71500000e+01 1.11811933e-06
4.72000000e+01 1.11237563e-06
4.72500000e+01 1.10549807e-06
4.73000000e+01 1.09866643e-06
4.73500000e+01 1.09307207e-06
4.74000000e+01 1.08633777e-06
4.74500000e+01 1.07964960e-06
4.75000000e+01 1.07420203e-06
4.75500000e+01 1.07362590e-06
4.76000000e+01 1.06710337e-06
4.76500000e+01 1.06180573e-06
4.77000000e+01 1.05537723e-06
4.77500000e+01 1.04899347e-06
4.78000000e+01 1.04383493e-06
4.78500000e+01 1.03754420e-06
4.79000000e+01 1.03129793e-06
4.79500000e+01 1.02627573e-06
4.80000000e+01 1.02012120e-06
4.80500000e+01 1.01401080e-06
4.81000000e+01 1.00912193e-06
4.81500000e+01 1.00310216e-06
4.82000000e+01 9.97125917e-07
4.82500000e+01 9.92367537e-07
4.83000000e+01 9.86480417e-07
4.83500000e+01 9.80636580e-07
4.84000000e+01 9.76005300e-07
4.84500000e+01 9.70249090e-07
4.85000000e+01 9.64535420e-07
4.85500000e+01 9.60028277e-07
4.86000000e+01 9.54400797e-07
4.86500000e+01 9.48815123e-07
4.87000000e+01 9.50665767e-07
4.87500000e+01 9.45171323e-07
4.88000000e+01 9.39717530e-07
4.88500000e+01 9.35440563e-07
4.89000000e+01 9.30068520e-07
4.89500000e+01 9.24736463e-07
4.90000000e+01 9.20572570e-07
4.90500000e+01 9.15320567e-07
4.91000000e+01 9.10107793e-07
4.91500000e+01 9.06054003e-07
4.92000000e+01 9.00919557e-07
4.92500000e+01 8.95823630e-07
4.93000000e+01 8.90766193e-07
4.93500000e+01 8.86857650e-07
4.94000000e+01 8.81876253e-07
4.94500000e+01 8.76932340e-07
4.95000000e+01 8.73126813e-07
4.95500000e+01 8.68257230e-07
4.96000000e+01 8.63424607e-07
4.96500000e+01 8.59718903e-07
4.97000000e+01 8.54958797e-07
4.97500000e+01 8.50234863e-07
4.98000000e+01 8.46626027e-07
4.98500000e+01 8.41972853e-07
4.99000000e+01 8.43547100e-07
4.99500000e+01 8.40016973e-07
5.00000000e+01 8.35463933e-07
5.00500000e+01 8.30945057e-07
5.01000000e+01 8.27505433e-07
5.01500000e+01 8.23053220e-07
5.02000000e+01 8.18634540e-07
5.02500000e+01 8.14248913e-07
5.03000000e+01 8.10928890e-07
5.03500000e+01 8.06607883e-07
5.04000000e+01 8.02319207e-07
5.04500000e+01 7.99083383e-07
5.05000000e+01 7.94857680e-07
5.05500000e+01 7.90663660e-07
5.06000000e+01 7.87509260e-07
5.06500000e+01 7.83376463e-07
5.07000000e+01 7.79274623e-07
5.07500000e+01 7.76199287e-07
5.08000000e+01 7.72157147e-07
5.08500000e+01 7.68145070e-07
5.09000000e+01 7.64163073e-07
5.09500000e+01 7.61192423e-07
5.10000000e+01 7.57267930e-07
5.10500000e+01 7.53372690e-07
5.11000000e+01 7.50475340e-07
5.11500000e+01 7.52598100e-07
5.12000000e+01 7.48777457e-07
5.12500000e+01 7.45932507e-07
5.13000000e+01 7.42166080e-07
5.13500000e+01 7.38427363e-07
5.14000000e+01 7.35650897e-07
5.14500000e+01 7.31964957e-07
5.15000000e+01 7.28305957e-07
5.15500000e+01 7.24673560e-07
5.16000000e+01 7.21988330e-07
5.16500000e+01 7.18406980e-07
5.17000000e+01 7.14851610e-07
5.17500000e+01 7.12229970e-07
5.18000000e+01 7.08724243e-07
5.18500000e+01 7.05243917e-07
5.19000000e+01 7.02683917e-07
5.19500000e+01 6.99251857e-07
5.20000000e+01 6.95844513e-07
5.20500000e+01 6.92461780e-07
5.21000000e+01 6.89983867e-07
5.21500000e+01 6.86647630e-07
5.22000000e+01 6.83335347e-07
5.22500000e+01 6.80914650e-07
5.23000000e+01 6.77647707e-07
5.23500000e+01 6.74404013e-07
5.24000000e+01 6.72038727e-07
5.24500000e+01 6.74479437e-07
5.25000000e+01 6.71289767e-07
5.25500000e+01 6.68122550e-07
5.26000000e+01 6.65812140e-07
5.26500000e+01 6.62687353e-07
5.27000000e+01 6.59584353e-07
5.27500000e+01 6.57325447e-07
5.28000000e+01 6.54263767e-07
5.28500000e+01 6.51223397e-07
5.29000000e+01 6.48204180e-07
5.29500000e+01 6.46014127e-07
5.30000000e+01 6.43034747e-07
5.30500000e+01 6.40075967e-07
5.31000000e+01 6.37933793e-07
5.31500000e+01 6.35013737e-07
5.32000000e+01 6.32113823e-07
5.32500000e+01 6.29233743e-07
5.33000000e+01 6.27155767e-07
5.33500000e+01 6.24313130e-07
5.34000000e+01 6.21489880e-07
5.34500000e+01 6.19456403e-07
5.35000000e+01 6.16669583e-07
5.35500000e+01 6.13901727e-07
5.36000000e+01 6.11152577e-07
5.36500000e+01 6.09178830e-07
5.37000000e+01 6.06464850e-07
5.37500000e+01 6.03769173e-07
5.38000000e+01 6.01836850e-07
5.38500000e+01 6.04441247e-07
5.39000000e+01 6.01783933e-07
5.39500000e+01 5.99144210e-07
5.40000000e+01 5.97249313e-07
5.40500000e+01 5.94642640e-07
5.41000000e+01 5.92053160e-07
5.41500000e+01 5.90196987e-07
5.42000000e+01 5.87639683e-07
5.42500000e+01 5.85099210e-07
5.43000000e+01 5.82575350e-07
5.43500000e+01 5.80771353e-07
5.44000000e+01 5.78278527e-07
5.44500000e+01 5.75802000e-07
5.45000000e+01 5.73341633e-07
5.45500000e+01 5.71587773e-07
5.46000000e+01 5.69157367e-07
5.46500000e+01 5.66742700e-07
5.47000000e+01 5.65023457e-07
5.47500000e+01 5.62638003e-07
5.48000000e+01 5.60267853e-07
5.48500000e+01 5.57912970e-07
5.49000000e+01 5.56240703e-07
5.49500000e+01 5.53914040e-07
5.50000000e+01 5.51602163e-07
5.50500000e+01 5.49962250e-07
5.51000000e+01 5.47677907e-07
5.51500000e+01 5.45408070e-07
5.52000000e+01 5.43152627e-07
5.52500000e+01 5.46454183e-07
5.53000000e+01 5.44211863e-07
5.53500000e+01 5.41983520e-07
5.54000000e+01 5.39769143e-07
5.54500000e+01 5.38198480e-07
5.55000000e+01 5.36009813e-07
5.55500000e+01 5.33834757e-07
5.56000000e+01 5.31673150e-07
5.56500000e+01 5.30143440e-07
5.57000000e+01 5.28006727e-07
5.57500000e+01 5.25883243e-07
5.58000000e+01 5.24381657e-07
5.58500000e+01 5.22282437e-07
5.59000000e+01 5.20196047e-07
5.59500000e+01 5.18122430e-07
5.60000000e+01 5.16659193e-07
5.60500000e+01 5.14609090e-07
5.61000000e+01 5.12571453e-07
5.61500000e+01 5.10546090e-07
5.62000000e+01 5.09119860e-07
5.62500000e+01 5.07117287e-07
5.63000000e+01 5.05126763e-07
5.63500000e+01 5.03148227e-07
5.64000000e+01 5.01757610e-07
5.64500000e+01 4.99801110e-07
5.65000000e+01 4.97856277e-07
5.65500000e+01 4.96490123e-07
5.66000000e+01 4.94566787e-07
5.66500000e+01 4.92654843e-07
5.67000000e+01 4.95296763e-07
5.67500000e+01 4.93948743e-07
5.68000000e+01 4.92056277e-07
5.68500000e+01 4.90174827e-07
5.69000000e+01 4.88304457e-07
5.69500000e+01 4.86988973e-07
5.70000000e+01 4.85138817e-07
5.70500000e+01 4.83299420e-07
5.71000000e+01 4.81470653e-07
5.71500000e+01 4.80186623e-07
5.72000000e+01 4.78377517e-07
5.72500000e+01 4.76578843e-07
5.73000000e+01 4.74790490e-07
5.73500000e+01 4.73536783e-07
5.74000000e+01 4.71767453e-07
5.74500000e+01 4.70008263e-07
5.75000000e+01 4.68259107e-07
5.75500000e+01 4.67034710e-07
5.76000000e+01 4.65304000e-07
5.76500000e+01 4.63583093e-07
5.77000000e+01 4.61871910e-07
5.77500000e+01 4.60675843e-07
5.78000000e+01 4.58982523e-07
5.78500000e+01 4.57298787e-07
5.79000000e+01 4.55624497e-07
5.79500000e+01 4.54455807e-07
5.80000000e+01 4.52798813e-07
5.80500000e+01 4.51151110e-07
5.81000000e+01 4.49512580e-07
5.81500000e+01 4.48370340e-07
5.82000000e+01 4.46748637e-07
5.82500000e+01 4.49327550e-07
5.83000000e+01 4.47711993e-07
5.83500000e+01 4.46581727e-07
5.84000000e+01 4.44982557e-07
5.84500000e+01 4.43392090e-07
5.85000000e+01 4.41810370e-07
5.85500000e+01 4.40705087e-07
5.86000000e+01 4.39139250e-07
5.86500000e+01 4.37581957e-07
5.87000000e+01 4.36033080e-07
5.87500000e+01 4.34951957e-07
5.88000000e+01 4.33418510e-07
5.88500000e+01 4.31893377e-07
5.89000000e+01 4.30376437e-07
5.89500000e+01 4.29318700e-07
5.90000000e+01 4.27816750e-07
5.90500000e+01 4.26322843e-07
5.91000000e+01 4.24836943e-07
5.91500000e+01 4.23801847e-07
5.92000000e+01 4.22330483e-07
5.92500000e+01 4.20866917e-07
5.93000000e+01 4.19411133e-07
5.93500000e+01 4.18398033e-07
5.94000000e+01 4.16956360e-07
5.94500000e+01 4.15522323e-07
5.95000000e+01 4.14095837e-07
5.95500000e+01 4.13103963e-07
5.96000000e+01 4.11691213e-07
5.96500000e+01 4.10285837e-07
5.97000000e+01 4.08887817e-07
5.97500000e+01 4.07916577e-07
5.98000000e+01 4.06531903e-07
5.98500000e+01 4.09020880e-07
5.99000000e+01 4.07639867e-07
5.99500000e+01 4.06265963e-07
6.00000000e+01 4.05308583e-07
6.00500000e+01 4.03947663e-07
6.01000000e+01 4.02593713e-07
6.01500000e+01 4.01246703e-07
6.02000000e+01 4.00308730e-07
6.02500000e+01 3.98974337e-07
6.03000000e+01 3.97646707e-07
6.03500000e+01 3.96325817e-07
6.04000000e+01 3.95406663e-07
6.04500000e+01 3.94098070e-07
6.05000000e+01 3.92796093e-07
6.05500000e+01 3.91500653e-07
6.06000000e+01 3.90599750e-07
6.06500000e+01 3.89316233e-07
6.07000000e+01 3.88039193e-07
6.07500000e+01 3.86768550e-07
6.08000000e+01 3.85504210e-07
6.08500000e+01 3.84626310e-07
6.09000000e+01 3.83373530e-07
6.09500000e+01 3.82126977e-07
6.10000000e+01 3.80886610e-07
6.10500000e+01 3.80025750e-07
6.11000000e+01 3.78796597e-07
6.11500000e+01 3.77573523e-07
6.12000000e+01 3.76356477e-07
6.12500000e+01 3.75145390e-07
6.13000000e+01 3.74306057e-07
6.13500000e+01 3.73105850e-07
6.14000000e+01 3.71911477e-07
6.14500000e+01 3.70722947e-07
6.15000000e+01 3.69899570e-07
6.15500000e+01 3.72279907e-07
6.16000000e+01 3.71098107e-07
6.16500000e+01 3.69922020e-07
6.17000000e+01 3.69103573e-07
6.17500000e+01 3.67937843e-07
6.18000000e+01 3.66777727e-07
6.18500000e+01 3.65623160e-07
6.19000000e+01 3.64474127e-07
6.19500000e+01 3.63675500e-07
6.20000000e+01 3.62536490e-07
6.20500000e+01 3.61402937e-07
6.21000000e+01 3.60274777e-07
6.21500000e+01 3.59490823e-07
6.22000000e+01 3.58372410e-07
6.22500000e+01 3.57259303e-07
6.23000000e+01 3.56151453e-07
6.23500000e+01 3.55048833e-07
6.24000000e+01 3.54283497e-07
6.24500000e+01 3.53190330e-07
6.25000000e+01 3.52102283e-07
6.25500000e+01 3.51019323e-07
6.26000000e+01 3.50267807e-07
6.26500000e+01 3.49194097e-07
6.27000000e+01 3.48125370e-07
6.27500000e+01 3.47061643e-07
6.28000000e+01 3.46002830e-07
6.28500000e+01 3.45268797e-07
6.29000000e+01 3.44218950e-07
6.29500000e+01 3.43173887e-07
6.30000000e+01 3.42133700e-07
6.30500000e+01 3.41098313e-07
6.31000000e+01 3.40381123e-07
6.31500000e+01 3.39354387e-07
6.32000000e+01 3.38332347e-07
6.32500000e+01 3.37314967e-07
6.33000000e+01 3.39888450e-07
6.33500000e+01 3.38870993e-07
6.34000000e+01 3.37858130e-07
6.34500000e+01 3.36849893e-07
6.35000000e+01 3.35846187e-07
6.35500000e+01 3.35148230e-07
6.36000000e+01 3.34152807e-07
6.36500000e+01 3.33161800e-07
6.37000000e+01 3.32175303e-07
6.37500000e+01 3.31193240e-07
6.38000000e+01 3.30510817e-07
6.38500000e+01 3.29536747e-07
6.39000000e+01 3.28567020e-07
6.39500000e+01 3.27601623e-07
6.40000000e+01 3.26640507e-07
6.40500000e+01 3.25973170e-07
6.41000000e+01 3.25019820e-07
6.41500000e+01 3.24070730e-07
6.42000000e+01 3.23125807e-07
6.42500000e+01 3.22469610e-07
6.43000000e+01 3.21532257e-07
6.43500000e+01 3.20599063e-07
6.44000000e+01 3.19669927e-07
6.44500000e+01 3.18744913e-07
6.45000000e+01 3.18102917e-07
6.45500000e+01 3.17185250e-07
6.46000000e+01 3.16271560e-07
6.46500000e+01 3.15361883e-07
6.47000000e+01 3.14456120e-07
6.47500000e+01 3.13827910e-07
6.48000000e+01 3.12929313e-07
6.48500000e+01 3.12034627e-07
6.49000000e+01 3.11143780e-07
6.49500000e+01 3.10256800e-07
6.50000000e+01 3.09641907e-07
6.50500000e+01 3.08761863e-07
6.51000000e+01 3.07885610e-07
6.51500000e+01 3.10030130e-07
6.52000000e+01 3.09153743e-07
6.52500000e+01 3.08543583e-07
6.53000000e+01 3.07674023e-07
6.53500000e+01 3.06808167e-07
6.54000000e+01 3.05945937e-07
6.54500000e+01 3.05087393e-07
6.55000000e+01 3.04489877e-07
6.55500000e+01 3.03637943e-07
6.56000000e+01 3.02789613e-07
6.56500000e+01 3.01944850e-07
6.57000000e+01 3.01103627e-07
6.57500000e+01 3.00518420e-07
6.58000000e+01 2.99683627e-07
6.58500000e+01 2.98852290e-07
6.59000000e+01 2.98024470e-07
6.59500000e+01 2.97200090e-07
6.60000000e+01 2.96626787e-07
6.60500000e+01 2.95808660e-07
6.61000000e+01 2.94993927e-07
6.61500000e+01 2.94182597e-07
6.62000000e+01 2.93374600e-07
6.62500000e+01 2.92569960e-07
6.63000000e+01 2.92010903e-07
6.63500000e+01 2.91212290e-07
6.64000000e+01 2.90416977e-07
6.64500000e+01 2.89624947e-07
6.65000000e+01 2.88836137e-07
6.65500000e+01 2.88288230e-07
6.66000000e+01 2.87505310e-07
6.66500000e+01 2.86725543e-07
6.67000000e+01 2.85949017e-07
6.67500000e+01 2.85175623e-07
6.68000000e+01 2.84638513e-07
6.68500000e+01 2.83870850e-07
6.69000000e+01 2.83106267e-07
6.69500000e+01 2.82344823e-07
6.70000000e+01 2.81586420e-07
6.70500000e+01 2.83840680e-07
6.71000000e+01 2.83081080e-07
6.71500000e+01 2.82324573e-07
6.72000000e+01 2.81571103e-07
6.72500000e+01 2.80820620e-07
6.73000000e+01 2.80073157e-07
6.73500000e+01 2.79552060e-07
6.74000000e+01 2.78810003e-07
6.74500000e+01 2.78070940e-07
6.75000000e+01 2.77334780e-07
6.75500000e+01 2.76601567e-07
6.76000000e+01 2.76090453e-07
6.76500000e+01 2.75362500e-07
6.77000000e+01 2.74637450e-07
6.77500000e+01 2.73915257e-07
6.78000000e+01 2.73195907e-07
6.78500000e+01 2.72479377e-07
6.79000000e+01 2.71980253e-07
6.79500000e+01 2.71268833e-07
6.80000000e+01 2.70560230e-07
6.80500000e+01 2.69854410e-07
6.81000000e+01 2.69151310e-07
6.81500000e+01 2.68661520e-07
6.82000000e+01 2.67963417e-07
6.82500000e+01 2.67268050e-07
6.83000000e+01 2.66575387e-07
6.83500000e+01 2.65885403e-07
6.84000000e+01 2.65198087e-07
6.84500000e+01 2.64719570e-07
6.85000000e+01 2.64037063e-07
6.85500000e+01 2.63357240e-07
6.86000000e+01 2.62680017e-07
6.86500000e+01 2.62005397e-07
6.87000000e+01 2.61535657e-07
6.87500000e+01 2.60865733e-07
6.88000000e+01 2.60198387e-07
6.88500000e+01 2.59533597e-07
6.89000000e+01 2.58871353e-07
6.89500000e+01 2.58211660e-07
6.90000000e+01 2.57752470e-07
6.90500000e+01 2.59659477e-07
6.91000000e+01 2.59000843e-07
6.91500000e+01 2.58344707e-07
6.92000000e+01 2.57691027e-07
6.92500000e+01 2.57039850e-07
6.93000000e+01 2.56584663e-07
6.93500000e+01 2.55937930e-07
6.94000000e+01 2.55293650e-07
6.94500000e+01 2.54651770e-07
6.95000000e+01 2.54012340e-07
6.95500000e+01 2.53565227e-07
6.96000000e+01 2.52930133e-07
6.96500000e+01 2.52297373e-07
6.97000000e+01 2.51667033e-07
6.97500000e+01 2.51039023e-07
6.98000000e+01 2.50413323e-07
6.98500000e+01 2.49976017e-07
6.99000000e+01 2.49354557e-07
6.99500000e+01 2.48735403e-07
7.00000000e+01 2.48118563e-07
7.00500000e+01 2.47504000e-07
7.01000000e+01 2.46891707e-07
7.01500000e+01 2.46463843e-07
7.02000000e+01 2.45855650e-07
7.02500000e+01 2.45249700e-07
7.03000000e+01 2.44645970e-07
7.03500000e+01 2.44044447e-07
7.04000000e+01 2.43445127e-07
7.04500000e+01 2.43026460e-07
7.05000000e+01 2.42431113e-07
7.05500000e+01 2.41837967e-07
7.06000000e+01 2.41246963e-07
7.06500000e+01 2.40658120e-07
7.07000000e+01 2.40071423e-07
7.07500000e+01 2.39661613e-07
7.08000000e+01 2.39078780e-07
7.08500000e+01 2.38498057e-07
7.09000000e+01 2.37919453e-07
7.09500000e+01 2.37342903e-07
7.10000000e+01 2.36768470e-07
7.10500000e+01 2.36196090e-07
7.11000000e+01 2.35796570e-07
7.11500000e+01 2.37587907e-07
7.12000000e+01 2.37016023e-07
7.12500000e+01 2.36446187e-07
7.13000000e+01 2.35878367e-07
7.13500000e+01 2.35312607e-07
7.14000000e+01 2.34915847e-07
7.14500000e+01 2.34353733e-07
7.15000000e+01 2.33793623e-07
7.15500000e+01 2.33235497e-07
7.16000000e+01 2.32679360e-07
7.16500000e+01 2.32125197e-07
7.17000000e+01 2.31736600e-07
7.17500000e+01 2.31185980e-07
7.18000000e+01 2.30637310e-07
7.18500000e+01 2.30090600e-07
7.19000000e+01 2.29545790e-07
7.19500000e+01 2.29002907e-07
7.20000000e+01 2.28461917e-07
7.20500000e+01 2.28082773e-07
7.21000000e+01 2.27545233e-07
7.21500000e+01 2.27009587e-07
7.22000000e+01 2.26475800e-07
7.22500000e+01 2.25943883e-07
7.23000000e+01 2.25413830e-07
7.23500000e+01 2.25042287e-07
7.24000000e+01 2.24515587e-07
7.24500000e+01 2.23990707e-07
7.25000000e+01 2.23467633e-07
7.25500000e+01 2.22946403e-07
7.26000000e+01 2.22426970e-07
7.26500000e+01 2.21909317e-07
7.27000000e+01 2.21546617e-07
7.27500000e+01 2.21032233e-07
7.28000000e+01 2.20519583e-07
7.28500000e+01 2.20008730e-07
7.29000000e+01 2.19499623e-07
7.29500000e+01 2.18992250e-07
7.30000000e+01 2.18636677e-07
7.30500000e+01 2.18132480e-07
7.31000000e+01 2.17630003e-07
7.31500000e+01 2.17129223e-07
7.32000000e+01 2.16630163e-07
7.32500000e+01 2.16132790e-07
7.33000000e+01 2.15637123e-07
7.33500000e+01 2.17463647e-07
7.34000000e+01 2.16966350e-07
7.34500000e+01 2.16470730e-07
7.35000000e+01 2.15976810e-07
7.35500000e+01 2.15484560e-07
7.36000000e+01 2.14993950e-07
7.36500000e+01 2.14505007e-07
7.37000000e+01 2.14160963e-07
7.37500000e+01 2.13674990e-07
7.38000000e+01 2.13190677e-07
7.38500000e+01 2.12707983e-07
7.39000000e+01 2.12226890e-07
7.39500000e+01 2.11747433e-07
7.40000000e+01 2.11269560e-07
7.40500000e+01 2.10933367e-07
7.41000000e+01 2.10458390e-07
7.41500000e+01 2.09984997e-07
7.42000000e+01 2.09513190e-07
7.42500000e+01 2.09042937e-07
7.43000000e+01 2.08574263e-07
7.43500000e+01 2.08107113e-07
7.44000000e+01 2.07778543e-07
7.44500000e+01 2.07314200e-07
7.45000000e+01 2.06851403e-07
7.45500000e+01 2.06390143e-07
7.46000000e+01 2.05930407e-07
7.46500000e+01 2.05472180e-07
7.47000000e+01 2.05015467e-07
7.47500000e+01 2.04694207e-07
7.48000000e+01 2.04240203e-07
7.48500000e+01 2.03787670e-07
7.49000000e+01 2.03336653e-07
7.49500000e+01 2.02887103e-07
7.50000000e+01 2.02439010e-07
7.50500000e+01 2.01992407e-07
7.51000000e+01 2.01547230e-07
7.51500000e+01 2.01234247e-07
7.52000000e+01 2.00791700e-07
7.52500000e+01 2.00350603e-07
7.53000000e+01 1.99910930e-07
7.53500000e+01 1.99472687e-07
7.54000000e+01 1.99035857e-07
7.54500000e+01 1.98600447e-07
7.55000000e+01 1.98294300e-07
7.55500000e+01 1.97861423e-07
7.56000000e+01 1.97429953e-07
7.56500000e+01 1.96999873e-07
7.57000000e+01 1.98569837e-07
7.57500000e+01 1.98138390e-07
7.58000000e+01 1.97708350e-07
7.58500000e+01 1.97279660e-07
7.59000000e+01 1.96976963e-07
7.59500000e+01 1.96550780e-07
7.60000000e+01 1.96125930e-07
7.60500000e+01 1.95702443e-07
7.61000000e+01 1.95280310e-07
7.61500000e+01 1.94859517e-07
7.62000000e+01 1.94440077e-07
7.62500000e+01 1.94143843e-07
7.63000000e+01 1.93726797e-07
7.63500000e+01 1.93311080e-07
7.64000000e+01 1.92896663e-07
7.64500000e+01 1.92483567e-07
7.65000000e+01 1.92071767e-07
7.65500000e+01 1.91661290e-07
7.66000000e+01 1.91252083e-07
7.66500000e+01 1.90963157e-07
7.67000000e+01 1.90556287e-07
7.67500000e+01 1.90150700e-07
7.68000000e+01 1.89746380e-07
7.68500000e+01 1.89343320e-07
7.69000000e+01 1.88941543e-07
7.69500000e+01 1.88541000e-07
7.70000000e+01 1.88141730e-07
7.70500000e+01 1.87743683e-07
7.71000000e+01 1.87462780e-07
7.71500000e+01 1.87066990e-07
7.72000000e+01 1.86672430e-07
7.72500000e+01 1.86279093e-07
7.73000000e+01 1.85886983e-07
7.73500000e+01 1.85496100e-07
7.74000000e+01 1.85106397e-07
7.74500000e+01 1.84717910e-07
7.75000000e+01 1.84443770e-07
7.75500000e+01 1.84057460e-07
7.76000000e+01 1.83672337e-07
7.76500000e+01 1.83288407e-07
7.77000000e+01 1.82905653e-07
7.77500000e+01 1.82524063e-07
7.78000000e+01 1.82143670e-07
7.78500000e+01 1.81764423e-07
7.79000000e+01 1.81496810e-07
7.79500000e+01 1.81119663e-07
7.80000000e+01 1.80743687e-07
7.80500000e+01 1.80368833e-07
7.81000000e+01 1.81837473e-07
7.81500000e+01 1.81461277e-07
7.82000000e+01 1.81086207e-07
7.82500000e+01 1.80712290e-07
7.83000000e+01 1.80339517e-07
7.83500000e+01 1.80075340e-07
7.84000000e+01 1.79704617e-07
7.84500000e+01 1.79334993e-07
7.85000000e+01 1.78966500e-07
7.85500000e+01 1.78599130e-07
7.86000000e+01 1.78232847e-07
7.86500000e+01 1.77867670e-07
7.87000000e+01 1.77503600e-07
7.87500000e+01 1.77140633e-07
7.88000000e+01 1.76883470e-07
7.88500000e+01 1.76522483e-07
7.89000000e+01 1.76162557e-07
7.89500000e+01 1.75803717e-07
7.90000000e+01 1.75445943e-07
7.90500000e+01 1.75089243e-07
7.91000000e+01 1.74733607e-07
7.91500000e+01 1.74379040e-07
7.92000000e+01 1.74025517e-07
7.92500000e+01 1.73775100e-07
7.93000000e+01 1.73423477e-07
7.93500000e+01 1.73072917e-07
7.94000000e+01 1.72723380e-07
7.94500000e+01 1.72374890e-07
7.95000000e+01 1.72027430e-07
7.95500000e+01 1.71681007e-07
7.96000000e+01 1.71335593e-07
7.96500000e+01 1.70991203e-07
7.97000000e+01 1.70647830e-07
7.97500000e+01 1.70404697e-07
7.98000000e+01 1.70063157e-07
7.98500000e+01 1.69722613e-07
7.99000000e+01 1.69383090e-07
7.99500000e+01 1.69044540e-07
8.00000000e+01 1.68706987e-07
