-2.00000000e+01 2.89667613e-08 3.07930820e-08
-1.99500000e+01 2.91216993e-08 3.09596307e-08
-1.99000000e+01 2.92780063e-08 3.11276670e-08
-1.98500000e+01 2.94356913e-08 3.12972120e-08
-1.98000000e+01 2.95947857e-08 3.14682813e-08
-1.97500000e+01 2.97553013e-08 3.16408983e-08
-1.97000000e+01 2.99172557e-08 3.18150793e-08
-1.96500000e+01 3.00806597e-08 3.19908460e-08
-1.96000000e+01 3.02455477e-08 3.21682217e-08
-1.95500000e+01 3.04119303e-08 3.23472223e-08
-1.95000000e+01 3.05798263e-08 3.25278750e-08
-1.94500000e+01 3.07492580e-08 3.27101957e-08
-1.94000000e+01 3.09202357e-08 3.28942080e-08
-1.93500000e+01 3.10927960e-08 3.30799390e-08
-1.93000000e+01 3.12669497e-08 3.32674050e-08
-1.92500000e+01 3.14427203e-08 3.34566323e-08
-1.92000000e+01 3.16201213e-08 3.36476447e-08
-1.91500000e+01 3.17991907e-08 3.38404677e-08
-1.91000000e+01 3.19799407e-08 3.40351210e-08
-1.90500000e+01 3.21623937e-08 3.42316370e-08
-1.90000000e+01 3.23465757e-08 3.44300333e-08
-1.89500000e+01 3.25325000e-08 3.46303387e-08
-1.89000000e+01 3.27202077e-08 3.48325823e-08
-1.88500000e+01 3.29097137e-08 3.50367860e-08
-1.88000000e+01 3.31010413e-08 3.52429793e-08
-1.87500000e+01 3.32942193e-08 3.54511910e-08
-1.87000000e+01 3.34892623e-08 3.56614493e-08
-1.86500000e+01 3.36862150e-08 3.58737837e-08
-1.86000000e+01 3.38850923e-08 3.60882160e-08
-1.85500000e+01 3.40859227e-08 3.63047880e-08
-1.85000000e+01 3.42887297e-08 3.65235190e-08
-1.84500000e+01 3.44935510e-08 3.67444463e-08
-1.84000000e+01 3.47004110e-08 3.69676023e-08
-1.83500000e+01 3.49093360e-08 3.71930147e-08
-1.83000000e+01 3.51203573e-08 3.74207217e-08
-1.82500000e+01 3.53335007e-08 3.76507463e-08
-1.82000000e+01 3.55488057e-08 3.78831350e-08
-1.81500000e+01 3.57662990e-08 3.81179160e-08
-1.81000000e+01 3.59860080e-08 3.83551247e-08
-1.80500000e+01 3.62079757e-08 3.85947993e-08
-1.80000000e+01 3.64322300e-08 3.88369720e-08
-1.79500000e+01 3.66587977e-08 3.90816877e-08
-1.79000000e+01 3.68877243e-08 3.93289797e-08
-1.78500000e+01 3.71190347e-08 3.95788857e-08
-1.78000000e+01 3.73527763e-08 3.98314473e-08
-1.77500000e+01 3.75889743e-08 4.00867030e-08
-1.77000000e+01 3.78276760e-08 4.03446980e-08
-1.76500000e+01 3.80689113e-08 4.06054710e-08
-1.76000000e+01 3.83127193e-08 4.08690703e-08
-1.75500000e+01 3.85591483e-08 4.11355310e-08
-1.75000000e+01 3.88082263e-08 4.14049033e-08
-1.74500000e+01 3.90600033e-08 4.16772327e-08
-1.74000000e+01 3.93145140e-08 4.19525637e-08
-1.73500000e+01 3.95718117e-08 4.22309470e-08
-1.73000000e+01 3.98319350e-08 4.25124250e-08
-1.72500000e+01 4.00949193e-08 4.27970567e-08
-1.72000000e+01 4.03608227e-08 4.30848837e-08
-1.71500000e+01 4.06296833e-08 4.33759640e-08
-1.71000000e+01 4.09015587e-08 4.36703463e-08
-1.70500000e+01 4.11764843e-08 4.39680837e-08
-1.70000000e+01 4.14545200e-08 4.42692350e-08
-1.69500000e+01 4.17357063e-08 4.45738540e-08
-1.69000000e+01 4.20201083e-08 4.48820030e-08
-1.68500000e+01 4.23077720e-08 4.51937287e-08
-1.68000000e+01 4.25987423e-08 4.55091047e-08
-1.67500000e+01 4.28930873e-08 4.58281837e-08
-1.67000000e+01 4.31908517e-08 4.61510303e-08
-1.66500000e+01 4.34921073e-08 4.64777107e-08
-1.66000000e+01 4.37968977e-08 4.68082833e-08
-1.65500000e+01 4.41052950e-08 4.71428270e-08
-1.65000000e+01 4.44173527e-08 4.74813990e-08
-1.64500000e+01 4.47331327e-08 4.78240767e-08
-1.64000000e+01 4.50527090e-08 4.81709240e-08
-1.63500000e+01 4.53761333e-08 4.85220207e-08
-1.63000000e+01 4.57034830e-08 4.88774397e-08
-1.62500000e+01 4.60348170e-08 4.92372560e-08
-1.62000000e+01 4.63702213e-08 4.96015517e-08
-1.61500000e+01 4.67097573e-08 4.99703977e-08
-1.61000000e+01 4.70534903e-08 5.03438907e-08
-1.60500000e+01 4.74015100e-08 5.07221050e-08
-1.60000000e+01 4.77538807e-08 5.11051257e-08
-1.59500000e+01 4.81106970e-08 5.14930437e-08
-1.59000000e+01 4.84720220e-08 5.18859467e-08
-1.58500000e+01 4.88379523e-08 5.22839313e-08
-1.58000000e+01 4.92085627e-08 5.26870900e-08
-1.57500000e+01 4.95839403e-08 5.30955240e-08
-1.57000000e+01 4.99641847e-08 5.35093213e-08
-1.56500000e+01 5.03493693e-08 5.39285917e-08
-1.56000000e+01 5.07396003e-08 5.43534393e-08
-1.55500000e+01 5.11349623e-08 5.47839690e-08
-1.55000000e+01 5.15355703e-08 5.52202940e-08
-1.54500000e+01 5.19415040e-08 5.56625150e-08
-1.54000000e+01 5.23528827e-08 5.61107657e-08
-1.53500000e+01 5.27698007e-08 5.65651490e-08
-1.53000000e+01 5.31923663e-08 5.70257957e-08
-1.52500000e+01 5.36207017e-08 5.74928197e-08
-1.52000000e+01 5.40549017e-08 5.79663577e-08
-1.51500000e+01 5.44950973e-08 5.84465377e-08
-1.51000000e+01 5.49413967e-08 5.89334930e-08
-1.50500000e+01 5.53939407e-08 5.94273690e-08
-1.50000000e+01 5.58528430e-08 5.99282870e-08
-1.49500000e+01 5.63182217e-08 6.04364167e-08
-1.49000000e+01 5.67902290e-08 6.09518930e-08
-1.48500000e+01 5.72689847e-08 6.14748733e-08
-1.48000000e+01 5.77546480e-08 6.20055143e-08
-1.47500000e+01 5.82473410e-08 6.25439747e-08
-1.47000000e+01 5.87472287e-08 6.30904287e-08
-1.46500000e+01 5.92544520e-08 6.36450427e-08
-1.46000000e+01 5.97691657e-08 6.42080010e-08
-1.45500000e+01 6.02915450e-08 6.47794650e-08
-1.45000000e+01 6.08217330e-08 6.53596370e-08
-1.44500000e+01 6.13599140e-08 6.59487037e-08
-1.44000000e+01 6.19062493e-08 6.65468607e-08
-1.43500000e+01 6.24609420e-08 6.71543163e-08
-1.43000000e+01 6.30241600e-08 6.77712620e-08
-1.42500000e+01 6.35960800e-08 6.83979387e-08
-1.42000000e+01 6.41769217e-08 6.90345513e-08
-1.41500000e+01 6.47668647e-08 6.96813273e-08
-1.41000000e+01 6.53661413e-08 7.03385033e-08
-1.40500000e+01 6.59749377e-08 7.10063183e-08
-1.40000000e+01 6.65934920e-08 7.16850250e-08
-1.39500000e+01 6.72220260e-08 7.23748797e-08
-1.39000000e+01 6.78607593e-08 7.30761513e-08
-1.38500000e+01 6.85099580e-08 7.37891017e-08
-1.38000000e+01 6.91698407e-08 7.45140193e-08
-1.37500000e+01 6.98406887e-08 7.52511927e-08
-1.37000000e+01 7.05227370e-08 7.60009190e-08
-1.36500000e+01 7.12162940e-08 7.67635130e-08
-1.36000000e+01 7.19216053e-08 7.75392877e-08
-1.35500000e+01 7.26389833e-08 7.83285783e-08
-1.35000000e+01 7.33687220e-08 7.91317150e-08
-1.34500000e+01 7.41111117e-08 7.99490597e-08
-1.34000000e+01 7.48665013e-08 8.07809740e-08
-1.33500000e+01 7.56351840e-08 8.16278237e-08
-1.33000000e+01 7.64175380e-08 8.24900087e-08
-1.32500000e+01 7.72138807e-08 8.33679197e-08
-1.32000000e+01 7.80246027e-08 8.42619850e-08
-1.31500000e+01 7.88500713e-08 8.51726117e-08
-1.31000000e+01 7.96906533e-08 8.61002720e-08
-1.30500000e+01 8.05467907e-08 8.70454097e-08
-1.30000000e+01 8.14188560e-08 8.80084950e-08
-1.29500000e+01 8.23073217e-08 8.89900353e-08
-1.29000000e+01 8.32125963e-08 8.99905293e-08
-1.28500000e+01 8.41351747e-08 9.10105137e-08
-1.28000000e+01 8.50755230e-08 9.20505343e-08
-1.27500000e+01 8.60341143e-08 9.31111700e-08
-1.27000000e+01 8.70115090e-08 9.41930027e-08
-1.26500000e+01 8.80081900e-08 9.52966303e-08
-1.26000000e+01 8.90247577e-08 9.64227193e-08
-1.25500000e+01 9.00617407e-08 9.75719013e-08
-1.25000000e+01 9.11197820e-08 9.87448770e-08
-1.24500000e+01 9.21994780e-08 9.99423540e-08
-1.24000000e+01 9.33014433e-08 1.01165081e-07
-1.23500000e+01 9.44263997e-08 1.02413820e-07
-1.23000000e+01 9.55749950e-08 1.03689356e-07
-1.22500000e+01 9.67479877e-08 1.04992552e-07
-1.22000000e+01 9.79460850e-08 1.06324245e-07
-1.21500000e+01 9.91701227e-08 1.07685361e-07
-1.21000000e+01 1.00420859e-07 1.09076817e-07
-1.20500000e+01 1.01699183e-07 1.10499621e-07
-1.20000000e+01 1.03005966e-07 1.11954753e-07
-1.19500000e+01 1.04342096e-07 1.13443307e-07
-1.19000000e+01 1.05708577e-07 1.14966387e-07
-1.18500000e+01 1.07106353e-07 1.16525137e-07
-1.18000000e+01 1.08536527e-07 1.18120780e-07
-1.17500000e+01 1.10000130e-07 1.19754560e-07
-1.17000000e+01 1.11498347e-07 1.21427820e-07
-1.16500000e+01 1.13032337e-07 1.23141910e-07
-1.16000000e+01 1.14603313e-07 1.24898287e-07
-1.15500000e+01 1.16212637e-07 1.26698470e-07
-1.15000000e+01 1.17861587e-07 1.28544003e-07
-1.14500000e+01 1.19551650e-07 1.30436573e-07
-1.14000000e+01 1.21284253e-07 1.32377880e-07
-1.13500000e+01 1.23060997e-07 1.34369757e-07
-1.13000000e+01 1.24883500e-07 1.36414100e-07
-1.12500000e+01 1.26753420e-07 1.38512923e-07
-1.12000000e+01 1.28672633e-07 1.40668307e-07
-1.11500000e+01 1.30642933e-07 1.42882433e-07
-1.11000000e+01 1.32666377e-07 1.45157647e-07
-1.10500000e+01 1.34744953e-07 1.47496357e-07
-1.10000000e+01 1.36880933e-07 1.49901137e-07
-1.09500000e+01 1.39076563e-07 1.52374673e-07
-1.09000000e+01 1.41334223e-07 1.54919823e-07
-1.08500000e+01 1.43656537e-07 1.57539560e-07
-1.08000000e+01 1.46046097e-07 1.60237010e-07
-1.07500000e+01 1.48505817e-07 1.63015570e-07
-1.07000000e+01 1.51038573e-07 1.65878680e-07
-1.06500000e+01 1.53647623e-07 1.68830113e-07
-1.06000000e+01 1.56336217e-07 1.71873763e-07
-1.05500000e+01 1.59107867e-07 1.75013807e-07
-1.05000000e+01 1.61966347e-07 1.78254617e-07
-1.04500000e+01 1.64915517e-07 1.81600877e-07
-1.04000000e+01 1.67959623e-07 1.85057557e-07
-1.03500000e+01 1.71102983e-07 1.88629830e-07
-1.03000000e+01 1.74350407e-07 1.92323343e-07
-1.02500000e+01 1.77706763e-07 1.96143973e-07
-1.02000000e+01 1.81177427e-07 2.00098060e-07
-1.01500000e+01 1.84768003e-07 2.04192267e-07
-1.01000000e+01 1.88484410e-07 2.08433780e-07
-1.00500000e+01 1.92333150e-07 2.12830230e-07
-1.00000000e+01 1.96320890e-07 2.17389720e-07
-9.95000000e+00 2.00455030e-07 2.22120997e-07
-9.90000000e+00 2.04743207e-07 2.27033320e-07
-9.85000000e+00 2.09193803e-07 2.32136697e-07
-9.80000000e+00 2.13815690e-07 2.37441727e-07
-9.75000000e+00 2.18618277e-07 2.42959963e-07
-9.70000000e+00 2.23611953e-07 2.48703677e-07
-9.65000000e+00 2.28807463e-07 2.54686040e-07
-9.60000000e+00 2.34216783e-07 2.60921360e-07
-9.55000000e+00 2.39852423e-07 2.67424917e-07
-9.50000000e+00 2.45728170e-07 2.74213300e-07
-9.45000000e+00 2.51858723e-07 2.81304397e-07
-9.40000000e+00 2.58259867e-07 2.88717570e-07
-9.35000000e+00 2.64949063e-07 2.96473760e-07
-9.30000000e+00 2.71944650e-07 3.04595607e-07
-9.25000000e+00 2.79267103e-07 3.13107957e-07
-9.20000000e+00 2.86938110e-07 3.22037490e-07
-9.15000000e+00 2.94981783e-07 3.31413513e-07
-9.10000000e+00 3.03423990e-07 3.41267917e-07
-9.05000000e+00 3.12292930e-07 3.51635603e-07
-9.00000000e+00 3.21619867e-07 3.62554677e-07
-8.95000000e+00 3.31438363e-07 3.74066800e-07
-8.90000000e+00 3.41785850e-07 3.86218197e-07
-8.85000000e+00 3.52702753e-07 3.99059057e-07
-8.80000000e+00 3.64234287e-07 4.12645243e-07
-8.75000000e+00 3.76429563e-07 4.27038093e-07
-8.70000000e+00 3.89343337e-07 4.42305700e-07
-8.65000000e+00 4.03035943e-07 4.58523293e-07
-8.60000000e+00 4.17574080e-07 4.75774657e-07
-8.55000000e+00 4.33032353e-07 4.94153040e-07
-8.50000000e+00 4.49492983e-07 5.13762197e-07
-8.45000000e+00 4.67048717e-07 5.34718460e-07
-8.40000000e+00 4.85802247e-07 5.57151813e-07
-8.35000000e+00 5.05869330e-07 5.81208607e-07
-8.30000000e+00 5.27379703e-07 6.07053193e-07
-8.25000000e+00 5.50478947e-07 6.34871223e-07
-8.20000000e+00 5.75332523e-07 6.64872693e-07
-8.15000000e+00 6.02125723e-07 6.97295140e-07
-8.10000000e+00 6.31070423e-07 7.32408967e-07
-8.05000000e+00 6.62405660e-07 7.70521273e-07
-8.00000000e+00 6.96404737e-07 8.11982857e-07
-7.95000000e+00 7.33378757e-07 8.57194420e-07
-7.90000000e+00 7.73682487e-07 9.06614273e-07
-7.85000000e+00 8.17723770e-07 9.60767517e-07
-7.80000000e+00 8.65966503e-07 1.02025546e-06
-7.75000000e+00 9.18945190e-07 1.08576772e-06
-7.70000000e+00 9.77268683e-07 1.15809213e-06
-7.65000000e+00 1.04163556e-06 1.23812817e-06
-7.60000000e+00 1.11283910e-06 1.32689680e-06
-7.55000000e+00 1.19177700e-06 1.42554683e-06
-7.50000000e+00 1.27945993e-06 1.53535700e-06
-7.45000000e+00 1.37700170e-06 1.65772173e-06
-7.40000000e+00 1.48561387e-06 1.79412580e-06
-7.35000000e+00 1.60656410e-06 1.94606863e-06
-7.30000000e+00 1.74112143e-06 2.11496653e-06
-7.25000000e+00 1.89043923e-06 2.30196383e-06
-7.20000000e+00 2.05539253e-06 2.50767537e-06
-7.15000000e+00 2.23634170e-06 2.73182533e-06
-7.10000000e+00 2.43280907e-06 2.97281797e-06
-7.05000000e+00 2.64313023e-06 3.22729350e-06
-7.00000000e+00 2.86410003e-06 3.48979980e-06
-6.95000000e+00 3.09079000e-06 3.75279837e-06
-6.90000000e+00 3.31661670e-06 4.00713270e-06
-6.85000000e+00 3.53383183e-06 4.24305190e-06
-6.80000000e+00 3.73436327e-06 4.45154067e-06
-6.75000000e+00 3.91084650e-06 4.62558033e-06
-6.70000000e+00 4.05759927e-06 4.76092520e-06
-6.65000000e+00 4.17129567e-06 4.85626527e-06
-6.60000000e+00 4.25132870e-06 4.91296783e-06
-6.55000000e+00 4.29980450e-06 4.93460023e-06
-6.50000000e+00 4.32122827e-06 4.92644197e-06
-6.45000000e+00 4.32184947e-06 4.89493430e-06
-6.40000000e+00 4.30880523e-06 4.84710370e-06
-6.35000000e+00 4.28922780e-06 4.78992863e-06
-6.30000000e+00 4.26949233e-06 4.72979480e-06
-6.25000000e+00 4.25474830e-06 4.67210613e-06
-6.20000000e+00 4.24864907e-06 4.62107677e-06
-6.15000000e+00 4.25321263e-06 4.57967207e-06
-6.10000000e+00 4.26865320e-06 4.54959400e-06
-6.05000000e+00 4.29324730e-06 4.53125777e-06
-6.00000000e+00 4.32333443e-06 4.52373890e-06
-5.95000000e+00 4.35362870e-06 4.52480073e-06
-5.90000000e+00 4.37799660e-06 4.53104777e-06
-5.85000000e+00 4.39053540e-06 4.53827830e-06
-5.80000000e+00 4.38669877e-06 4.54199330e-06
-5.75000000e+00 4.36397857e-06 4.53797747e-06
-5.70000000e+00 4.32195620e-06 4.52276607e-06
-5.65000000e+00 4.26175650e-06 4.49386330e-06
-5.60000000e+00 4.18528633e-06 4.44972010e-06
-5.55000000e+00 4.09464527e-06 4.38955650e-06
-5.50000000e+00 3.99187197e-06 4.31323753e-06
-5.45000000e+00 3.87901127e-06 4.22126127e-06
-5.40000000e+00 3.75830413e-06 4.11487160e-06
-5.35000000e+00 3.63234227e-06 3.99615563e-06
-5.30000000e+00 3.50403187e-06 3.86800910e-06
-5.25000000e+00 3.37639610e-06 3.73394537e-06
-5.20000000e+00 3.25230397e-06 3.59778517e-06
-5.15000000e+00 3.13428330e-06 3.46334107e-06
-5.10000000e+00 3.02443363e-06 3.33414407e-06
-5.05000000e+00 2.92444813e-06 3.21327037e-06
-5.00000000e+00 2.83564657e-06 3.10326287e-06
-4.95000000e+00 2.75900250e-06 3.00610880e-06
-4.90000000e+00 2.69513450e-06 2.92322400e-06
-4.85000000e+00 2.64424763e-06 2.85540397e-06
-4.80000000e+00 2.60605707e-06 2.80276337e-06
-4.75000000e+00 2.57970150e-06 2.76468057e-06
-4.70000000e+00 2.56374553e-06 2.73979427e-06
-4.65000000e+00 2.55626917e-06 2.72607427e-06
-4.60000000e+00 2.55507227e-06 2.72098277e-06
-4.55000000e+00 2.55793433e-06 2.72172720e-06
-4.50000000e+00 2.56287860e-06 2.72559530e-06
-4.45000000e+00 2.56840630e-06 2.73032400e-06
-4.40000000e+00 2.57364510e-06 2.73441047e-06
-4.35000000e+00 2.57842153e-06 2.73727110e-06
-4.30000000e+00 2.58318397e-06 2.73917197e-06
-4.25000000e+00 2.58880123e-06 2.74096560e-06
-4.20000000e+00 2.59624887e-06 2.74370723e-06
-4.15000000e+00 2.60627903e-06 2.74829250e-06
-4.10000000e+00 2.61917240e-06 2.75518207e-06
-4.05000000e+00 2.63461350e-06 2.76426563e-06
-4.00000000e+00 2.65174007e-06 2.77486763e-06
-3.95000000e+00 2.66932703e-06 2.78588617e-06
-3.90000000e+00 2.68610417e-06 2.79607470e-06
-3.85000000e+00 2.70111660e-06 2.80437167e-06
-3.80000000e+00 2.71404137e-06 2.81021447e-06
-3.75000000e+00 2.72534803e-06 2.81367670e-06
-3.70000000e+00 2.73622747e-06 2.81539797e-06
-3.65000000e+00 2.74830930e-06 2.81633283e-06
-3.60000000e+00 2.76326557e-06 2.81745950e-06
-3.55000000e+00 2.78244177e-06 2.81959627e-06
-3.50000000e+00 2.80659050e-06 2.82335547e-06
-3.45000000e+00 2.83575137e-06 2.82922663e-06
-3.40000000e+00 2.86923397e-06 2.83764573e-06
-3.35000000e+00 2.90567090e-06 2.84898297e-06
-3.30000000e+00 2.94312490e-06 2.86341787e-06
-3.25000000e+00 2.97929010e-06 2.88078660e-06
-3.20000000e+00 3.01183323e-06 2.90049947e-06
-3.15000000e+00 3.03884313e-06 2.92160920e-06
-3.10000000e+00 3.05929750e-06 2.94302820e-06
-3.05000000e+00 3.07334883e-06 2.96379053e-06
-3.00000000e+00 3.08229060e-06 2.98324863e-06
-2.95000000e+00 3.08818233e-06 3.00110433e-06
-2.90000000e+00 3.09329090e-06 3.01730153e-06
-2.85000000e+00 3.09956033e-06 3.03184700e-06
-2.80000000e+00 3.10829283e-06 3.04469317e-06
-2.75000000e+00 3.12008893e-06 3.05573117e-06
-2.70000000e+00 3.13498473e-06 3.06487890e-06
-2.65000000e+00 3.15264080e-06 3.07219180e-06
-2.60000000e+00 3.17247050e-06 3.07790347e-06
-2.55000000e+00 3.19364387e-06 3.08238877e-06
-2.50000000e+00 3.21502477e-06 3.08606427e-06
-2.45000000e+00 3.23514403e-06 3.08930687e-06
-2.40000000e+00 3.25230240e-06 3.09242720e-06
-2.35000000e+00 3.26483597e-06 3.09570780e-06
-2.30000000e+00 3.27146417e-06 3.09945753e-06
-2.25000000e+00 3.27159037e-06 3.10403837e-06
-2.20000000e+00 3.26542057e-06 3.10983943e-06
-2.15000000e+00 3.25385210e-06 3.11720743e-06
-2.10000000e+00 3.23820080e-06 3.12637403e-06
-2.05000000e+00 3.21985753e-06 3.13740113e-06
-2.00000000e+00 3.20000177e-06 3.15016317e-06
-1.95000000e+00 3.17940973e-06 3.16432153e-06
-1.90000000e+00 3.15836523e-06 3.17928233e-06
-1.85000000e+00 3.13664987e-06 3.19411987e-06
-1.80000000e+00 3.11359847e-06 3.20750790e-06
-1.75000000e+00 3.08823770e-06 3.21772607e-06
-1.70000000e+00 3.05950787e-06 3.22280597e-06
-1.65000000e+00 3.02656680e-06 3.22085520e-06
-1.60000000e+00 2.98909893e-06 3.21047587e-06
-1.55000000e+00 2.94754153e-06 3.19117243e-06
-1.50000000e+00 2.90313613e-06 3.16357037e-06
-1.45000000e+00 2.85777183e-06 3.12937087e-06
-1.40000000e+00 2.81367673e-06 3.09102770e-06
-1.35000000e+00 2.77304750e-06 3.05127740e-06
-1.30000000e+00 2.73772910e-06 3.01267023e-06
-1.25000000e+00 2.70899640e-06 2.97721640e-06
-1.20000000e+00 2.68746043e-06 2.94621737e-06
-1.15000000e+00 2.67307447e-06 2.92024670e-06
-1.10000000e+00 2.66519680e-06 2.89924847e-06
-1.05000000e+00 2.66269933e-06 2.88267640e-06
-1.00000000e+00 2.66408797e-06 2.86964867e-06
-9.50000000e-01 2.66766113e-06 2.85908997e-06
-9.00000000e-01 2.67170283e-06 2.84986627e-06
-8.50000000e-01 2.67471107e-06 2.84092600e-06
-8.00000000e-01 2.67563763e-06 2.83144133e-06
-7.50000000e-01 2.67407317e-06 2.82093573e-06
-7.00000000e-01 2.67031817e-06 2.80935917e-06
-6.50000000e-01 2.66528533e-06 2.79708833e-06
-6.00000000e-01 2.66025430e-06 2.78483087e-06
-5.50000000e-01 2.65653080e-06 2.77345940e-06
-5.00000000e-01 2.65510877e-06 2.76381383e-06
-4.50000000e-01 2.65642113e-06 2.75652353e-06
-4.00000000e-01 2.66023697e-06 2.75188837e-06
-3.50000000e-01 2.66572293e-06 2.74983747e-06
-3.00000000e-01 2.67164697e-06 2.74995907e-06
-2.50000000e-01 2.67667003e-06 2.75158373e-06
-2.00000000e-01 2.67964337e-06 2.75389250e-06
-1.50000000e-01 2.67982970e-06 2.75602593e-06
-1.00000000e-01 2.67699323e-06 2.75718397e-06
-5.00000000e-02 2.67135120e-06 2.75671180e-06
0.00000000e+00 2.66343440e-06 2.75417980e-06
5.00000000e-02 2.65392230e-06 2.74945310e-06
1.00000000e-01 2.64352080e-06 2.74274300e-06
1.50000000e-01 2.63290503e-06 2.73462010e-06
2.00000000e-01 2.62271900e-06 2.72596603e-06
2.50000000e-01 2.61359207e-06 2.71785667e-06
3.00000000e-01 2.60613623e-06 2.71138800e-06
3.50000000e-01 2.60090323e-06 2.70747873e-06
4.00000000e-01 2.59830483e-06 2.70668577e-06
4.50000000e-01 2.59852347e-06 2.70908057e-06
5.00000000e-01 2.60145077e-06 2.71420957e-06
5.50000000e-01 2.60668060e-06 2.72115513e-06
6.00000000e-01 2.61357100e-06 2.72868787e-06
6.50000000e-01 2.62136127e-06 2.73548250e-06
7.00000000e-01 2.62931720e-06 2.74035170e-06
7.50000000e-01 2.63686137e-06 2.74244200e-06
8.00000000e-01 2.64365037e-06 2.74134953e-06
8.50000000e-01 2.64958353e-06 2.73714027e-06
9.00000000e-01 2.65475490e-06 2.73028770e-06
9.50000000e-01 2.65937270e-06 2.72156377e-06
1.00000000e+00 2.66368790e-06 2.71192313e-06
1.05000000e+00 2.66795433e-06 2.70240413e-06
1.10000000e+00 2.67242770e-06 2.69405167e-06
1.15000000e+00 2.67738540e-06 2.68784550e-06
1.20000000e+00 2.68314313e-06 2.68462523e-06
1.25000000e+00 2.69004523e-06 2.68500210e-06
1.30000000e+00 2.69841893e-06 2.68926517e-06
1.35000000e+00 2.70850270e-06 2.69730663e-06
1.40000000e+00 2.72037177e-06 2.70859033e-06
1.45000000e+00 2.73389120e-06 2.72219360e-06
1.50000000e+00 2.74871753e-06 2.73692940e-06
1.55000000e+00 2.76435633e-06 2.75154090e-06
1.60000000e+00 2.78026367e-06 2.76493410e-06
1.65000000e+00 2.79596243e-06 2.77638643e-06
1.70000000e+00 2.81113787e-06 2.78567277e-06
1.75000000e+00 2.82567910e-06 2.79306657e-06
1.80000000e+00 2.83965763e-06 2.79921953e-06
1.85000000e+00 2.85325153e-06 2.80495723e-06
1.90000000e+00 2.86664480e-06 2.81105747e-06
1.95000000e+00 2.87993760e-06 2.81807650e-06
2.00000000e+00 2.89309717e-06 2.82626047e-06
2.05000000e+00 2.90595793e-06 2.83555417e-06
2.10000000e+00 2.91826413e-06 2.84568663e-06
2.15000000e+00 2.92972867e-06 2.85629407e-06
2.20000000e+00 2.94008473e-06 2.86703733e-06
2.25000000e+00 2.94910463e-06 2.87767267e-06
2.30000000e+00 2.95658167e-06 2.88806327e-06
2.35000000e+00 2.96229217e-06 2.89813767e-06
2.40000000e+00 2.96596363e-06 2.90782623e-06
2.45000000e+00 2.96728220e-06 2.91701153e-06
2.50000000e+00 2.96595220e-06 2.92552267e-06
2.55000000e+00 2.96180663e-06 2.93318390e-06
2.60000000e+00 2.95493360e-06 2.93989743e-06
2.65000000e+00 2.94577253e-06 2.94573203e-06
2.70000000e+00 2.93513967e-06 2.95097367e-06
2.75000000e+00 2.92416197e-06 2.95611333e-06
2.80000000e+00 2.91413267e-06 2.96176923e-06
2.85000000e+00 2.90632277e-06 2.96856063e-06
2.90000000e+00 2.90180167e-06 2.97697707e-06
2.95000000e+00 2.90130400e-06 2.98727740e-06
3.00000000e+00 2.90516990e-06 2.99945557e-06
3.05000000e+00 2.91335853e-06 3.01327623e-06
3.10000000e+00 2.92552343e-06 3.02837390e-06
3.15000000e+00 2.94111817e-06 3.04438407e-06
3.20000000e+00 2.95950470e-06 3.06106310e-06
3.25000000e+00 2.98003060e-06 3.07836083e-06
3.30000000e+00 3.00206207e-06 3.09641953e-06
3.35000000e+00 3.02497303e-06 3.11550527e-06
3.40000000e+00 3.04811073e-06 3.13589217e-06
3.45000000e+00 3.07076980e-06 3.15774333e-06
3.50000000e+00 3.09220473e-06 3.18102633e-06
3.55000000e+00 3.11169943e-06 3.20549487e-06
3.60000000e+00 3.12868217e-06 3.23073507e-06
3.65000000e+00 3.14286140e-06 3.25626607e-06
3.70000000e+00 3.15432360e-06 3.28165373e-06
3.75000000e+00 3.16355947e-06 3.30660283e-06
3.80000000e+00 3.17138657e-06 3.33099097e-06
3.85000000e+00 3.17878410e-06 3.35483257e-06
3.90000000e+00 3.18667953e-06 3.37819233e-06
3.95000000e+00 3.19574227e-06 3.40107823e-06
4.00000000e+00 3.20623777e-06 3.42336037e-06
4.05000000e+00 3.21798290e-06 3.44474967e-06
4.10000000e+00 3.23040753e-06 3.46484970e-06
4.15000000e+00 3.24271277e-06 3.48326980e-06
4.20000000e+00 3.25408030e-06 3.49976100e-06
4.25000000e+00 3.26387713e-06 3.51432707e-06
4.30000000e+00 3.27179893e-06 3.52727030e-06
4.35000000e+00 3.27790887e-06 3.53914617e-06
4.40000000e+00 3.28257193e-06 3.55063977e-06
4.45000000e+00 3.28630713e-06 3.56239950e-06
4.50000000e+00 3.28961537e-06 3.57487823e-06
4.55000000e+00 3.29283557e-06 3.58823303e-06
4.60000000e+00 3.29607697e-06 3.60230853e-06
4.65000000e+00 3.29923847e-06 3.61671667e-06
4.70000000e+00 3.30211077e-06 3.63097713e-06
4.75000000e+00 3.30451677e-06 3.64468367e-06
4.80000000e+00 3.30644657e-06 3.65763280e-06
4.85000000e+00 3.30813357e-06 3.66987453e-06
4.90000000e+00 3.31005247e-06 3.68166633e-06
4.95000000e+00 3.31283527e-06 3.69334353e-06
5.00000000e+00 3.31713897e-06 3.70514997e-06
5.05000000e+00 3.32350950e-06 3.71708657e-06
5.10000000e+00 3.33227807e-06 3.72883043e-06
5.15000000e+00 3.34352440e-06 3.73975353e-06
5.20000000e+00 3.35710757e-06 3.74904700e-06
5.25000000e+00 3.37275100e-06 3.75591877e-06
5.30000000e+00 3.39015067e-06 3.75981097e-06
5.35000000e+00 3.40906850e-06 3.76056973e-06
5.40000000e+00 3.42937707e-06 3.75851567e-06
5.45000000e+00 3.45104013e-06 3.75439070e-06
5.50000000e+00 3.47402963e-06 3.74919520e-06
5.55000000e+00 3.49820927e-06 3.74396420e-06
5.60000000e+00 3.52322170e-06 3.73954507e-06
5.65000000e+00 3.54842137e-06 3.73643023e-06
5.70000000e+00 3.57288143e-06 3.73468520e-06
5.75000000e+00 3.59548740e-06 3.73397357e-06
5.80000000e+00 3.61509753e-06 3.73366790e-06
5.85000000e+00 3.63073263e-06 3.73300683e-06
5.90000000e+00 3.64173897e-06 3.73125387e-06
5.95000000e+00 3.64787797e-06 3.72781850e-06
6.00000000e+00 3.64931390e-06 3.72231483e-06
6.05000000e+00 3.64650850e-06 3.71455943e-06
6.10000000e+00 3.64006467e-06 3.70452947e-06
6.15000000e+00 3.63057503e-06 3.69231230e-06
6.20000000e+00 3.61852530e-06 3.67807877e-06
6.25000000e+00 3.60427813e-06 3.66208863e-06
6.30000000e+00 3.58813287e-06 3.64472470e-06
6.35000000e+00 3.57042650e-06 3.62653057e-06
6.40000000e+00 3.55162857e-06 3.60822407e-06
6.45000000e+00 3.53238903e-06 3.59066327e-06
6.50000000e+00 3.51351390e-06 3.57475730e-06
6.55000000e+00 3.49587307e-06 3.56133663e-06
6.60000000e+00 3.48026723e-06 3.55100867e-06
6.65000000e+00 3.46730013e-06 3.54403877e-06
6.70000000e+00 3.45729273e-06 3.54028823e-06
6.75000000e+00 3.45026830e-06 3.53923690e-06
6.80000000e+00 3.44601433e-06 3.54009223e-06
6.85000000e+00 3.44420567e-06 3.54196907e-06
6.90000000e+00 3.44455137e-06 3.54409903e-06
6.95000000e+00 3.44691723e-06 3.54601313e-06
7.00000000e+00 3.45138597e-06 3.54764373e-06
7.05000000e+00 3.45822517e-06 3.54931337e-06
7.10000000e+00 3.46777063e-06 3.55161560e-06
7.15000000e+00 3.48025280e-06 3.55521810e-06
7.20000000e+00 3.49562117e-06 3.56065250e-06
7.25000000e+00 3.51341887e-06 3.56814823e-06
7.30000000e+00 3.53275360e-06 3.57755930e-06
7.35000000e+00 3.55238993e-06 3.58840057e-06
7.40000000e+00 3.57095523e-06 3.59998707e-06
7.45000000e+00 3.58721470e-06 3.61163623e-06
7.50000000e+00 3.60034127e-06 3.62286797e-06
7.55000000e+00 3.61009777e-06 3.63353793e-06
7.60000000e+00 3.61686803e-06 3.64385047e-06
7.65000000e+00 3.62151953e-06 3.65424173e-06
7.70000000e+00 3.62513937e-06 3.66516100e-06
7.75000000e+00 3.62872440e-06 3.67681663e-06
7.80000000e+00 3.63291780e-06 3.68896810e-06
7.85000000e+00 3.63786417e-06 3.70083610e-06
7.90000000e+00 3.64322290e-06 3.71117263e-06
7.95000000e+00 3.64833247e-06 3.71849253e-06
8.00000000e+00 3.65247447e-06 3.72142143e-06
8.05000000e+00 3.65515733e-06 3.71906770e-06
8.10000000e+00 3.65632553e-06 3.71130140e-06
8.15000000e+00 3.65642220e-06 3.69885057e-06
8.20000000e+00 3.65627920e-06 3.68317547e-06
8.25000000e+00 3.65686903e-06 3.66615977e-06
8.30000000e+00 3.65899750e-06 3.64971137e-06
8.35000000e+00 3.66303443e-06 3.63538747e-06
8.40000000e+00 3.66876757e-06 3.62413417e-06
8.45000000e+00 3.67542817e-06 3.61619237e-06
8.50000000e+00 3.68189087e-06 3.61117043e-06
8.55000000e+00 3.68699857e-06 3.60825510e-06
8.60000000e+00 3.68991927e-06 3.60649397e-06
8.65000000e+00 3.69041947e-06 3.60507023e-06
8.70000000e+00 3.68895750e-06 3.60349063e-06
8.75000000e+00 3.68655487e-06 3.60163910e-06
8.80000000e+00 3.68448167e-06 3.59968917e-06
8.85000000e+00 3.68385007e-06 3.59792227e-06
8.90000000e+00 3.68523797e-06 3.59652640e-06
8.95000000e+00 3.68845147e-06 3.59545827e-06
9.00000000e+00 3.69249483e-06 3.59442020e-06
9.05000000e+00 3.69576247e-06 3.59296563e-06
9.10000000e+00 3.69640837e-06 3.59069417e-06
9.15000000e+00 3.69279160e-06 3.58746267e-06
9.20000000e+00 3.68386063e-06 3.58352287e-06
9.25000000e+00 3.66934700e-06 3.57952120e-06
9.30000000e+00 3.64970797e-06 3.57634287e-06
9.35000000e+00 3.62584740e-06 3.57484027e-06
9.40000000e+00 3.59873440e-06 3.57552940e-06
9.45000000e+00 3.56906763e-06 3.57834953e-06
9.50000000e+00 3.53711053e-06 3.58256730e-06
9.55000000e+00 3.50274980e-06 3.58686820e-06
9.60000000e+00 3.46574310e-06 3.58962437e-06
9.65000000e+00 3.42604867e-06 3.58926777e-06
9.70000000e+00 3.38409360e-06 3.58465447e-06
9.75000000e+00 3.34086237e-06 3.57529060e-06
9.80000000e+00 3.29775737e-06 3.56133753e-06
9.85000000e+00 3.25627857e-06 3.54339530e-06
9.90000000e+00 3.21763510e-06 3.52215707e-06
9.95000000e+00 3.18242060e-06 3.49807583e-06
1.00000000e+01 3.15045750e-06 3.47117767e-06
1.00500000e+01 3.12085340e-06 3.44108767e-06
1.01000000e+01 3.09224767e-06 3.40724253e-06
1.01500000e+01 3.06315737e-06 3.36917953e-06
1.02000000e+01 3.03229360e-06 3.32674947e-06
1.02500000e+01 2.99872250e-06 3.28013787e-06
1.03000000e+01 2.96181710e-06 3.22966887e-06
1.03500000e+01 2.92104710e-06 3.17548463e-06
1.04000000e+01 2.87574620e-06 3.11726290e-06
1.04500000e+01 2.82500803e-06 3.05413017e-06
1.05000000e+01 2.76779383e-06 2.98483763e-06
1.05500000e+01 2.70320720e-06 2.90813913e-06
1.06000000e+01 2.63078060e-06 2.82319983e-06
1.06500000e+01 2.55060793e-06 2.72984863e-06
1.07000000e+01 2.46325047e-06 2.62858207e-06
1.07500000e+01 2.36950633e-06 2.52038130e-06
1.08000000e+01 2.27021793e-06 2.40650520e-06
1.08500000e+01 2.16625770e-06 2.28839457e-06
1.09000000e+01 2.05867907e-06 2.16769743e-06
1.09500000e+01 1.94889380e-06 2.04631200e-06
1.10000000e+01 1.83871257e-06 1.92633160e-06
1.10500000e+01 1.73018927e-06 1.80986377e-06
1.11000000e+01 1.62534327e-06 1.69879240e-06
1.11500000e+01 1.52588663e-06 1.59458107e-06
1.12000000e+01 1.43305633e-06 1.49818123e-06
1.12500000e+01 1.34757377e-06 1.41004667e-06
1.13000000e+01 1.26970307e-06 1.33021823e-06
1.13500000e+01 1.19935630e-06 1.25843737e-06
1.14000000e+01 1.13620793e-06 1.19425517e-06
1.14500000e+01 1.07979330e-06 1.13712213e-06
1.15000000e+01 1.02958393e-06 1.08645363e-06
1.15500000e+01 9.85038867e-07 1.04167303e-06
1.16000000e+01 9.45637630e-07 1.00223849e-06
1.16500000e+01 9.10898657e-07 9.67656943e-07
1.17000000e+01 8.80388377e-07 9.37490017e-07
1.17500000e+01 8.53724403e-07 9.11355490e-07
1.18000000e+01 8.30574877e-07 8.88925347e-07
1.18500000e+01 8.10656213e-07 8.69922787e-07
1.19000000e+01 7.93729693e-07 8.54118583e-07
1.19500000e+01 7.79598120e-07 8.41327543e-07
1.20000000e+01 7.68102437e-07 8.31405303e-07
1.20500000e+01 7.59118970e-07 8.24245653e-07
1.21000000e+01 7.52557013e-07 8.19778537e-07
1.21500000e+01 7.48357123e-07 8.17968660e-07
1.22000000e+01 7.46489897e-07 8.18814847e-07
1.22500000e+01 7.46955493e-07 8.22350090e-07
1.23000000e+01 7.49783697e-07 8.28642357e-07
1.23500000e+01 7.55034597e-07 8.37796087e-07
1.24000000e+01 7.62800010e-07 8.49954557e-07
1.24500000e+01 7.73205483e-07 8.65302977e-07
1.25000000e+01 7.86413017e-07 8.84072413e-07
1.25500000e+01 8.02624463e-07 9.06544510e-07
1.26000000e+01 8.22085647e-07 9.33057007e-07
1.26500000e+01 8.45091030e-07 9.64009713e-07
1.27000000e+01 8.71988783e-07 9.99870737e-07
1.27500000e+01 9.03185990e-07 1.04118234e-06
1.28000000e+01 9.39153287e-07 1.08856513e-06
1.28500000e+01 9.80427953e-07 1.14271885e-06
1.29000000e+01 1.02761355e-06 1.20441697e-06
1.29500000e+01 1.08137377e-06 1.27449010e-06
1.30000000e+01 1.14241597e-06 1.35379247e-06
1.30500000e+01 1.21145893e-06 1.44314160e-06
1.31000000e+01 1.28917670e-06 1.54322053e-06
1.31500000e+01 1.37610950e-06 1.65443037e-06
1.32000000e+01 1.47253230e-06 1.77668560e-06
1.32500000e+01 1.57827720e-06 1.90915690e-06
1.33000000e+01 1.69251873e-06 2.04999297e-06
1.33500000e+01 1.81355440e-06 2.19609453e-06
1.34000000e+01 1.93864887e-06 2.34305660e-06
1.34500000e+01 2.06403467e-06 2.48540710e-06
1.35000000e+01 2.18515943e-06 2.61720527e-06
1.35500000e+01 2.29719457e-06 2.73290537e-06
1.36000000e+01 2.39569947e-06 2.82821173e-06
1.36500000e+01 2.47723093e-06 2.90060250e-06
1.37000000e+01 2.53971240e-06 2.94937187e-06
1.37500000e+01 2.58253047e-06 2.97532563e-06
1.38000000e+01 2.60647660e-06 2.98042537e-06
1.38500000e+01 2.61365467e-06 2.96756993e-06
1.39000000e+01 2.60734833e-06 2.94047023e-06
1.39500000e+01 2.59174013e-06 2.90343817e-06
1.40000000e+01 2.57141930e-06 2.86098493e-06
1.40500000e+01 2.55075220e-06 2.81729457e-06
1.41000000e+01 2.53328260e-06 2.77575300e-06
1.41500000e+01 2.52132057e-06 2.73868733e-06
1.42000000e+01 2.51578687e-06 2.70736517e-06
1.42500000e+01 2.51629943e-06 2.68219143e-06
1.43000000e+01 2.52143273e-06 2.66298213e-06
1.43500000e+01 2.52906683e-06 2.64919103e-06
1.44000000e+01 2.53674083e-06 2.64001187e-06
1.44500000e+01 2.54194930e-06 2.63435030e-06
1.45000000e+01 2.54235187e-06 2.63072893e-06
1.45500000e+01 2.53591007e-06 2.62722230e-06
1.46000000e+01 2.52099590e-06 2.62151480e-06
1.46500000e+01 2.49650423e-06 2.61112257e-06
1.47000000e+01 2.46197047e-06 2.59374643e-06
1.47500000e+01 2.41764770e-06 2.56765427e-06
1.48000000e+01 2.36449213e-06 2.53196273e-06
1.48500000e+01 2.30402503e-06 2.48671890e-06
1.49000000e+01 2.23809683e-06 2.43276810e-06
1.49500000e+01 2.16861947e-06 2.37147687e-06
1.50000000e+01 2.09734870e-06 2.30443567e-06
1.50500000e+01 2.02576863e-06 2.23324540e-06
1.51000000e+01 1.95508733e-06 2.15943430e-06
1.51500000e+01 1.88631340e-06 2.08448527e-06
1.52000000e+01 1.82035833e-06 2.00990450e-06
1.52500000e+01 1.75811300e-06 1.93726253e-06
1.53000000e+01 1.70047113e-06 1.86816670e-06
1.53500000e+01 1.64829727e-06 1.80416870e-06
1.54000000e+01 1.60235927e-06 1.74664070e-06
1.54500000e+01 1.56324793e-06 1.69665950e-06
1.55000000e+01 1.53130490e-06 1.65492203e-06
1.55500000e+01 1.50656877e-06 1.62169977e-06
1.56000000e+01 1.48874153e-06 1.59682230e-06
1.56500000e+01 1.47717973e-06 1.57968577e-06
1.57000000e+01 1.47091663e-06 1.56928277e-06
1.57500000e+01 1.46872820e-06 1.56426783e-06
1.58000000e+01 1.46925370e-06 1.56307377e-06
1.58500000e+01 1.47116847e-06 1.56408580e-06
1.59000000e+01 1.47338310e-06 1.56585847e-06
1.59500000e+01 1.47521780e-06 1.56733080e-06
1.60000000e+01 1.47649110e-06 1.56797253e-06
1.60500000e+01 1.47748637e-06 1.56780720e-06
1.61000000e+01 1.47880037e-06 1.56729750e-06
1.61500000e+01 1.48112113e-06 1.56712987e-06
1.62000000e+01 1.48500273e-06 1.56796530e-06
1.62500000e+01 1.49069403e-06 1.57022730e-06
1.63000000e+01 1.49805797e-06 1.57397577e-06
1.63500000e+01 1.50659247e-06 1.57888603e-06
1.64000000e+01 1.51554923e-06 1.58432917e-06
1.64500000e+01 1.52412417e-06 1.58953123e-06
1.65000000e+01 1.53167690e-06 1.59377020e-06
1.65500000e+01 1.53791947e-06 1.59655927e-06
1.66000000e+01 1.54301887e-06 1.59776417e-06
1.66500000e+01 1.54757720e-06 1.59762503e-06
1.67000000e+01 1.55249670e-06 1.59668043e-06
1.67500000e+01 1.55877223e-06 1.59562603e-06
1.68000000e+01 1.56726793e-06 1.59515453e-06
1.68500000e+01 1.57853057e-06 1.59582297e-06
1.69000000e+01 1.59266890e-06 1.59797300e-06
1.69500000e+01 1.60931413e-06 1.60171423e-06
1.70000000e+01 1.62766280e-06 1.60696123e-06
1.70500000e+01 1.64659647e-06 1.61350310e-06
1.71000000e+01 1.66486340e-06 1.62108183e-06
1.71500000e+01 1.68129370e-06 1.62945337e-06
1.72000000e+01 1.69500523e-06 1.63841817e-06
1.72500000e+01 1.70554873e-06 1.64781393e-06
1.73000000e+01 1.71296037e-06 1.65748123e-06
1.73500000e+01 1.71771080e-06 1.66721963e-06
1.74000000e+01 1.72057577e-06 1.67675837e-06
1.74500000e+01 1.72247023e-06 1.68575707e-06
1.75000000e+01 1.72429203e-06 1.69384387e-06
1.75500000e+01 1.72680290e-06 1.70068333e-06
1.76000000e+01 1.73055617e-06 1.70605410e-06
1.76500000e+01 1.73586360e-06 1.70990880e-06
1.77000000e+01 1.74278823e-06 1.71239427e-06
1.77500000e+01 1.75115013e-06 1.71382190e-06
1.78000000e+01 1.76053797e-06 1.71459510e-06
1.78500000e+01 1.77033233e-06 1.71511633e-06
1.79000000e+01 1.77974633e-06 1.71570237e-06
1.79500000e+01 1.78789647e-06 1.71653363e-06
1.80000000e+01 1.79390417e-06 1.71765090e-06
1.80500000e+01 1.79702360e-06 1.71899907e-06
1.81000000e+01 1.79676877e-06 1.72050280e-06
1.81500000e+01 1.79300910e-06 1.72214660e-06
1.82000000e+01 1.78599967e-06 1.72403047e-06
1.82500000e+01 1.77632940e-06 1.72637717e-06
1.83000000e+01 1.76479350e-06 1.72948260e-06
1.83500000e+01 1.75221993e-06 1.73361710e-06
1.84000000e+01 1.73929040e-06 1.73890193e-06
1.84500000e+01 1.72639860e-06 1.74519330e-06
1.85000000e+01 1.71357450e-06 1.75200647e-06
1.85500000e+01 1.70049233e-06 1.75850770e-06
1.86000000e+01 1.68656470e-06 1.76359020e-06
1.86500000e+01 1.67110593e-06 1.76603447e-06
1.87000000e+01 1.65353197e-06 1.76472523e-06
1.87500000e+01 1.63354787e-06 1.75888023e-06
1.88000000e+01 1.61127410e-06 1.74822737e-06
1.88500000e+01 1.58727387e-06 1.73308003e-06
1.89000000e+01 1.56247857e-06 1.71428673e-06
1.89500000e+01 1.53803670e-06 1.69307380e-06
1.90000000e+01 1.51513193e-06 1.67083000e-06
1.90500000e+01 1.49481387e-06 1.64889110e-06
1.91000000e+01 1.47786997e-06 1.62836770e-06
1.91500000e+01 1.46474997e-06 1.61004270e-06
1.92000000e+01 1.45553890e-06 1.59433573e-06
1.92500000e+01 1.44997203e-06 1.58132300e-06
1.93000000e+01 1.44748347e-06 1.57079680e-06
1.93500000e+01 1.44728590e-06 1.56234477e-06
1.94000000e+01 1.44847403e-06 1.55543753e-06
1.94500000e+01 1.45014560e-06 1.54951243e-06
1.95000000e+01 1.45152350e-06 1.54404777e-06
1.95500000e+01 1.45205977e-06 1.53861957e-06
1.96000000e+01 1.45149977e-06 1.53294220e-06
1.96500000e+01 1.44989200e-06 1.52688957e-06
1.97000000e+01 1.44754163e-06 1.52049707e-06
1.97500000e+01 1.44491997e-06 1.51394580e-06
1.98000000e+01 1.44255010e-06 1.50752933e-06
1.98500000e+01 1.44089413e-06 1.50160593e-06
1.99000000e+01 1.44026103e-06 1.49653923e-06
1.99500000e+01 1.44074823e-06 1.49263503e-06
2.00000000e+01 1.44222170e-06 1.49007980e-06
2.00500000e+01 1.44433450e-06 1.48889350e-06
2.01000000e+01 1.44658260e-06 1.48890250e-06
2.01500000e+01 1.44838767e-06 1.48974493e-06
2.02000000e+01 1.44919783e-06 1.49091120e-06
2.02500000e+01 1.44858673e-06 1.49182127e-06
2.03000000e+01 1.44633237e-06 1.49192617e-06
2.03500000e+01 1.44245850e-06 1.49081693e-06
2.04000000e+01 1.43722640e-06 1.48831217e-06
2.04500000e+01 1.43108370e-06 1.48450257e-06
2.05000000e+01 1.42458193e-06 1.47973730e-06
2.05500000e+01 1.41828657e-06 1.47455563e-06
2.06000000e+01 1.41269670e-06 1.46958413e-06
2.06500000e+01 1.40818990e-06 1.46542190e-06
2.07000000e+01 1.40499643e-06 1.46254077e-06
2.07500000e+01 1.40320160e-06 1.46121390e-06
2.08000000e+01 1.40276647e-06 1.46148240e-06
2.08500000e+01 1.40355990e-06 1.46315727e-06
2.09000000e+01 1.40539200e-06 1.46585417e-06
2.09500000e+01 1.40804173e-06 1.46905200e-06
2.10000000e+01 1.41127567e-06 1.47216740e-06
2.10500000e+01 1.41485910e-06 1.47463287e-06
2.11000000e+01 1.41856380e-06 1.47597163e-06
2.11500000e+01 1.42217573e-06 1.47585660e-06
2.12000000e+01 1.42550907e-06 1.47415160e-06
2.12500000e+01 1.42842657e-06 1.47092540e-06
2.13000000e+01 1.43086287e-06 1.46644513e-06
2.13500000e+01 1.43284410e-06 1.46114607e-06
2.14000000e+01 1.43449603e-06 1.45558433e-06
2.14500000e+01 1.43603357e-06 1.45037650e-06
2.15000000e+01 1.43773227e-06 1.44613167e-06
2.15500000e+01 1.43988383e-06 1.44338270e-06
2.16000000e+01 1.44274673e-06 1.44252210e-06
2.16500000e+01 1.44650280e-06 1.44375147e-06
2.17000000e+01 1.45122943e-06 1.44705093e-06
2.17500000e+01 1.45689300e-06 1.45217557e-06
2.18000000e+01 1.46336393e-06 1.45868283e-06
2.18500000e+01 1.47044993e-06 1.46599417e-06
2.19000000e+01 1.47793633e-06 1.47348157e-06
2.19500000e+01 1.48562340e-06 1.48056947e-06
2.20000000e+01 1.49335237e-06 1.48682783e-06
2.20500000e+01 1.50101470e-06 1.49203730e-06
2.21000000e+01 1.50854507e-06 1.49620787e-06
2.21500000e+01 1.51590490e-06 1.49954950e-06
2.22000000e+01 1.52306613e-06 1.50240277e-06
2.22500000e+01 1.53000177e-06 1.50515217e-06
2.23000000e+01 1.53668433e-06 1.50814220e-06
2.23500000e+01 1.54309120e-06 1.51161793e-06
2.24000000e+01 1.54921030e-06 1.51569617e-06
2.24500000e+01 1.55503710e-06 1.52036797e-06
2.25000000e+01 1.56056073e-06 1.52552550e-06
2.25500000e+01 1.56574047e-06 1.53099927e-06
2.26000000e+01 1.57048090e-06 1.53659707e-06
2.26500000e+01 1.57461477e-06 1.54213410e-06
2.27000000e+01 1.57790543e-06 1.54745063e-06
2.27500000e+01 1.58007453e-06 1.55242140e-06
2.28000000e+01 1.58085493e-06 1.55695867e-06
2.28500000e+01 1.58005600e-06 1.56101463e-06
2.29000000e+01 1.57762717e-06 1.56458777e-06
2.29500000e+01 1.57369753e-06 1.56772870e-06
2.30000000e+01 1.56858283e-06 1.57054410e-06
2.30500000e+01 1.56275157e-06 1.57319227e-06
2.31000000e+01 1.55676380e-06 1.57586947e-06
2.31500000e+01 1.55119910e-06 1.57878700e-06
2.32000000e+01 1.54659083e-06 1.58214467e-06
2.32500000e+01 1.54338227e-06 1.58610590e-06
2.33000000e+01 1.54190600e-06 1.59078293e-06
2.33500000e+01 1.54238617e-06 1.59623297e-06
2.34000000e+01 1.54494853e-06 1.60246520e-06
2.34500000e+01 1.54962933e-06 1.60945533e-06
2.35000000e+01 1.55637617e-06 1.61716137e-06
2.35500000e+01 1.56503570e-06 1.62553543e-06
2.36000000e+01 1.57533847e-06 1.63452910e-06
2.36500000e+01 1.58688873e-06 1.64409347e-06
2.37000000e+01 1.59917620e-06 1.65417803e-06
2.37500000e+01 1.61161647e-06 1.66473000e-06
2.38000000e+01 1.62361953e-06 1.67569863e-06
2.38500000e+01 1.63467627e-06 1.68704270e-06
2.39000000e+01 1.64443720e-06 1.69873557e-06
2.39500000e+01 1.65276257e-06 1.71076457e-06
2.40000000e+01 1.65972233e-06 1.72311810e-06
2.40500000e+01 1.66555123e-06 1.73576480e-06
2.41000000e+01 1.67057190e-06 1.74862723e-06
2.41500000e+01 1.67511213e-06 1.76156530e-06
2.42000000e+01 1.67944427e-06 1.77437467e-06
2.42500000e+01 1.68375710e-06 1.78680960e-06
2.43000000e+01 1.68816207e-06 1.79862620e-06
2.43500000e+01 1.69271733e-06 1.80963243e-06
2.44000000e+01 1.69745257e-06 1.81972990e-06
2.44500000e+01 1.70237760e-06 1.82893077e-06
2.45000000e+01 1.70746753e-06 1.83734240e-06
2.45500000e+01 1.71263700e-06 1.84512293e-06
2.46000000e+01 1.71771587e-06 1.85242813e-06
2.46500000e+01 1.72245537e-06 1.85936730e-06
2.47000000e+01 1.72656777e-06 1.86598633e-06
2.47500000e+01 1.72980057e-06 1.87228560e-06
2.48000000e+01 1.73201693e-06 1.87825983e-06
2.48500000e+01 1.73325407e-06 1.88394400e-06
2.49000000e+01 1.73372890e-06 1.88943863e-06
2.49500000e+01 1.73378227e-06 1.89490397e-06
2.50000000e+01 1.73378360e-06 1.90051957e-06
2.50500000e+01 1.73402610e-06 1.90642587e-06
2.51000000e+01 1.73465463e-06 1.91267087e-06
2.51500000e+01 1.73565280e-06 1.91918350e-06
2.52000000e+01 1.73689407e-06 1.92578783e-06
2.52500000e+01 1.73823763e-06 1.93225033e-06
2.53000000e+01 1.73962903e-06 1.93834667e-06
2.53500000e+01 1.74116957e-06 1.94391823e-06
2.54000000e+01 1.74312027e-06 1.94889503e-06
2.54500000e+01 1.74584560e-06 1.95327830e-06
2.55000000e+01 1.74971253e-06 1.95708860e-06
2.55500000e+01 1.75499140e-06 1.96030770e-06
2.56000000e+01 1.76178720e-06 1.96284020e-06
2.56500000e+01 1.77002583e-06 1.96451750e-06
2.57000000e+01 1.77949327e-06 1.96514713e-06
2.57500000e+01 1.78990443e-06 1.96458593e-06
2.58000000e+01 1.80097630e-06 1.96281827e-06
2.58500000e+01 1.81247110e-06 1.95999513e-06
2.59000000e+01 1.82420167e-06 1.95642920e-06
2.59500000e+01 1.83599940e-06 1.95253760e-06
2.60000000e+01 1.84766733e-06 1.94875527e-06
2.60500000e+01 1.85894340e-06 1.94544313e-06
2.61000000e+01 1.86949077e-06 1.94281337e-06
2.61500000e+01 1.87891840e-06 1.94088853e-06
2.62000000e+01 1.88682200e-06 1.93949397e-06
2.62500000e+01 1.89283397e-06 1.93828440e-06
2.63000000e+01 1.89666153e-06 1.93679477e-06
2.63500000e+01 1.89811943e-06 1.93451357e-06
2.64000000e+01 1.89714510e-06 1.93097207e-06
2.64500000e+01 1.89380963e-06 1.92583383e-06
2.65000000e+01 1.88831993e-06 1.91897290e-06
2.65500000e+01 1.88100193e-06 1.91051053e-06
2.66000000e+01 1.87227327e-06 1.90080347e-06
2.66500000e+01 1.86259107e-06 1.89037653e-06
2.67000000e+01 1.85240053e-06 1.87982220e-06
2.67500000e+01 1.84208770e-06 1.86969613e-06
2.68000000e+01 1.83195730e-06 1.86043387e-06
2.68500000e+01 1.82224083e-06 1.85231547e-06
2.69000000e+01 1.81312133e-06 1.84546773e-06
2.69500000e+01 1.80476470e-06 1.83990387e-06
2.70000000e+01 1.79733367e-06 1.83556520e-06
2.70500000e+01 1.79098587e-06 1.83235660e-06
2.71000000e+01 1.78585173e-06 1.83016357e-06
2.71500000e+01 1.78201770e-06 1.82885337e-06
2.72000000e+01 1.77952273e-06 1.82827947e-06
2.72500000e+01 1.77837803e-06 1.82828847e-06
2.73000000e+01 1.77859553e-06 1.82874687e-06
2.73500000e+01 1.78021047e-06 1.82956657e-06
2.74000000e+01 1.78327777e-06 1.83071753e-06
2.74500000e+01 1.78783550e-06 1.83222490e-06
2.75000000e+01 1.79384703e-06 1.83413857e-06
2.75500000e+01 1.80114613e-06 1.83650087e-06
2.76000000e+01 1.80941127e-06 1.83931823e-06
2.76500000e+01 1.81818353e-06 1.84255723e-06
2.77000000e+01 1.82693033e-06 1.84616653e-06
2.77500000e+01 1.83513420e-06 1.85010013e-06
2.78000000e+01 1.84238017e-06 1.85434660e-06
2.78500000e+01 1.84842027e-06 1.85892530e-06
2.79000000e+01 1.85319450e-06 1.86386773e-06
2.79500000e+01 1.85681207e-06 1.86917907e-06
2.80000000e+01 1.85949780e-06 1.87480070e-06
2.80500000e+01 1.86152260e-06 1.88058743e-06
2.81000000e+01 1.86312757e-06 1.88629810e-06
2.81500000e+01 1.86446803e-06 1.89161573e-06
2.82000000e+01 1.86559237e-06 1.89617220e-06
2.82500000e+01 1.86645877e-06 1.89959057e-06
2.83000000e+01 1.86699430e-06 1.90152540e-06
2.83500000e+01 1.86716140e-06 1.90170443e-06
2.84000000e+01 1.86701390e-06 1.89996097e-06
2.84500000e+01 1.86670370e-06 1.89626277e-06
2.85000000e+01 1.86644260e-06 1.89073077e-06
2.85500000e+01 1.86643460e-06 1.88364523e-06
2.86000000e+01 1.86680697e-06 1.87543970e-06
2.86500000e+01 1.86757367e-06 1.86666730e-06
2.87000000e+01 1.86863103e-06 1.85794170e-06
2.87500000e+01 1.86979597e-06 1.84985623e-06
2.88000000e+01 1.87085150e-06 1.84289653e-06
2.88500000e+01 1.87160003e-06 1.83736903e-06
2.89000000e+01 1.87190287e-06 1.83336207e-06
2.89500000e+01 1.87170767e-06 1.83074827e-06
2.90000000e+01 1.87105433e-06 1.82923050e-06
2.90500000e+01 1.87006057e-06 1.82840673e-06
2.91000000e+01 1.86888693e-06 1.82785187e-06
2.91500000e+01 1.86768790e-06 1.82718673e-06
2.92000000e+01 1.86656523e-06 1.82612543e-06
2.92500000e+01 1.86553343e-06 1.82449710e-06
2.93000000e+01 1.86451260e-06 1.82224393e-06
2.93500000e+01 1.86333210e-06 1.81941447e-06
2.94000000e+01 1.86174797e-06 1.81614877e-06
2.94500000e+01 1.85944803e-06 1.81266723e-06
2.95000000e+01 1.85605853e-06 1.80924313e-06
2.95500000e+01 1.85115603e-06 1.80615700e-06
2.96000000e+01 1.84431713e-06 1.80363630e-06
2.96500000e+01 1.83518650e-06 1.80179480e-06
2.97000000e+01 1.82356067e-06 1.80060183e-06
2.97500000e+01 1.80943550e-06 1.79988403e-06
2.98000000e+01 1.79299677e-06 1.79936767e-06
2.98500000e+01 1.77457237e-06 1.79873657e-06
2.99000000e+01 1.75455647e-06 1.79768687e-06
2.99500000e+01 1.73336367e-06 1.79595530e-06
3.00000000e+01 1.71139040e-06 1.79330907e-06
3.00500000e+01 1.68901170e-06 1.78950950e-06
3.01000000e+01 1.66657527e-06 1.78427563e-06
3.01500000e+01 1.64439557e-06 1.77728903e-06
3.02000000e+01 1.62275233e-06 1.76824193e-06
3.02500000e+01 1.60186833e-06 1.75690687e-06
3.03000000e+01 1.58190130e-06 1.74319243e-06
3.03500000e+01 1.56291933e-06 1.72715903e-06
3.04000000e+01 1.54488517e-06 1.70899200e-06
3.04500000e+01 1.52763270e-06 1.68894680e-06
3.05000000e+01 1.51084747e-06 1.66728327e-06
3.05500000e+01 1.49407493e-06 1.64419397e-06
3.06000000e+01 1.47674050e-06 1.61973203e-06
3.06500000e+01 1.45820193e-06 1.59377077e-06
3.07000000e+01 1.43779687e-06 1.56599290e-06
3.07500000e+01 1.41490470e-06 1.53594210e-06
3.08000000e+01 1.38899630e-06 1.50311130e-06
3.08500000e+01 1.35968230e-06 1.46704517e-06
3.09000000e+01 1.32674543e-06 1.42741943e-06
3.09500000e+01 1.29013950e-06 1.38406370e-06
3.10000000e+01 1.24995770e-06 1.33695987e-06
3.10500000e+01 1.20637803e-06 1.28620697e-06
3.11000000e+01 1.15961963e-06 1.23202163e-06
3.11500000e+01 1.10992873e-06 1.17475307e-06
3.12000000e+01 1.05761073e-06 1.11492237e-06
3.12500000e+01 1.00310236e-06 1.05324940e-06
3.13000000e+01 9.47032367e-07 9.90644297e-07
3.13500000e+01 8.93540557e-07 9.34626217e-07
3.14000000e+01 8.50077100e-07 8.89292413e-07
3.14500000e+01 8.04468903e-07 8.40108093e-07
3.15000000e+01 7.73329983e-07 8.08028550e-07
3.15500000e+01 7.47467667e-07 7.81267490e-07
3.16000000e+01 7.11688447e-07 7.43208837e-07
3.16500000e+01 6.93110070e-07 7.24034623e-07
3.17000000e+01 6.77138230e-07 7.07446250e-07
3.17500000e+01 6.63205053e-07 6.92893667e-07
3.18000000e+01 6.36929040e-07 6.65135353e-07
3.18500000e+01 6.26538580e-07 6.54263577e-07
3.19000000e+01 6.31481177e-07 6.59471643e-07
3.19500000e+01 6.10313617e-07 6.37161310e-07
3.20000000e+01 6.02635213e-07 6.29019843e-07
3.20500000e+01 5.95547687e-07 6.21484737e-07
3.21000000e+01 5.77487227e-07 6.02495287e-07
3.21500000e+01 5.71856017e-07 5.96494347e-07
3.22000000e+01 5.66556170e-07 5.90837203e-07
3.22500000e+01 5.50889600e-07 5.74395203e-07
3.23000000e+01 5.46609610e-07 5.69815487e-07
3.23500000e+01 5.42513283e-07 5.65429323e-07
3.24000000e+01 5.28731343e-07 5.50986660e-07
3.24500000e+01 5.36903827e-07 5.59349830e-07
3.25000000e+01 5.24247783e-07 5.46099460e-07
3.25500000e+01 5.21103053e-07 5.42724363e-07
3.26000000e+01 5.18034777e-07 5.39433720e-07
3.26500000e+01 5.06669483e-07 5.27548327e-07
3.27000000e+01 5.04067033e-07 5.24754067e-07
3.27500000e+01 5.01501760e-07 5.22003027e-07
3.28000000e+01 4.91207647e-07 5.11248473e-07
3.28500000e+01 4.89004883e-07 5.08884197e-07
3.29000000e+01 4.86814387e-07 5.06536913e-07
3.29500000e+01 4.77421893e-07 4.96732540e-07
3.30000000e+01 4.84809793e-07 5.04315543e-07
3.30500000e+01 4.75957227e-07 4.95080943e-07
3.31000000e+01 4.74060403e-07 4.93053987e-07
3.31500000e+01 4.72161887e-07 4.91028820e-07
3.32000000e+01 4.63994697e-07 4.82514677e-07
3.32500000e+01 4.62305390e-07 4.80713013e-07
3.33000000e+01 4.54542677e-07 4.72623340e-07
3.33500000e+01 4.53034053e-07 4.71014770e-07
3.34000000e+01 4.51508360e-07 4.69391173e-07
3.34500000e+01 4.44291367e-07 4.61874137e-07
3.35000000e+01 4.42916343e-07 4.60411523e-07
3.35500000e+01 4.36027687e-07 4.53238447e-07
3.36000000e+01 4.42530003e-07 4.59941323e-07
3.36500000e+01 4.41104030e-07 4.58432123e-07
3.37000000e+01 4.34648730e-07 4.51714400e-07
3.37500000e+01 4.33341477e-07 4.50331890e-07
3.38000000e+01 4.27154087e-07 4.43894220e-07
3.38500000e+01 4.25951757e-07 4.42623597e-07
3.39000000e+01 4.20014220e-07 4.36447157e-07
3.39500000e+01 4.18904850e-07 4.35275630e-07
3.40000000e+01 4.17772337e-07 4.34081413e-07
3.40500000e+01 4.12173817e-07 4.28259523e-07
3.41000000e+01 4.11121967e-07 4.27151350e-07
3.41500000e+01 4.05734493e-07 4.21549693e-07
3.42000000e+01 4.11387250e-07 4.27393913e-07
3.42500000e+01 4.06180280e-07 4.21981543e-07
3.43000000e+01 4.05153440e-07 4.20903370e-07
3.43500000e+01 4.00131270e-07 4.15683727e-07
3.44000000e+01 3.99166607e-07 4.14671687e-07
3.44500000e+01 3.98180287e-07 4.13638027e-07
3.45000000e+01 3.93409850e-07 4.08681040e-07
3.45500000e+01 3.92478807e-07 4.07706087e-07
3.46000000e+01 3.87867760e-07 4.02915260e-07
3.46500000e+01 3.86986697e-07 4.01993320e-07
3.47000000e+01 3.82526407e-07 3.97359583e-07
3.47500000e+01 3.81690573e-07 3.96485663e-07
3.48000000e+01 3.77372983e-07 3.92000603e-07
3.48500000e+01 3.82364227e-07 3.97172307e-07
3.49000000e+01 3.78161930e-07 3.92807850e-07
3.49500000e+01 3.77322503e-07 3.91932223e-07
3.50000000e+01 3.76463870e-07 3.91037170e-07
3.50500000e+01 3.72445600e-07 3.86864333e-07
3.51000000e+01 3.71623733e-07 3.86008157e-07
3.51500000e+01 3.67723960e-07 3.81958647e-07
3.52000000e+01 3.66935767e-07 3.81138030e-07
3.52500000e+01 3.63148787e-07 3.77205967e-07
3.53000000e+01 3.62391507e-07 3.76417953e-07
3.53500000e+01 3.58712043e-07 3.72597713e-07
3.54000000e+01 3.57983100e-07 3.71839660e-07
3.54500000e+01 3.54406250e-07 3.68126143e-07
3.55000000e+01 3.58834763e-07 3.72721563e-07
3.55500000e+01 3.55336303e-07 3.69089857e-07
3.56000000e+01 3.54594810e-07 3.68319903e-07
3.56500000e+01 3.51189917e-07 3.64785387e-07
3.57000000e+01 3.50472600e-07 3.64040843e-07
3.57500000e+01 3.47157137e-07 3.60599407e-07
3.58000000e+01 3.46462243e-07 3.59878420e-07
3.58500000e+01 3.43232447e-07 3.56525967e-07
3.59000000e+01 3.42558243e-07 3.55826807e-07
3.59500000e+01 3.39410480e-07 3.52559653e-07
3.60000000e+01 3.38755557e-07 3.51880750e-07
3.60500000e+01 3.35686533e-07 3.48695347e-07
3.61000000e+01 3.35049467e-07 3.48035220e-07
3.61500000e+01 3.32055930e-07 3.44928317e-07
3.62000000e+01 3.36029663e-07 3.49056367e-07
3.62500000e+01 3.33090117e-07 3.46005647e-07
3.63000000e+01 3.32436230e-07 3.45328560e-07
3.63500000e+01 3.29566433e-07 3.42350357e-07
3.64000000e+01 3.28928413e-07 3.41689907e-07
3.64500000e+01 3.26125737e-07 3.38781423e-07
3.65000000e+01 3.25502663e-07 3.38136563e-07
3.65500000e+01 3.22764560e-07 3.35295093e-07
3.66000000e+01 3.22155367e-07 3.34664860e-07
3.66500000e+01 3.19479447e-07 3.31888003e-07
3.67000000e+01 3.18883307e-07 3.31271427e-07
3.67500000e+01 3.16267393e-07 3.28556747e-07
3.68000000e+01 3.15683507e-07 3.27952947e-07
3.68500000e+01 3.13125267e-07 3.25298290e-07
3.69000000e+01 3.16710887e-07 3.29026037e-07
3.69500000e+01 3.14191350e-07 3.26411537e-07
3.70000000e+01 3.13590590e-07 3.25790467e-07
3.70500000e+01 3.11124907e-07 3.23231957e-07
3.71000000e+01 3.10535450e-07 3.22622670e-07
3.71500000e+01 3.08121843e-07 3.20118217e-07
3.72000000e+01 3.07543130e-07 3.19520077e-07
3.72500000e+01 3.05179843e-07 3.17067827e-07
3.73000000e+01 3.04611177e-07 3.16480220e-07
3.73500000e+01 3.02296557e-07 3.14078490e-07
3.74000000e+01 3.01737533e-07 3.13500863e-07
3.74500000e+01 2.99469963e-07 3.11147943e-07
3.75000000e+01 2.98919913e-07 3.10579727e-07
3.75500000e+01 2.96697900e-07 3.08274077e-07
3.76000000e+01 2.94501590e-07 3.05995140e-07
3.76500000e+01 2.97760560e-07 3.09385157e-07
3.77000000e+01 2.95591927e-07 3.07134930e-07
3.77500000e+01 2.95044410e-07 3.06569433e-07
3.78000000e+01 2.92917863e-07 3.04362907e-07
3.78500000e+01 2.92378370e-07 3.03805727e-07
3.79000000e+01 2.90292740e-07 3.01641543e-07
3.79500000e+01 2.89760870e-07 3.01092263e-07
3.80000000e+01 2.87714760e-07 2.98969183e-07
3.80500000e+01 2.87190153e-07 2.98427460e-07
3.81000000e+01 2.85182533e-07 2.96344223e-07
3.81500000e+01 2.84664883e-07 2.95809680e-07
3.82000000e+01 2.82694470e-07 2.93765130e-07
3.82500000e+01 2.80745267e-07 2.91742560e-07
3.83000000e+01 2.80249230e-07 2.91230460e-07
3.83500000e+01 2.78335683e-07 2.89244807e-07
3.84000000e+01 2.81312340e-07 2.92342547e-07
3.84500000e+01 2.79419087e-07 2.90378047e-07
3.85000000e+01 2.78908007e-07 2.89850333e-07
3.85500000e+01 2.77048503e-07 2.87920827e-07
3.86000000e+01 2.76543537e-07 2.87399343e-07
3.86500000e+01 2.74716840e-07 2.85503870e-07
3.87000000e+01 2.74217630e-07 2.84988413e-07
3.87500000e+01 2.72422833e-07 2.83126020e-07
3.88000000e+01 2.70646350e-07 2.81282557e-07
3.88500000e+01 2.70165540e-07 2.80786143e-07
3.89000000e+01 2.68419550e-07 2.78974387e-07
3.89500000e+01 2.67943767e-07 2.78483173e-07
3.90000000e+01 2.66227513e-07 2.76702247e-07
3.90500000e+01 2.65756643e-07 2.76216053e-07
3.91000000e+01 2.64069330e-07 2.74465130e-07
3.91500000e+01 2.63603090e-07 2.73983777e-07
3.92000000e+01 2.65130330e-07 2.75575200e-07
3.92500000e+01 2.63474590e-07 2.73856963e-07
3.93000000e+01 2.63001753e-07 2.73368730e-07
3.93500000e+01 2.61373157e-07 2.71678707e-07
3.94000000e+01 2.60904890e-07 2.71195173e-07
3.94500000e+01 2.59302807e-07 2.69532650e-07
3.95000000e+01 2.58838997e-07 2.69053667e-07
3.95500000e+01 2.57262770e-07 2.67417927e-07
3.96000000e+01 2.55701417e-07 2.65797633e-07
3.96500000e+01 2.55252127e-07 2.65333743e-07
3.97000000e+01 2.53715633e-07 2.63739227e-07
3.97500000e+01 2.53270297e-07 2.63279317e-07
3.98000000e+01 2.51758027e-07 2.61709907e-07
3.98500000e+01 2.51316387e-07 2.61253883e-07
3.99000000e+01 2.49827763e-07 2.59709007e-07
3.99500000e+01 2.48352887e-07 2.58178320e-07
4.00000000e+01 2.47924313e-07 2.57735793e-07
4.00500000e+01 2.49406563e-07 2.59280583e-07
4.01000000e+01 2.48962330e-07 2.58821780e-07
4.01500000e+01 2.47520777e-07 2.57325697e-07
4.02000000e+01 2.47080233e-07 2.56870637e-07
4.02500000e+01 2.45660507e-07 2.55397170e-07
4.03000000e+01 2.44253430e-07 2.53936837e-07
4.03500000e+01 2.43825037e-07 2.53494407e-07
4.04000000e+01 2.42439057e-07 2.52055890e-07
4.04500000e+01 2.42013940e-07 2.51616807e-07
4.05000000e+01 2.40648440e-07 2.50199583e-07
4.05500000e+01 2.40226493e-07 2.49763747e-07
4.06000000e+01 2.38881097e-07 2.48367363e-07
4.06500000e+01 2.37547423e-07 2.46983093e-07
4.07000000e+01 2.37136553e-07 2.46558707e-07
4.07500000e+01 2.35822210e-07 2.45194527e-07
4.08000000e+01 2.35414203e-07 2.44773070e-07
4.08500000e+01 2.34118817e-07 2.43428540e-07
4.09000000e+01 2.35551750e-07 2.44922053e-07
4.09500000e+01 2.35137760e-07 2.44494343e-07
4.10000000e+01 2.33861227e-07 2.43169350e-07
4.10500000e+01 2.33450117e-07 2.42744603e-07
4.11000000e+01 2.32191653e-07 2.41438297e-07
4.11500000e+01 2.30943627e-07 2.40142857e-07
4.12000000e+01 2.30542500e-07 2.39728440e-07
4.12500000e+01 2.29311907e-07 2.38451053e-07
4.13000000e+01 2.28913407e-07 2.38039323e-07
4.13500000e+01 2.27699900e-07 2.36779643e-07
4.14000000e+01 2.26496307e-07 2.35530267e-07
4.14500000e+01 2.26107137e-07 2.35128170e-07
4.15000000e+01 2.24920020e-07 2.33895887e-07
4.15500000e+01 2.24533240e-07 2.33496237e-07
4.16000000e+01 2.23362320e-07 2.32280700e-07
4.16500000e+01 2.22977910e-07 2.31883453e-07
4.17000000e+01 2.21822770e-07 2.30684333e-07
4.17500000e+01 2.23205307e-07 2.32125463e-07
4.18000000e+01 2.22815400e-07 2.31722440e-07
4.18500000e+01 2.21675283e-07 2.30538870e-07
4.19000000e+01 2.21287740e-07 2.30138320e-07
4.19500000e+01 2.20162747e-07 2.28970407e-07
4.20000000e+01 2.19046573e-07 2.27811670e-07
4.20500000e+01 2.18667437e-07 2.27419760e-07
4.21000000e+01 2.17565893e-07 2.26276180e-07
4.21500000e+01 2.16472927e-07 2.25141507e-07
4.22000000e+01 2.16101763e-07 2.24757860e-07
4.22500000e+01 2.15023030e-07 2.23637893e-07
4.23000000e+01 2.14653943e-07 2.23256373e-07
4.23500000e+01 2.13589060e-07 2.22150823e-07
4.24000000e+01 2.12532333e-07 2.21053707e-07
4.24500000e+01 2.12170810e-07 2.20679997e-07
4.25000000e+01 2.11127613e-07 2.19596883e-07
4.25500000e+01 2.10768017e-07 2.19225133e-07
4.26000000e+01 2.09738003e-07 2.18155740e-07
4.26500000e+01 2.08715750e-07 2.17094363e-07
4.27000000e+01 2.10705300e-07 2.19167170e-07
4.27500000e+01 2.09687267e-07 2.18110130e-07
4.28000000e+01 2.09324527e-07 2.17735037e-07
4.28500000e+01 2.08319160e-07 2.16691173e-07
4.29000000e+01 2.07321207e-07 2.15655000e-07
4.29500000e+01 2.06965530e-07 2.15287163e-07
4.30000000e+01 2.05979893e-07 2.14263770e-07
4.30500000e+01 2.05626050e-07 2.13897850e-07
4.31000000e+01 2.04652517e-07 2.12886980e-07
4.31500000e+01 2.03686060e-07 2.11883470e-07
4.32000000e+01 2.03338903e-07 2.11524423e-07
4.32500000e+01 2.02384187e-07 2.10533077e-07
4.33000000e+01 2.01436383e-07 2.09548903e-07
4.33500000e+01 2.01095573e-07 2.09196440e-07
4.34000000e+01 2.00159177e-07 2.08224107e-07
4.34500000e+01 1.99820063e-07 2.07873323e-07
4.35000000e+01 1.98894873e-07 2.06912593e-07
4.35500000e+01 1.97976263e-07 2.05958700e-07
4.36000000e+01 1.97643193e-07 2.05614207e-07
4.36500000e+01 1.98918050e-07 2.06943197e-07
4.37000000e+01 1.98008907e-07 2.05999100e-07
4.37500000e+01 1.97671147e-07 2.05649697e-07
4.38000000e+01 1.96772680e-07 2.04716657e-07
4.38500000e+01 1.96436557e-07 2.04368923e-07
4.39000000e+01 1.95548613e-07 2.03446787e-07
4.39500000e+01 1.94666790e-07 2.02531017e-07
4.40000000e+01 1.94336473e-07 2.02189270e-07
4.40500000e+01 1.93464860e-07 2.01284093e-07
4.41000000e+01 1.92599280e-07 2.00385143e-07
4.41500000e+01 1.92274557e-07 2.00049173e-07
4.42000000e+01 1.91418870e-07 1.99160517e-07
4.42500000e+01 1.91095640e-07 1.98826057e-07
4.43000000e+01 1.90249710e-07 1.97947520e-07
4.43500000e+01 1.89409560e-07 1.97074943e-07
4.44000000e+01 1.89091670e-07 1.96746007e-07
4.44500000e+01 1.88261000e-07 1.95883293e-07
4.45000000e+01 1.87435917e-07 1.95026370e-07
4.45500000e+01 1.87123193e-07 1.94702770e-07
4.46000000e+01 1.86307397e-07 1.93855447e-07
4.46500000e+01 1.88028540e-07 1.95649003e-07
4.47000000e+01 1.87214737e-07 1.94803767e-07
4.47500000e+01 1.86406320e-07 1.93964117e-07
4.48000000e+01 1.86090763e-07 1.93637480e-07
4.48500000e+01 1.85291277e-07 1.92807087e-07
4.49000000e+01 1.84497053e-07 1.91982160e-07
4.49500000e+01 1.84186437e-07 1.91660643e-07
4.50000000e+01 1.83400913e-07 1.90844743e-07
4.50500000e+01 1.82620563e-07 1.90034170e-07
4.51000000e+01 1.82314750e-07 1.89717617e-07
4.51500000e+01 1.81542860e-07 1.88915850e-07
4.52000000e+01 1.81238363e-07 1.88600650e-07
4.52500000e+01 1.80474830e-07 1.87807543e-07
4.53000000e+01 1.79716223e-07 1.87019530e-07
4.53500000e+01 1.79416357e-07 1.86709107e-07
4.54000000e+01 1.78665873e-07 1.85929530e-07
4.54500000e+01 1.77920190e-07 1.85154950e-07
4.55000000e+01 1.77624833e-07 1.84849150e-07
4.55500000e+01 1.76887097e-07 1.84082803e-07
4.56000000e+01 1.76154050e-07 1.83321327e-07
4.56500000e+01 1.77765333e-07 1.85000550e-07
4.57000000e+01 1.77033593e-07 1.84240413e-07
4.57500000e+01 1.76306470e-07 1.83485047e-07
4.58000000e+01 1.76011543e-07 1.83179657e-07
4.58500000e+01 1.75292030e-07 1.82432200e-07
4.59000000e+01 1.74576997e-07 1.81689393e-07
4.59500000e+01 1.74286363e-07 1.81388413e-07
4.60000000e+01 1.73578770e-07 1.80653323e-07
4.60500000e+01 1.73289290e-07 1.80353550e-07
4.61000000e+01 1.72589043e-07 1.79626067e-07
4.61500000e+01 1.71893093e-07 1.78903060e-07
4.62000000e+01 1.71607733e-07 1.78607517e-07
4.62500000e+01 1.70918953e-07 1.77891933e-07
4.63000000e+01 1.70234373e-07 1.77180723e-07
4.63500000e+01 1.69952990e-07 1.76889297e-07
4.64000000e+01 1.69275400e-07 1.76185343e-07
4.64500000e+01 1.68601953e-07 1.75485637e-07
4.65000000e+01 1.68324443e-07 1.75198210e-07
4.65500000e+01 1.67657800e-07 1.74505600e-07
4.66000000e+01 1.66995180e-07 1.73817163e-07
4.66500000e+01 1.66721480e-07 1.73533650e-07
4.67000000e+01 1.66065523e-07 1.72852123e-07
4.67500000e+01 1.67188330e-07 1.74022773e-07
4.68000000e+01 1.66911057e-07 1.73735537e-07
4.68500000e+01 1.66259743e-07 1.73058817e-07
4.69000000e+01 1.65612333e-07 1.72386127e-07
4.69500000e+01 1.65338763e-07 1.72102717e-07
4.70000000e+01 1.64697740e-07 1.71436670e-07
4.70500000e+01 1.64060493e-07 1.70774543e-07
4.71000000e+01 1.63790570e-07 1.70494880e-07
4.71500000e+01 1.63159607e-07 1.69839270e-07
4.72000000e+01 1.62890683e-07 1.69560660e-07
4.72500000e+01 1.62265900e-07 1.68911453e-07
4.73000000e+01 1.61644770e-07 1.68266047e-07
4.73500000e+01 1.61379370e-07 1.67991047e-07
4.74000000e+01 1.60764283e-07 1.67351903e-07
4.74500000e+01 1.60152747e-07 1.66716453e-07
4.75000000e+01 1.59890747e-07 1.66444977e-07
4.75500000e+01 1.59285133e-07 1.65815670e-07
4.76000000e+01 1.58683020e-07 1.65189970e-07
4.76500000e+01 1.58424347e-07 1.64921930e-07
4.77000000e+01 1.57828003e-07 1.64302243e-07
4.77500000e+01 1.57235063e-07 1.63686087e-07
4.78000000e+01 1.56979663e-07 1.63421403e-07
4.78500000e+01 1.58053013e-07 1.64540527e-07
4.79000000e+01 1.57463793e-07 1.63928223e-07
4.79500000e+01 1.57205160e-07 1.63660177e-07
4.80000000e+01 1.56621523e-07 1.63053657e-07
4.80500000e+01 1.56041190e-07 1.62450550e-07
4.81000000e+01 1.55785763e-07 1.62185820e-07
4.81500000e+01 1.55210873e-07 1.61588373e-07
4.82000000e+01 1.54639200e-07 1.60994273e-07
4.82500000e+01 1.54386907e-07 1.60732783e-07
4.83000000e+01 1.53820613e-07 1.60144230e-07
4.83500000e+01 1.53257430e-07 1.59558927e-07
4.84000000e+01 1.53008207e-07 1.59300610e-07
4.84500000e+01 1.52450263e-07 1.58720753e-07
4.85000000e+01 1.51895423e-07 1.58144097e-07
4.85500000e+01 1.51649187e-07 1.57888853e-07
4.86000000e+01 1.51099457e-07 1.57317527e-07
4.86500000e+01 1.50552740e-07 1.56749307e-07
4.87000000e+01 1.50009013e-07 1.56184203e-07
4.87500000e+01 1.49767760e-07 1.55934103e-07
4.88000000e+01 1.49229010e-07 1.55374157e-07
4.88500000e+01 1.48693197e-07 1.54817267e-07
4.89000000e+01 1.48454743e-07 1.54570080e-07
4.89500000e+01 1.47923830e-07 1.54018247e-07
4.90000000e+01 1.48951040e-07 1.55089297e-07
4.90500000e+01 1.48709643e-07 1.54839033e-07
4.91000000e+01 1.48181590e-07 1.54290177e-07
4.91500000e+01 1.47656360e-07 1.53744257e-07
4.92000000e+01 1.47417777e-07 1.53496873e-07
4.92500000e+01 1.46897283e-07 1.52955863e-07
4.93000000e+01 1.46379553e-07 1.52417727e-07
4.93500000e+01 1.46143683e-07 1.52173157e-07
4.94000000e+01 1.45630587e-07 1.51639843e-07
4.94500000e+01 1.45120233e-07 1.51109330e-07
4.95000000e+01 1.44887043e-07 1.50867530e-07
4.95500000e+01 1.44381203e-07 1.50341737e-07
4.96000000e+01 1.43878027e-07 1.49818703e-07
4.96500000e+01 1.43647480e-07 1.49579617e-07
4.97000000e+01 1.43148743e-07 1.49061190e-07
4.97500000e+01 1.42652630e-07 1.48545490e-07
4.98000000e+01 1.42424623e-07 1.48309043e-07
4.98500000e+01 1.41932863e-07 1.47797860e-07
4.99000000e+01 1.41443693e-07 1.47289343e-07
4.99500000e+01 1.41218200e-07 1.47055497e-07
5.00000000e+01 1.40733273e-07 1.46551407e-07
5.00500000e+01 1.40250857e-07 1.46049920e-07
5.01000000e+01 1.39770933e-07 1.45551027e-07
5.01500000e+01 1.39549640e-07 1.45321503e-07
5.02000000e+01 1.40530030e-07 1.46343793e-07
5.02500000e+01 1.40052360e-07 1.45847213e-07
5.03000000e+01 1.39828373e-07 1.45614903e-07
5.03500000e+01 1.39354840e-07 1.45122607e-07
5.04000000e+01 1.38883697e-07 1.44632807e-07
5.04500000e+01 1.38662130e-07 1.44403000e-07
5.05000000e+01 1.38195040e-07 1.43917393e-07
5.05500000e+01 1.37730297e-07 1.43434247e-07
5.06000000e+01 1.37511117e-07 1.43206883e-07
5.06500000e+01 1.37050347e-07 1.42727847e-07
5.07000000e+01 1.36591887e-07 1.42251223e-07
5.07500000e+01 1.36375023e-07 1.42026263e-07
5.08000000e+01 1.35920477e-07 1.41553680e-07
5.08500000e+01 1.35468180e-07 1.41083443e-07
5.09000000e+01 1.35018150e-07 1.40615567e-07
5.09500000e+01 1.34805117e-07 1.40394567e-07
5.10000000e+01 1.34358873e-07 1.39930627e-07
5.10500000e+01 1.33914867e-07 1.39468977e-07
5.11000000e+01 1.33704047e-07 1.39250267e-07
5.11500000e+01 1.33263740e-07 1.38792483e-07
5.12000000e+01 1.32825607e-07 1.38336960e-07
5.12500000e+01 1.32616950e-07 1.38120493e-07
5.13000000e+01 1.32182487e-07 1.37668743e-07
5.13500000e+01 1.31750137e-07 1.37219213e-07
5.14000000e+01 1.31319913e-07 1.36771897e-07
5.14500000e+01 1.31114850e-07 1.36559150e-07
5.15000000e+01 1.32048150e-07 1.37532357e-07
5.15500000e+01 1.31619630e-07 1.37086803e-07
5.16000000e+01 1.31412157e-07 1.36871530e-07
5.16500000e+01 1.30987163e-07 1.36429627e-07
5.17000000e+01 1.30564230e-07 1.35989870e-07
5.17500000e+01 1.30358860e-07 1.35776760e-07
5.18000000e+01 1.29939387e-07 1.35340587e-07
5.18500000e+01 1.29521930e-07 1.34906517e-07
5.19000000e+01 1.29106490e-07 1.34474537e-07
5.19500000e+01 1.28904563e-07 1.34265000e-07
5.20000000e+01 1.28492503e-07 1.33836517e-07
5.20500000e+01 1.28082400e-07 1.33410080e-07
5.21000000e+01 1.27882463e-07 1.33202600e-07
5.21500000e+01 1.27475683e-07 1.32779610e-07
5.22000000e+01 1.27070853e-07 1.32358627e-07
5.22500000e+01 1.26872877e-07 1.32153180e-07
5.23000000e+01 1.26471290e-07 1.31735583e-07
5.23500000e+01 1.26071600e-07 1.31319947e-07
5.24000000e+01 1.25673790e-07 1.30906280e-07
5.24500000e+01 1.25479073e-07 1.30704187e-07
5.25000000e+01 1.25084450e-07 1.30293813e-07
5.25500000e+01 1.24691687e-07 1.29885380e-07
5.26000000e+01 1.24498827e-07 1.29685230e-07
5.26500000e+01 1.24109197e-07 1.29280027e-07
5.27000000e+01 1.23721367e-07 1.28876713e-07
5.27500000e+01 1.23530360e-07 1.28678477e-07
5.28000000e+01 1.24420027e-07 1.29606243e-07
5.28500000e+01 1.24033493e-07 1.29204273e-07
5.29000000e+01 1.23648770e-07 1.28804160e-07
5.29500000e+01 1.23456807e-07 1.28604913e-07
5.30000000e+01 1.23075097e-07 1.28207943e-07
5.30500000e+01 1.22695143e-07 1.27812803e-07
5.31000000e+01 1.22505003e-07 1.27615443e-07
5.31500000e+01 1.22128033e-07 1.27223380e-07
5.32000000e+01 1.21752783e-07 1.26833117e-07
5.32500000e+01 1.21379250e-07 1.26444643e-07
5.33000000e+01 1.21192107e-07 1.26250383e-07
5.33500000e+01 1.20821493e-07 1.25864923e-07
5.34000000e+01 1.20452550e-07 1.25481207e-07
5.34500000e+01 1.20267143e-07 1.25288750e-07
5.35000000e+01 1.19901053e-07 1.24907993e-07
5.35500000e+01 1.19536630e-07 1.24528977e-07
5.36000000e+01 1.19173867e-07 1.24151677e-07
5.36500000e+01 1.18991327e-07 1.23962173e-07
5.37000000e+01 1.18631337e-07 1.23587767e-07
5.37500000e+01 1.18272967e-07 1.23215037e-07
5.38000000e+01 1.18092120e-07 1.23027277e-07
5.38500000e+01 1.17736490e-07 1.22657390e-07
5.39000000e+01 1.17382460e-07 1.22289167e-07
5.39500000e+01 1.17030010e-07 1.21922583e-07
5.40000000e+01 1.16851893e-07 1.21737667e-07
5.40500000e+01 1.16502140e-07 1.21373870e-07
5.41000000e+01 1.16153927e-07 1.21011680e-07
5.41500000e+01 1.17172200e-07 1.22073493e-07
5.42000000e+01 1.16823390e-07 1.21710680e-07
5.42500000e+01 1.16476127e-07 1.21349480e-07
5.43000000e+01 1.16130403e-07 1.20989870e-07
5.43500000e+01 1.15952967e-07 1.20805630e-07
5.44000000e+01 1.15609837e-07 1.20448720e-07
5.44500000e+01 1.15268217e-07 1.20093380e-07
5.45000000e+01 1.15092380e-07 1.19910780e-07
5.45500000e+01 1.14753307e-07 1.19558090e-07
5.46000000e+01 1.14415730e-07 1.19206947e-07
5.46500000e+01 1.14079627e-07 1.18857333e-07
5.47000000e+01 1.13906370e-07 1.18677427e-07
5.47500000e+01 1.13572777e-07 1.18330407e-07
5.48000000e+01 1.13240617e-07 1.17984893e-07
5.48500000e+01 1.12909910e-07 1.17640887e-07
5.49000000e+01 1.12739193e-07 1.17463617e-07
5.49500000e+01 1.12410927e-07 1.17122143e-07
5.50000000e+01 1.12084090e-07 1.16782137e-07
5.50500000e+01 1.11914860e-07 1.16606393e-07
5.51000000e+01 1.11590417e-07 1.16268897e-07
5.51500000e+01 1.11267363e-07 1.15932840e-07
5.52000000e+01 1.10945723e-07 1.15598243e-07
5.52500000e+01 1.10778930e-07 1.15425023e-07
5.53000000e+01 1.10459620e-07 1.15092857e-07
5.53500000e+01 1.10141680e-07 1.14762103e-07
5.54000000e+01 1.09825103e-07 1.14432777e-07
5.54500000e+01 1.09660707e-07 1.14262033e-07
5.55000000e+01 1.09346423e-07 1.13935080e-07
5.55500000e+01 1.09033480e-07 1.13609523e-07
5.56000000e+01 1.09988170e-07 1.14605107e-07
5.56500000e+01 1.09674583e-07 1.14278870e-07
5.57000000e+01 1.09362310e-07 1.13954000e-07
5.57500000e+01 1.09051350e-07 1.13630503e-07
5.58000000e+01 1.08887440e-07 1.13460250e-07
5.58500000e+01 1.08578723e-07 1.13139080e-07
5.59000000e+01 1.08271313e-07 1.12819253e-07
5.59500000e+01 1.07965183e-07 1.12500770e-07
5.60000000e+01 1.07803560e-07 1.12332897e-07
5.60500000e+01 1.07499620e-07 1.12016683e-07
5.61000000e+01 1.07196947e-07 1.11701793e-07
5.61500000e+01 1.06895550e-07 1.11388210e-07
5.62000000e+01 1.06736177e-07 1.11222660e-07
5.62500000e+01 1.06436910e-07 1.10911313e-07
5.63000000e+01 1.06138887e-07 1.10601253e-07
5.63500000e+01 1.05980847e-07 1.10437073e-07
5.64000000e+01 1.05684933e-07 1.10129200e-07
5.64500000e+01 1.05390243e-07 1.09822603e-07
5.65000000e+01 1.05096770e-07 1.09517267e-07
5.65500000e+01 1.04940877e-07 1.09355327e-07
5.66000000e+01 1.04649487e-07 1.09052143e-07
5.66500000e+01 1.04359277e-07 1.08750193e-07
5.67000000e+01 1.04070260e-07 1.08449487e-07
5.67500000e+01 1.03916483e-07 1.08289743e-07
5.68000000e+01 1.03629487e-07 1.07991137e-07
5.68500000e+01 1.03343687e-07 1.07693753e-07
5.69000000e+01 1.03059027e-07 1.07397583e-07
5.69500000e+01 1.02907327e-07 1.07239977e-07
5.70000000e+01 1.02624650e-07 1.06945863e-07
5.70500000e+01 1.03392333e-07 1.07746547e-07
5.71000000e+01 1.03109300e-07 1.07452057e-07
5.71500000e+01 1.02956723e-07 1.07293537e-07
5.72000000e+01 1.02675647e-07 1.07001070e-07
5.72500000e+01 1.02395707e-07 1.06709793e-07
5.73000000e+01 1.02244367e-07 1.06552543e-07
5.73500000e+01 1.01966357e-07 1.06263263e-07
5.74000000e+01 1.01689463e-07 1.05975153e-07
5.74500000e+01 1.01413683e-07 1.05688197e-07
5.75000000e+01 1.01264347e-07 1.05533017e-07
5.75500000e+01 1.00990453e-07 1.05248017e-07
5.76000000e+01 1.00717655e-07 1.04964160e-07
5.76500000e+01 1.00445959e-07 1.04681437e-07
5.77000000e+01 1.00298557e-07 1.04528283e-07
5.77500000e+01 1.00028717e-07 1.04247487e-07
5.78000000e+01 9.97599383e-08 1.03967803e-07
5.78500000e+01 9.94922250e-08 1.03689227e-07
5.79000000e+01 9.93467437e-08 1.03538063e-07
5.79500000e+01 9.90808450e-08 1.03261373e-07
5.80000000e+01 9.88160147e-08 1.02985777e-07
5.80500000e+01 9.85522150e-08 1.02711267e-07
5.81000000e+01 9.84086083e-08 1.02562043e-07
5.81500000e+01 9.81465897e-08 1.02289387e-07
5.82000000e+01 9.78856130e-08 1.02017793e-07
5.82500000e+01 9.76256463e-08 1.01747263e-07
5.83000000e+01 9.74838763e-08 1.01599950e-07
5.83500000e+01 9.72256557e-08 1.01331232e-07
5.84000000e+01 9.69684427e-08 1.01063568e-07
5.84500000e+01 9.67122520e-08 1.00796953e-07
5.85000000e+01 9.65722797e-08 1.00651496e-07
5.85500000e+01 9.63177870e-08 1.00386660e-07
5.86000000e+01 9.70469893e-08 1.01147264e-07
5.86500000e+01 9.67920710e-08 1.00881969e-07
5.87000000e+01 9.66512717e-08 1.00735639e-07
5.87500000e+01 9.63980383e-08 1.00472106e-07
5.88000000e+01 9.61457877e-08 1.00209590e-07
5.88500000e+01 9.58945037e-08 9.99480810e-08
5.89000000e+01 9.57554840e-08 9.98035883e-08
5.89500000e+01 9.55058653e-08 9.95438093e-08
5.90000000e+01 9.52572060e-08 9.92850290e-08
5.90500000e+01 9.50094943e-08 9.90272293e-08
5.91000000e+01 9.48721960e-08 9.88845350e-08
5.91500000e+01 9.46261297e-08 9.86284380e-08
5.92000000e+01 9.43809903e-08 9.83733117e-08
5.92500000e+01 9.41367873e-08 9.81191630e-08
5.93000000e+01 9.40011880e-08 9.79782290e-08
5.93500000e+01 9.37585923e-08 9.77257383e-08
5.94000000e+01 9.35169120e-08 9.74742080e-08
5.94500000e+01 9.32761437e-08 9.72236290e-08
5.95000000e+01 9.31422077e-08 9.70844153e-08
5.95500000e+01 9.29030103e-08 9.68354687e-08
5.96000000e+01 9.26647293e-08 9.65874620e-08
5.96500000e+01 9.24273353e-08 9.63403863e-08
5.97000000e+01 9.21908380e-08 9.60942453e-08
5.97500000e+01 9.20591720e-08 9.59573910e-08
5.98000000e+01 9.18242063e-08 9.57128423e-08
5.98500000e+01 9.15901300e-08 9.54692027e-08
5.99000000e+01 9.13569207e-08 9.52264747e-08
5.99500000e+01 9.12268493e-08 9.50912750e-08
6.00000000e+01 9.09951390e-08 9.48501087e-08
6.00500000e+01 9.07643107e-08 9.46098477e-08
6.01000000e+01 9.05343320e-08 9.43704793e-08
6.01500000e+01 9.04058137e-08 9.42368890e-08
6.02000000e+01 9.01773070e-08 9.39990483e-08
6.02500000e+01 9.08685547e-08 9.47201110e-08
6.03000000e+01 9.06395863e-08 9.44817807e-08
6.03500000e+01 9.05102700e-08 9.43473493e-08
6.04000000e+01 9.02827440e-08 9.41105280e-08
6.04500000e+01 9.00560677e-08 9.38745907e-08
6.05000000e+01 8.98302290e-08 9.36395123e-08
6.05500000e+01 8.97024480e-08 9.35066737e-08
6.06000000e+01 8.94780283e-08 9.32730823e-08
6.06500000e+01 8.92544443e-08 9.30403547e-08
6.07000000e+01 8.90316763e-08 9.28084790e-08
6.07500000e+01 8.88097410e-08 9.25774583e-08
6.08000000e+01 8.86840477e-08 9.24467853e-08
6.08500000e+01 8.84634980e-08 9.22172163e-08
6.09000000e+01 8.82437550e-08 9.19884810e-08
6.09500000e+01 8.80248080e-08 9.17605777e-08
6.10000000e+01 8.79005960e-08 9.16314337e-08
6.10500000e+01 8.76830253e-08 9.14049573e-08
6.11000000e+01 8.74662463e-08 9.11793073e-08
6.11500000e+01 8.72502540e-08 9.09544750e-08
6.12000000e+01 8.71274857e-08 9.08268270e-08
6.12500000e+01 8.69128390e-08 9.06033910e-08
6.13000000e+01 8.66989697e-08 9.03807660e-08
6.13500000e+01 8.64858787e-08 9.01589453e-08
6.14000000e+01 8.62735507e-08 8.99379227e-08
6.14500000e+01 8.61527453e-08 8.98123123e-08
6.15000000e+01 8.59417327e-08 8.95926530e-08
6.15500000e+01 8.57314847e-08 8.93737917e-08
6.16000000e+01 8.55219913e-08 8.91557153e-08
6.16500000e+01 8.54025550e-08 8.90315353e-08
6.17000000e+01 8.51943587e-08 8.88147930e-08
6.17500000e+01 8.49869067e-08 8.85988353e-08
6.18000000e+01 8.47801917e-08 8.83836470e-08
6.18500000e+01 8.45742100e-08 8.81692213e-08
6.19000000e+01 8.53186570e-08 8.89457687e-08
6.19500000e+01 8.51119770e-08 8.87306103e-08
6.20000000e+01 8.49060223e-08 8.85162093e-08
6.20500000e+01 8.47008083e-08 8.83025743e-08
6.21000000e+01 8.45824880e-08 8.81795440e-08
6.21500000e+01 8.43785360e-08 8.79672143e-08
6.22000000e+01 8.41752947e-08 8.77556303e-08
6.22500000e+01 8.39727723e-08 8.75447973e-08
6.23000000e+01 8.38557763e-08 8.74231403e-08
6.23500000e+01 8.36544933e-08 8.72135847e-08
6.24000000e+01 8.34539087e-08 8.70047637e-08
6.24500000e+01 8.32540293e-08 8.67966787e-08
6.25000000e+01 8.30548520e-08 8.65893193e-08
6.25500000e+01 8.29396767e-08 8.64695520e-08
6.26000000e+01 8.27417117e-08 8.62634467e-08
6.26500000e+01 8.25444293e-08 8.60580580e-08
6.27000000e+01 8.23478460e-08 8.58533997e-08
6.27500000e+01 8.21519403e-08 8.56494417e-08
6.28000000e+01 8.20385190e-08 8.55314987e-08
6.28500000e+01 8.18438073e-08 8.53287727e-08
6.29000000e+01 8.16497543e-08 8.51267410e-08
6.29500000e+01 8.14563793e-08 8.49254147e-08
6.30000000e+01 8.13442100e-08 8.48087627e-08
6.30500000e+01 8.11519930e-08 8.46086363e-08
6.31000000e+01 8.09604443e-08 8.44092163e-08
6.31500000e+01 8.07695493e-08 8.42104723e-08
6.32000000e+01 8.05793233e-08 8.40124193e-08
6.32500000e+01 8.04688460e-08 8.38975237e-08
6.33000000e+01 8.02797463e-08 8.37006403e-08
6.33500000e+01 8.00913010e-08 8.35044390e-08
6.34000000e+01 7.99035020e-08 8.33089027e-08
6.34500000e+01 7.97942167e-08 8.31952437e-08
6.35000000e+01 7.96075363e-08 8.30008810e-08
6.35500000e+01 7.94214890e-08 8.28071747e-08
6.36000000e+01 7.92360707e-08 8.26141270e-08
6.36500000e+01 7.90512950e-08 8.24217423e-08
6.37000000e+01 7.97492500e-08 8.31498540e-08
6.37500000e+01 7.95637883e-08 8.29567527e-08
6.38000000e+01 7.93789493e-08 8.27642987e-08
6.38500000e+01 7.91947590e-08 8.25725053e-08
6.39000000e+01 7.90111753e-08 8.23813557e-08
6.39500000e+01 7.89032487e-08 8.22691077e-08
6.40000000e+01 7.87207377e-08 8.20790750e-08
6.40500000e+01 7.85388450e-08 8.18896907e-08
6.41000000e+01 7.83575677e-08 8.17009400e-08
6.41500000e+01 7.82507797e-08 8.15898650e-08
6.42000000e+01 7.80705660e-08 8.14022207e-08
6.42500000e+01 7.78909513e-08 8.12151997e-08
6.43000000e+01 7.77119503e-08 8.10288163e-08
6.43500000e+01 7.75335623e-08 8.08430560e-08
6.44000000e+01 7.74283323e-08 8.07335993e-08
6.44500000e+01 7.72509660e-08 8.05489227e-08
6.45000000e+01 7.70741860e-08 8.03648550e-08
6.45500000e+01 7.68980070e-08 8.01814057e-08
6.46000000e+01 7.67224090e-08 7.99985600e-08
6.46500000e+01 7.66187073e-08 7.98906900e-08
6.47000000e+01 7.64441197e-08 7.97088963e-08
6.47500000e+01 7.62701227e-08 7.95277160e-08
6.48000000e+01 7.60967157e-08 7.93471367e-08
6.48500000e+01 7.59238673e-08 7.91671507e-08
6.49000000e+01 7.58216643e-08 7.90608427e-08
6.49500000e+01 7.56498050e-08 7.88818923e-08
6.50000000e+01 7.54785247e-08 7.87035377e-08
6.50500000e+01 7.53078033e-08 7.85257633e-08
6.51000000e+01 7.51376470e-08 7.83485770e-08
6.51500000e+01 7.50368970e-08 7.82437723e-08
6.52000000e+01 7.48677177e-08 7.80676020e-08
6.52500000e+01 7.46991067e-08 7.78920100e-08
6.53000000e+01 7.45310330e-08 7.77169893e-08
6.53500000e+01 7.43635207e-08 7.75425590e-08
6.54000000e+01 7.42641970e-08 7.74392347e-08
6.54500000e+01 7.40976250e-08 7.72657820e-08
6.55000000e+01 7.39316003e-08 7.70928920e-08
6.55500000e+01 7.45199477e-08 7.77067320e-08
6.56000000e+01 7.43534037e-08 7.75333003e-08
6.56500000e+01 7.42537827e-08 7.74296613e-08
6.57000000e+01 7.40881950e-08 7.72572113e-08
6.57500000e+01 7.39231297e-08 7.70853167e-08
6.58000000e+01 7.37586020e-08 7.69139873e-08
6.58500000e+01 7.35946097e-08 7.67432097e-08
6.59000000e+01 7.34963877e-08 7.66410290e-08
6.59500000e+01 7.33333147e-08 7.64712063e-08
6.60000000e+01 7.31707707e-08 7.63019340e-08
6.60500000e+01 7.30087527e-08 7.61332090e-08
6.61000000e+01 7.28472597e-08 7.59650300e-08
6.61500000e+01 7.27503960e-08 7.58642597e-08
6.62000000e+01 7.25898203e-08 7.56970163e-08
6.62500000e+01 7.24297453e-08 7.55303123e-08
6.63000000e+01 7.22701863e-08 7.53641513e-08
6.63500000e+01 7.21111333e-08 7.51985160e-08
6.64000000e+01 7.20156113e-08 7.50991323e-08
6.64500000e+01 7.18574487e-08 7.49344167e-08
6.65000000e+01 7.16997933e-08 7.47702290e-08
6.65500000e+01 7.15426353e-08 7.46065597e-08
6.66000000e+01 7.13859897e-08 7.44434217e-08
6.66500000e+01 7.12917850e-08 7.43453947e-08
6.67000000e+01 7.11360033e-08 7.41831557e-08
6.67500000e+01 7.09807187e-08 7.40214397e-08
6.68000000e+01 7.08259217e-08 7.38602310e-08
6.68500000e+01 7.06716260e-08 7.36995383e-08
6.69000000e+01 7.05786763e-08 7.36028250e-08
6.69500000e+01 7.04252277e-08 7.34430127e-08
6.70000000e+01 7.02722663e-08 7.32837077e-08
6.70500000e+01 7.01197827e-08 7.31248993e-08
6.71000000e+01 6.99677990e-08 7.29665997e-08
6.71500000e+01 6.98761133e-08 7.28711993e-08
6.72000000e+01 6.97249433e-08 7.27137627e-08
6.72500000e+01 6.95742587e-08 7.25568263e-08
6.73000000e+01 6.94240430e-08 7.24003820e-08
6.73500000e+01 6.92743007e-08 7.22444250e-08
6.74000000e+01 6.91250307e-08 7.20889590e-08
6.74500000e+01 6.97409103e-08 7.27315437e-08
6.75000000e+01 6.95910023e-08 7.25754120e-08
6.75500000e+01 6.94415733e-08 7.24197677e-08
6.76000000e+01 6.92925970e-08 7.22646050e-08
6.76500000e+01 6.91440870e-08 7.21099330e-08
6.77000000e+01 6.90536533e-08 7.20158283e-08
6.77500000e+01 6.89059460e-08 7.18619910e-08
6.78000000e+01 6.87586997e-08 7.17086287e-08
6.78500000e+01 6.86119133e-08 7.15557447e-08
6.79000000e+01 6.84655767e-08 7.14033280e-08
6.79500000e+01 6.83763367e-08 7.13104630e-08
6.80000000e+01 6.82307943e-08 7.11588777e-08
6.80500000e+01 6.80857193e-08 7.10077573e-08
6.81000000e+01 6.79410797e-08 7.08571057e-08
6.81500000e+01 6.77968813e-08 7.07069190e-08
6.82000000e+01 6.76531297e-08 7.05571960e-08
6.82500000e+01 6.75653887e-08 7.04658887e-08
6.83000000e+01 6.74224047e-08 7.03169607e-08
6.83500000e+01 6.72798707e-08 7.01684990e-08
6.84000000e+01 6.71377690e-08 7.00204870e-08
6.84500000e+01 6.69961050e-08 6.98729313e-08
6.85000000e+01 6.69095130e-08 6.97828073e-08
6.85500000e+01 6.67686027e-08 6.96360343e-08
6.86000000e+01 6.66281253e-08 6.94897183e-08
6.86500000e+01 6.64880790e-08 6.93438507e-08
6.87000000e+01 6.63484633e-08 6.91984253e-08
6.87500000e+01 6.62092677e-08 6.90534377e-08
6.88000000e+01 6.61240953e-08 6.89647987e-08
6.88500000e+01 6.59856430e-08 6.88205833e-08
6.89000000e+01 6.58476063e-08 6.86768007e-08
6.89500000e+01 6.57100130e-08 6.85334693e-08
6.90000000e+01 6.55728177e-08 6.83905623e-08
6.90500000e+01 6.54360333e-08 6.82480877e-08
6.91000000e+01 6.53522567e-08 6.81608980e-08
6.91500000e+01 6.52161980e-08 6.80191787e-08
6.92000000e+01 6.50805530e-08 6.78778847e-08
6.92500000e+01 6.49453197e-08 6.77370190e-08
6.93000000e+01 6.48104903e-08 6.75965723e-08
6.93500000e+01 6.47277760e-08 6.75104863e-08
6.94000000e+01 6.45936717e-08 6.73707850e-08
6.94500000e+01 6.44599523e-08 6.72314940e-08
6.95000000e+01 6.49859920e-08 6.77804067e-08
6.95500000e+01 6.48517647e-08 6.76405850e-08
6.96000000e+01 6.47179417e-08 6.75011887e-08
6.96500000e+01 6.46351987e-08 6.74150697e-08
6.97000000e+01 6.45020783e-08 6.72764007e-08
6.97500000e+01 6.43693583e-08 6.71381470e-08
6.98000000e+01 6.42370300e-08 6.70003003e-08
6.98500000e+01 6.41050983e-08 6.68628720e-08
6.99000000e+01 6.39735683e-08 6.67258423e-08
6.99500000e+01 6.38921497e-08 6.66410990e-08
7.00000000e+01 6.37613000e-08 6.65047967e-08
7.00500000e+01 6.36308343e-08 6.63688937e-08
7.01000000e+01 6.35007513e-08 6.62333843e-08
7.01500000e+01 6.33710630e-08 6.60982857e-08
7.02000000e+01 6.32906467e-08 6.60145830e-08
7.02500000e+01 6.31616263e-08 6.58801783e-08
7.03000000e+01 6.30329890e-08 6.57461733e-08
7.03500000e+01 6.29047407e-08 6.56125630e-08
7.04000000e+01 6.27768593e-08 6.54793443e-08
7.04500000e+01 6.26493580e-08 6.53465253e-08
7.05000000e+01 6.25702113e-08 6.52641470e-08
7.05500000e+01 6.24433620e-08 6.51320017e-08
7.06000000e+01 6.23168877e-08 6.50002473e-08
7.06500000e+01 6.21907873e-08 6.48688810e-08
7.07000000e+01 6.20650523e-08 6.47378950e-08
7.07500000e+01 6.19396883e-08 6.46072953e-08
7.08000000e+01 6.18617993e-08 6.45262097e-08
7.08500000e+01 6.17370730e-08 6.43962733e-08
7.09000000e+01 6.16127130e-08 6.42667233e-08
7.09500000e+01 6.14887193e-08 6.41375490e-08
7.10000000e+01 6.13650827e-08 6.40087513e-08
7.10500000e+01 6.12418153e-08 6.38803340e-08
7.11000000e+01 6.11651187e-08 6.38004967e-08
7.11500000e+01 6.10424753e-08 6.36727273e-08
7.12000000e+01 6.09201840e-08 6.35453240e-08
7.12500000e+01 6.07982627e-08 6.34182977e-08
7.13000000e+01 6.06766780e-08 6.32916303e-08
7.13500000e+01 6.05554547e-08 6.31653443e-08
7.14000000e+01 6.04799397e-08 6.30867347e-08
7.14500000e+01 6.03593263e-08 6.29610827e-08
7.15000000e+01 6.02390570e-08 6.28357847e-08
7.15500000e+01 6.01191373e-08 6.27108500e-08
7.16000000e+01 6.06161433e-08 6.32294963e-08
7.16500000e+01 6.04957293e-08 6.31040457e-08
7.17000000e+01 6.03756640e-08 6.29789617e-08
7.17500000e+01 6.03003473e-08 6.29005420e-08
7.18000000e+01 6.01808890e-08 6.27760857e-08
7.18500000e+01 6.00617690e-08 6.26519860e-08
7.19000000e+01 5.99429933e-08 6.25282440e-08
7.19500000e+01 5.98245530e-08 6.24048473e-08
7.20000000e+01 5.97064607e-08 6.22818130e-08
7.20500000e+01 5.96322753e-08 6.22045820e-08
7.21000000e+01 5.95147640e-08 6.20821510e-08
7.21500000e+01 5.93975963e-08 6.19600787e-08
7.22000000e+01 5.92807710e-08 6.18383537e-08
7.22500000e+01 5.91642623e-08 6.17169663e-08
7.23000000e+01 5.90480943e-08 6.15959380e-08
7.23500000e+01 5.89750243e-08 6.15198710e-08
7.24000000e+01 5.88594240e-08 6.13994290e-08
7.24500000e+01 5.87441603e-08 6.12793387e-08
7.25000000e+01 5.86292197e-08 6.11595833e-08
7.25500000e+01 5.85146073e-08 6.10401693e-08
7.26000000e+01 5.84003150e-08 6.09210890e-08
7.26500000e+01 5.82863603e-08 6.08023510e-08
7.27000000e+01 5.82146213e-08 6.07276630e-08
7.27500000e+01 5.81012143e-08 6.06095087e-08
7.28000000e+01 5.79881300e-08 6.04916890e-08
7.28500000e+01 5.78753670e-08 6.03741993e-08
7.29000000e+01 5.77629233e-08 6.02570437e-08
7.29500000e+01 5.76507853e-08 6.01402050e-08
7.30000000e+01 5.75801090e-08 6.00666213e-08
7.30500000e+01 5.74685327e-08 5.99503667e-08
7.31000000e+01 5.73572767e-08 5.98344377e-08
7.31500000e+01 5.72463167e-08 5.97188250e-08
7.32000000e+01 5.71356760e-08 5.96035493e-08
7.32500000e+01 5.70253413e-08 5.94885873e-08
7.33000000e+01 5.69153107e-08 5.93739460e-08
7.33500000e+01 5.68458967e-08 5.93016757e-08
7.34000000e+01 5.67364073e-08 5.91875930e-08
7.34500000e+01 5.66272257e-08 5.90738307e-08
7.35000000e+01 5.65183440e-08 5.89603807e-08
7.35500000e+01 5.64097677e-08 5.88472527e-08
7.36000000e+01 5.63015007e-08 5.87344313e-08
7.36500000e+01 5.62331000e-08 5.86632170e-08
7.37000000e+01 5.61253510e-08 5.85509463e-08
7.37500000e+01 5.60178973e-08 5.84389867e-08
7.38000000e+01 5.59107437e-08 5.83273353e-08
7.38500000e+01 5.63790647e-08 5.88160830e-08
7.39000000e+01 5.62714403e-08 5.87039403e-08
7.39500000e+01 5.61641097e-08 5.85921033e-08
7.40000000e+01 5.60958133e-08 5.85209903e-08
7.40500000e+01 5.59890153e-08 5.84097000e-08
7.41000000e+01 5.58824967e-08 5.82987083e-08
7.41500000e+01 5.57762743e-08 5.81880283e-08
7.42000000e+01 5.56703450e-08 5.80776540e-08
7.42500000e+01 5.55647033e-08 5.79675753e-08
7.43000000e+01 5.54593483e-08 5.78577947e-08
7.43500000e+01 5.53922487e-08 5.77879260e-08
7.44000000e+01 5.52874027e-08 5.76786747e-08
7.44500000e+01 5.51828460e-08 5.75697247e-08
7.45000000e+01 5.50785827e-08 5.74610730e-08
7.45500000e+01 5.49745957e-08 5.73527157e-08
7.46000000e+01 5.48708947e-08 5.72446610e-08
7.46500000e+01 5.47674737e-08 5.71368963e-08
7.47000000e+01 5.47015313e-08 5.70682310e-08
7.47500000e+01 5.45986063e-08 5.69609803e-08
7.48000000e+01 5.44959587e-08 5.68540170e-08
7.48500000e+01 5.43935920e-08 5.67473467e-08
7.49000000e+01 5.42915000e-08 5.66409620e-08
7.49500000e+01 5.41896980e-08 5.65348717e-08
7.50000000e+01 5.40881637e-08 5.64290677e-08
7.50500000e+01 5.40233533e-08 5.63615830e-08
7.51000000e+01 5.39222983e-08 5.62562780e-08
7.51500000e+01 5.38215187e-08 5.61512630e-08
7.52000000e+01 5.37210083e-08 5.60465250e-08
7.52500000e+01 5.36207653e-08 5.59420653e-08
7.53000000e+01 5.35208013e-08 5.58378957e-08
7.53500000e+01 5.34210977e-08 5.57339967e-08
7.54000000e+01 5.33574050e-08 5.56676633e-08
7.54500000e+01 5.32581747e-08 5.55642570e-08
7.55000000e+01 5.31592133e-08 5.54611353e-08
7.55500000e+01 5.30605147e-08 5.53582823e-08
7.56000000e+01 5.29620837e-08 5.52557117e-08
7.56500000e+01 5.28639127e-08 5.51534090e-08
7.57000000e+01 5.27660073e-08 5.50513820e-08
7.57500000e+01 5.26683667e-08 5.49496307e-08
7.58000000e+01 5.26059323e-08 5.48846130e-08
7.58500000e+01 5.25087467e-08 5.47833353e-08
7.59000000e+01 5.24118267e-08 5.46823277e-08
7.59500000e+01 5.23151583e-08 5.45815880e-08
7.60000000e+01 5.22187500e-08 5.44811230e-08
7.60500000e+01 5.21225950e-08 5.43809217e-08
7.61000000e+01 5.20266980e-08 5.42809860e-08
7.61500000e+01 5.25026823e-08 5.47777560e-08
7.62000000e+01 5.24062707e-08 5.46772823e-08
7.62500000e+01 5.23101113e-08 5.45770717e-08
7.63000000e+01 5.22142093e-08 5.44771290e-08
7.63500000e+01 5.21185733e-08 5.43774563e-08
7.64000000e+01 5.20231773e-08 5.42780400e-08
7.64500000e+01 5.19280307e-08 5.41788870e-08
7.65000000e+01 5.18331373e-08 5.40799980e-08
7.65500000e+01 5.17719723e-08 5.40162977e-08
7.66000000e+01 5.16775213e-08 5.39178660e-08
7.66500000e+01 5.15833163e-08 5.38196897e-08
7.67000000e+01 5.14893617e-08 5.37217740e-08
7.67500000e+01 5.13956513e-08 5.36241127e-08
7.68000000e+01 5.13021937e-08 5.35267077e-08
7.68500000e+01 5.12089797e-08 5.34295633e-08
7.69000000e+01 5.11488163e-08 5.33669077e-08
7.69500000e+01 5.10560233e-08 5.32702013e-08
7.70000000e+01 5.09634813e-08 5.31737603e-08
7.70500000e+01 5.08711733e-08 5.30775587e-08
7.71000000e+01 5.07791147e-08 5.29816173e-08
7.71500000e+01 5.06872880e-08 5.28859170e-08
7.72000000e+01 5.05957037e-08 5.27904687e-08
7.72500000e+01 5.05043707e-08 5.26952747e-08
7.73000000e+01 5.04453630e-08 5.26338183e-08
7.73500000e+01 5.03544410e-08 5.25390630e-08
7.74000000e+01 5.02637467e-08 5.24445420e-08
7.74500000e+01 5.01732910e-08 5.23502720e-08
7.75000000e+01 5.00830727e-08 5.22562460e-08
7.75500000e+01 4.99930857e-08 5.21624613e-08
7.76000000e+01 4.99033350e-08 5.20689217e-08
7.76500000e+01 4.98138137e-08 5.19756213e-08
7.77000000e+01 4.97559340e-08 5.19153410e-08
7.77500000e+01 4.96668263e-08 5.18224613e-08
7.78000000e+01 4.95779423e-08 5.17298243e-08
7.78500000e+01 4.94892907e-08 5.16374323e-08
7.79000000e+01 4.94008643e-08 5.15452757e-08
7.79500000e+01 4.93126693e-08 5.14533560e-08
7.80000000e+01 4.92246983e-08 5.13616700e-08
7.80500000e+01 4.91369510e-08 5.12702163e-08
7.81000000e+01 4.90494320e-08 5.11790010e-08
7.81500000e+01 4.89928123e-08 5.11200270e-08
7.82000000e+01 4.89056950e-08 5.10292233e-08
7.82500000e+01 4.88187947e-08 5.09386513e-08
7.83000000e+01 4.87321200e-08 5.08483180e-08
7.83500000e+01 4.86456647e-08 5.07582127e-08
7.84000000e+01 4.85594273e-08 5.06683317e-08
7.84500000e+01 4.84734133e-08 5.05786830e-08
7.85000000e+01 4.83876170e-08 5.04892607e-08
7.85500000e+01 4.83320500e-08 5.04313820e-08
7.86000000e+01 4.87477423e-08 5.08652657e-08
7.86500000e+01 4.86616977e-08 5.07755773e-08
7.87000000e+01 4.85758550e-08 5.06861053e-08
7.87500000e+01 4.84902383e-08 5.05968727e-08
7.88000000e+01 4.84048373e-08 5.05078600e-08
7.88500000e+01 4.83196497e-08 5.04190740e-08
7.89000000e+01 4.82346757e-08 5.03305073e-08
7.89500000e+01 4.81499253e-08 5.02421730e-08
7.90000000e+01 4.80946670e-08 5.01846133e-08
7.90500000e+01 4.80102917e-08 5.00966697e-08
7.91000000e+01 4.79261363e-08 5.00089480e-08
7.91500000e+01 4.78421873e-08 4.99214477e-08
7.92000000e+01 4.77584477e-08 4.98341690e-08
7.92500000e+01 4.76749167e-08 4.97471043e-08
7.93000000e+01 4.75915990e-08 4.96602647e-08
7.93500000e+01 4.75084887e-08 4.95736377e-08
7.94000000e+01 4.74542457e-08 4.95171347e-08
7.94500000e+01 4.73715060e-08 4.94308940e-08
7.95000000e+01 4.72889720e-08 4.93448670e-08
7.95500000e+01 4.72066477e-08 4.92590617e-08
7.96000000e+01 4.71245363e-08 4.91734657e-08
7.96500000e+01 4.70426197e-08 4.90880817e-08
7.97000000e+01 4.69609110e-08 4.90029173e-08
7.97500000e+01 4.68794097e-08 4.89179683e-08
7.98000000e+01 4.67981093e-08 4.88332263e-08
7.98500000e+01 4.67170103e-08 4.87486940e-08
7.99000000e+01 4.66640530e-08 4.86935277e-08
7.99500000e+01 4.65833123e-08 4.86093687e-08
8.00000000e+01 4.65027713e-08 4.85254163e-08
