-2.00000000e+01 2.72804040e-08
-1.99500000e+01 2.74214060e-08
-1.99000000e+01 2.75636147e-08
-1.98500000e+01 2.77070477e-08
-1.98000000e+01 2.78517203e-08
-1.97500000e+01 2.79976450e-08
-1.97000000e+01 2.81448363e-08
-1.96500000e+01 2.82933123e-08
-1.96000000e+01 2.84430890e-08
-1.95500000e+01 2.85941857e-08
-1.95000000e+01 2.87466120e-08
-1.94500000e+01 2.89003917e-08
-1.94000000e+01 2.90555363e-08
-1.93500000e+01 2.92120673e-08
-1.93000000e+01 2.93700027e-08
-1.92500000e+01 2.95293563e-08
-1.92000000e+01 2.96901490e-08
-1.91500000e+01 2.98524010e-08
-1.91000000e+01 3.00161327e-08
-1.90500000e+01 3.01813597e-08
-1.90000000e+01 3.03480997e-08
-1.89500000e+01 3.05163767e-08
-1.89000000e+01 3.06862107e-08
-1.88500000e+01 3.08576243e-08
-1.88000000e+01 3.10306327e-08
-1.87500000e+01 3.12052610e-08
-1.87000000e+01 3.13815307e-08
-1.86500000e+01 3.15594677e-08
-1.86000000e+01 3.17390903e-08
-1.85500000e+01 3.19204193e-08
-1.85000000e+01 3.21034817e-08
-1.84500000e+01 3.22883013e-08
-1.84000000e+01 3.24749050e-08
-1.83500000e+01 3.26633133e-08
-1.83000000e+01 3.28535500e-08
-1.82500000e+01 3.30456430e-08
-1.82000000e+01 3.32396203e-08
-1.81500000e+01 3.34355090e-08
-1.81000000e+01 3.36333313e-08
-1.80500000e+01 3.38331163e-08
-1.80000000e+01 3.40348957e-08
-1.79500000e+01 3.42386993e-08
-1.79000000e+01 3.44445517e-08
-1.78500000e+01 3.46524810e-08
-1.78000000e+01 3.48625207e-08
-1.77500000e+01 3.50747047e-08
-1.77000000e+01 3.52890610e-08
-1.76500000e+01 3.55056197e-08
-1.76000000e+01 3.57244183e-08
-1.75500000e+01 3.59454877e-08
-1.75000000e+01 3.61688637e-08
-1.74500000e+01 3.63945763e-08
-1.74000000e+01 3.66226663e-08
-1.73500000e+01 3.68531667e-08
-1.73000000e+01 3.70861183e-08
-1.72500000e+01 3.73215543e-08
-1.72000000e+01 3.75595170e-08
-1.71500000e+01 3.78000420e-08
-1.71000000e+01 3.80431690e-08
-1.70500000e+01 3.82889437e-08
-1.70000000e+01 3.85374013e-08
-1.69500000e+01 3.87885907e-08
-1.69000000e+01 3.90425480e-08
-1.68500000e+01 3.92993263e-08
-1.68000000e+01 3.95589683e-08
-1.67500000e+01 3.98215130e-08
-1.67000000e+01 4.00870153e-08
-1.66500000e+01 4.03555183e-08
-1.66000000e+01 4.06270780e-08
-1.65500000e+01 4.09017387e-08
-1.65000000e+01 4.11795537e-08
-1.64500000e+01 4.14605787e-08
-1.64000000e+01 4.17448597e-08
-1.63500000e+01 4.20324607e-08
-1.63000000e+01 4.23234290e-08
-1.62500000e+01 4.26178307e-08
-1.62000000e+01 4.29157150e-08
-1.61500000e+01 4.32171520e-08
-1.61000000e+01 4.35221990e-08
-1.60500000e+01 4.38309160e-08
-1.60000000e+01 4.41433693e-08
-1.59500000e+01 4.44596223e-08
-1.59000000e+01 4.47797483e-08
-1.58500000e+01 4.51038100e-08
-1.58000000e+01 4.54318810e-08
-1.57500000e+01 4.57640303e-08
-1.57000000e+01 4.61003383e-08
-1.56500000e+01 4.64408757e-08
-1.56000000e+01 4.67857160e-08
-1.55500000e+01 4.71349457e-08
-1.55000000e+01 4.74886403e-08
-1.54500000e+01 4.78468903e-08
-1.54000000e+01 4.82097740e-08
-1.53500000e+01 4.85773847e-08
-1.53000000e+01 4.89498050e-08
-1.52500000e+01 4.93271280e-08
-1.52000000e+01 4.97094553e-08
-1.51500000e+01 5.00968723e-08
-1.51000000e+01 5.04894877e-08
-1.50500000e+01 5.08873933e-08
-1.50000000e+01 5.12907053e-08
-1.49500000e+01 5.16995267e-08
-1.49000000e+01 5.21139567e-08
-1.48500000e+01 5.25341180e-08
-1.48000000e+01 5.29601207e-08
-1.47500000e+01 5.33920913e-08
-1.47000000e+01 5.38301440e-08
-1.46500000e+01 5.42744057e-08
-1.46000000e+01 5.47250063e-08
-1.45500000e+01 5.51820767e-08
-1.45000000e+01 5.56457543e-08
-1.44500000e+01 5.61161713e-08
-1.44000000e+01 5.65934817e-08
-1.43500000e+01 5.70778193e-08
-1.43000000e+01 5.75693517e-08
-1.42500000e+01 5.80682267e-08
-1.42000000e+01 5.85746013e-08
-1.41500000e+01 5.90886423e-08
-1.41000000e+01 5.96105180e-08
-1.40500000e+01 6.01404107e-08
-1.40000000e+01 6.06784910e-08
-1.39500000e+01 6.12249473e-08
-1.39000000e+01 6.17799673e-08
-1.38500000e+01 6.23437577e-08
-1.38000000e+01 6.29165120e-08
-1.37500000e+01 6.34984333e-08
-1.37000000e+01 6.40897463e-08
-1.36500000e+01 6.46906657e-08
-1.36000000e+01 6.53014303e-08
-1.35500000e+01 6.59222650e-08
-1.35000000e+01 6.65534167e-08
-1.34500000e+01 6.71951397e-08
-1.34000000e+01 6.78476813e-08
-1.33500000e+01 6.85113247e-08
-1.33000000e+01 6.91863287e-08
-1.32500000e+01 6.98729923e-08
-1.32000000e+01 7.05716053e-08
-1.31500000e+01 7.12824733e-08
-1.31000000e+01 7.20059113e-08
-1.30500000e+01 7.27422367e-08
-1.30000000e+01 7.34917940e-08
-1.29500000e+01 7.42549257e-08
-1.29000000e+01 7.50319977e-08
-1.28500000e+01 7.58233813e-08
-1.28000000e+01 7.66294617e-08
-1.27500000e+01 7.74506373e-08
-1.27000000e+01 7.82873253e-08
-1.26500000e+01 7.91399487e-08
-1.26000000e+01 8.00089543e-08
-1.25500000e+01 8.08948073e-08
-1.25000000e+01 8.17979840e-08
-1.24500000e+01 8.27189787e-08
-1.24000000e+01 8.36583063e-08
-1.23500000e+01 8.46165143e-08
-1.23000000e+01 8.55941360e-08
-1.22500000e+01 8.65917590e-08
-1.22000000e+01 8.76099843e-08
-1.21500000e+01 8.86494337e-08
-1.21000000e+01 8.97107543e-08
-1.20500000e+01 9.07946200e-08
-1.20000000e+01 9.19017463e-08
-1.19500000e+01 9.30328397e-08
-1.19000000e+01 9.41886720e-08
-1.18500000e+01 9.53700393e-08
-1.18000000e+01 9.65777627e-08
-1.17500000e+01 9.78127107e-08
-1.17000000e+01 9.90757717e-08
-1.16500000e+01 1.00367902e-07
-1.16000000e+01 1.01690064e-07
-1.15500000e+01 1.03043282e-07
-1.15000000e+01 1.04428633e-07
-1.14500000e+01 1.05847220e-07
-1.14000000e+01 1.07300233e-07
-1.13500000e+01 1.08788877e-07
-1.13000000e+01 1.10314440e-07
-1.12500000e+01 1.11878263e-07
-1.12000000e+01 1.13481757e-07
-1.11500000e+01 1.15126373e-07
-1.11000000e+01 1.16813670e-07
-1.10500000e+01 1.18545277e-07
-1.10000000e+01 1.20322890e-07
-1.09500000e+01 1.22148293e-07
-1.09000000e+01 1.24023387e-07
-1.08500000e+01 1.25950133e-07
-1.08000000e+01 1.27930603e-07
-1.07500000e+01 1.29967010e-07
-1.07000000e+01 1.32061657e-07
-1.06500000e+01 1.34216987e-07
-1.06000000e+01 1.36435553e-07
-1.05500000e+01 1.38720083e-07
-1.05000000e+01 1.41073467e-07
-1.04500000e+01 1.43498690e-07
-1.04000000e+01 1.45998980e-07
-1.03500000e+01 1.48577733e-07
-1.03000000e+01 1.51238553e-07
-1.02500000e+01 1.53985237e-07
-1.02000000e+01 1.56821850e-07
-1.01500000e+01 1.59752693e-07
-1.01000000e+01 1.62782327e-07
-1.00500000e+01 1.65915597e-07
-1.00000000e+01 1.69157690e-07
-9.95000000e+00 1.72514107e-07
-9.90000000e+00 1.75990760e-07
-9.85000000e+00 1.79593893e-07
-9.80000000e+00 1.83330243e-07
-9.75000000e+00 1.87206953e-07
-9.70000000e+00 1.91231707e-07
-9.65000000e+00 1.95412747e-07
-9.60000000e+00 1.99758893e-07
-9.55000000e+00 2.04279643e-07
-9.50000000e+00 2.08985220e-07
-9.45000000e+00 2.13886550e-07
-9.40000000e+00 2.18995520e-07
-9.35000000e+00 2.24324890e-07
-9.30000000e+00 2.29888423e-07
-9.25000000e+00 2.35701080e-07
-9.20000000e+00 2.41779037e-07
-9.15000000e+00 2.48139857e-07
-9.10000000e+00 2.54802567e-07
-9.05000000e+00 2.61787927e-07
-9.00000000e+00 2.69118597e-07
-8.95000000e+00 2.76819113e-07
-8.90000000e+00 2.84916543e-07
-8.85000000e+00 2.93440367e-07
-8.80000000e+00 3.02422990e-07
-8.75000000e+00 3.11899923e-07
-8.70000000e+00 3.21910400e-07
-8.65000000e+00 3.32497633e-07
-8.60000000e+00 3.43709157e-07
-8.55000000e+00 3.55597950e-07
-8.50000000e+00 3.68222533e-07
-8.45000000e+00 3.81648053e-07
-8.40000000e+00 3.95947067e-07
-8.35000000e+00 4.11200597e-07
-8.30000000e+00 4.27499287e-07
-8.25000000e+00 4.44944703e-07
-8.20000000e+00 4.63651150e-07
-8.15000000e+00 4.83747310e-07
-8.10000000e+00 5.05378510e-07
-8.05000000e+00 5.28709343e-07
-8.00000000e+00 5.53926297e-07
-7.95000000e+00 5.81241397e-07
-7.90000000e+00 6.10896207e-07
-7.85000000e+00 6.43166360e-07
-7.80000000e+00 6.78366447e-07
-7.75000000e+00 7.16856780e-07
-7.70000000e+00 7.59049090e-07
-7.65000000e+00 8.05414780e-07
-7.60000000e+00 8.56491437e-07
-7.55000000e+00 9.12891897e-07
-7.50000000e+00 9.75309427e-07
-7.45000000e+00 1.04452263e-06
-7.40000000e+00 1.12139623e-06
-7.35000000e+00 1.20687003e-06
-7.30000000e+00 1.30194013e-06
-7.25000000e+00 1.40761387e-06
-7.20000000e+00 1.52484347e-06
-7.15000000e+00 1.65441480e-06
-7.10000000e+00 1.79679807e-06
-7.05000000e+00 1.95196177e-06
-7.00000000e+00 2.11915503e-06
-6.95000000e+00 2.29671537e-06
-6.90000000e+00 2.48193020e-06
-6.85000000e+00 2.67101600e-06
-6.80000000e+00 2.85920597e-06
-6.75000000e+00 3.04095523e-06
-6.70000000e+00 3.21024763e-06
-6.65000000e+00 3.36103187e-06
-6.60000000e+00 3.48785480e-06
-6.55000000e+00 3.58666050e-06
-6.50000000e+00 3.65557000e-06
-6.45000000e+00 3.69537680e-06
-6.40000000e+00 3.70946590e-06
-6.35000000e+00 3.70316123e-06
-6.30000000e+00 3.68269443e-06
-6.25000000e+00 3.65419293e-06
-6.20000000e+00 3.62295327e-06
-6.15000000e+00 3.59307517e-06
-6.10000000e+00 3.56736767e-06
-6.05000000e+00 3.54735403e-06
-6.00000000e+00 3.53334363e-06
-5.95000000e+00 3.52456687e-06
-5.90000000e+00 3.51942727e-06
-5.85000000e+00 3.51583587e-06
-5.80000000e+00 3.51155150e-06
-5.75000000e+00 3.50441280e-06
-5.70000000e+00 3.49240003e-06
-5.65000000e+00 3.47355280e-06
-5.60000000e+00 3.44592683e-06
-5.55000000e+00 3.40773410e-06
-5.50000000e+00 3.35771627e-06
-5.45000000e+00 3.29556547e-06
-5.40000000e+00 3.22221437e-06
-5.35000000e+00 3.13984773e-06
-5.30000000e+00 3.05165330e-06
-5.25000000e+00 2.96140440e-06
-5.20000000e+00 2.87299257e-06
-5.15000000e+00 2.79004693e-06
-5.10000000e+00 2.71567540e-06
-5.05000000e+00 2.65234363e-06
-5.00000000e+00 2.60183623e-06
-4.95000000e+00 2.56525940e-06
-4.90000000e+00 2.54305830e-06
-4.85000000e+00 2.53501753e-06
-4.80000000e+00 2.54023713e-06
-4.75000000e+00 2.55704917e-06
-4.70000000e+00 2.58294800e-06
-4.65000000e+00 2.61462717e-06
-4.60000000e+00 2.64821600e-06
-4.55000000e+00 2.67975343e-06
-4.50000000e+00 2.70577710e-06
-4.45000000e+00 2.72384207e-06
-4.40000000e+00 2.73276777e-06
-4.35000000e+00 2.73258297e-06
-4.30000000e+00 2.72426213e-06
-4.25000000e+00 2.70939397e-06
-4.20000000e+00 2.68987910e-06
-4.15000000e+00 2.66767663e-06
-4.10000000e+00 2.64459887e-06
-4.05000000e+00 2.62217007e-06
-4.00000000e+00 2.60156613e-06
-3.95000000e+00 2.58361040e-06
-3.90000000e+00 2.56878143e-06
-3.85000000e+00 2.55720393e-06
-3.80000000e+00 2.54864707e-06
-3.75000000e+00 2.54257063e-06
-3.70000000e+00 2.53827073e-06
-3.65000000e+00 2.53510737e-06
-3.60000000e+00 2.53272333e-06
-3.55000000e+00 2.53115373e-06
-3.50000000e+00 2.53075683e-06
-3.45000000e+00 2.53200590e-06
-3.40000000e+00 2.53523570e-06
-3.35000000e+00 2.54047617e-06
-3.30000000e+00 2.54744097e-06
-3.25000000e+00 2.55565997e-06
-3.20000000e+00 2.56469173e-06
-3.15000000e+00 2.57430087e-06
-3.10000000e+00 2.58454213e-06
-3.05000000e+00 2.59571223e-06
-3.00000000e+00 2.60820300e-06
-2.95000000e+00 2.62231160e-06
-2.90000000e+00 2.63805930e-06
-2.85000000e+00 2.65507143e-06
-2.80000000e+00 2.67252890e-06
-2.75000000e+00 2.68922863e-06
-2.70000000e+00 2.70373103e-06
-2.65000000e+00 2.71458600e-06
-2.60000000e+00 2.72058777e-06
-2.55000000e+00 2.72099530e-06
-2.50000000e+00 2.71566850e-06
-2.45000000e+00 2.70507967e-06
-2.40000000e+00 2.69022293e-06
-2.35000000e+00 2.67244340e-06
-2.30000000e+00 2.65323913e-06
-2.25000000e+00 2.63406237e-06
-2.20000000e+00 2.61614707e-06
-2.15000000e+00 2.60037180e-06
-2.10000000e+00 2.58717917e-06
-2.05000000e+00 2.57656293e-06
-2.00000000e+00 2.56813157e-06
-1.95000000e+00 2.56123563e-06
-1.90000000e+00 2.55512820e-06
-1.85000000e+00 2.54911603e-06
-1.80000000e+00 2.54265183e-06
-1.75000000e+00 2.53536010e-06
-1.70000000e+00 2.52700533e-06
-1.65000000e+00 2.51744790e-06
-1.60000000e+00 2.50662787e-06
-1.55000000e+00 2.49460247e-06
-1.50000000e+00 2.48161363e-06
-1.45000000e+00 2.46814223e-06
-1.40000000e+00 2.45490520e-06
-1.35000000e+00 2.44276430e-06
-1.30000000e+00 2.43257117e-06
-1.25000000e+00 2.42498963e-06
-1.20000000e+00 2.42035810e-06
-1.15000000e+00 2.41863277e-06
-1.10000000e+00 2.41943137e-06
-1.05000000e+00 2.42216203e-06
-1.00000000e+00 2.42619470e-06
-9.50000000e-01 2.43102347e-06
-9.00000000e-01 2.43636993e-06
-8.50000000e-01 2.44220693e-06
-8.00000000e-01 2.44870573e-06
-7.50000000e-01 2.45614840e-06
-7.00000000e-01 2.46483203e-06
-6.50000000e-01 2.47500653e-06
-6.00000000e-01 2.48684207e-06
-5.50000000e-01 2.50041847e-06
-5.00000000e-01 2.51571357e-06
-4.50000000e-01 2.53257443e-06
-4.00000000e-01 2.55067907e-06
-3.50000000e-01 2.56950110e-06
-3.00000000e-01 2.58831610e-06
-2.50000000e-01 2.60626887e-06
-2.00000000e-01 2.62250943e-06
-1.50000000e-01 2.63636603e-06
-1.00000000e-01 2.64750593e-06
-5.00000000e-02 2.65602033e-06
0.00000000e+00 2.66240197e-06
5.00000000e-02 2.66741573e-06
1.00000000e-01 2.67191207e-06
1.50000000e-01 2.67664427e-06
2.00000000e-01 2.68214567e-06
2.50000000e-01 2.68869070e-06
3.00000000e-01 2.69633567e-06
3.50000000e-01 2.70500397e-06
4.00000000e-01 2.71457567e-06
4.50000000e-01 2.72494040e-06
5.00000000e-01 2.73600297e-06
5.50000000e-01 2.74763707e-06
6.00000000e-01 2.75962777e-06
6.50000000e-01 2.77162687e-06
7.00000000e-01 2.78316013e-06
7.50000000e-01 2.79369197e-06
8.00000000e-01 2.80273613e-06
8.50000000e-01 2.80997657e-06
9.00000000e-01 2.81535633e-06
9.50000000e-01 2.81910577e-06
1.00000000e+00 2.82169870e-06
1.05000000e+00 2.82375580e-06
1.10000000e+00 2.82592700e-06
1.15000000e+00 2.82879057e-06
1.20000000e+00 2.83279077e-06
1.25000000e+00 2.83822427e-06
1.30000000e+00 2.84526317e-06
1.35000000e+00 2.85399457e-06
1.40000000e+00 2.86444940e-06
1.45000000e+00 2.87660977e-06
1.50000000e+00 2.89038820e-06
1.55000000e+00 2.90559583e-06
1.60000000e+00 2.92191830e-06
1.65000000e+00 2.93892130e-06
1.70000000e+00 2.95609323e-06
1.75000000e+00 2.97292013e-06
1.80000000e+00 2.98897010e-06
1.85000000e+00 3.00396217e-06
1.90000000e+00 3.01779820e-06
1.95000000e+00 3.03054680e-06
2.00000000e+00 3.04238987e-06
2.05000000e+00 3.05355310e-06
2.10000000e+00 3.06424663e-06
2.15000000e+00 3.07463470e-06
2.20000000e+00 3.08483790e-06
2.25000000e+00 3.09496143e-06
2.30000000e+00 3.10512483e-06
2.35000000e+00 3.11547623e-06
2.40000000e+00 3.12617493e-06
2.45000000e+00 3.13734813e-06
2.50000000e+00 3.14903437e-06
2.55000000e+00 3.16114240e-06
2.60000000e+00 3.17344697e-06
2.65000000e+00 3.18564017e-06
2.70000000e+00 3.19742927e-06
2.75000000e+00 3.20866057e-06
2.80000000e+00 3.21943020e-06
2.85000000e+00 3.23014070e-06
2.90000000e+00 3.24147903e-06
2.95000000e+00 3.25431253e-06
3.00000000e+00 3.26952870e-06
3.05000000e+00 3.28785653e-06
3.10000000e+00 3.30971810e-06
3.15000000e+00 3.33514117e-06
3.20000000e+00 3.36375057e-06
3.25000000e+00 3.39483877e-06
3.30000000e+00 3.42749433e-06
3.35000000e+00 3.46075233e-06
3.40000000e+00 3.49373033e-06
3.45000000e+00 3.52571393e-06
3.50000000e+00 3.55617713e-06
3.55000000e+00 3.58474077e-06
3.60000000e+00 3.61109803e-06
3.65000000e+00 3.63494367e-06
3.70000000e+00 3.65594203e-06
3.75000000e+00 3.67375360e-06
3.80000000e+00 3.68811320e-06
3.85000000e+00 3.69893657e-06
3.90000000e+00 3.70640930e-06
3.95000000e+00 3.71102287e-06
4.00000000e+00 3.71353510e-06
4.05000000e+00 3.71485827e-06
4.10000000e+00 3.71590207e-06
4.15000000e+00 3.71740820e-06
4.20000000e+00 3.71982503e-06
4.25000000e+00 3.72324590e-06
4.30000000e+00 3.72742590e-06
4.35000000e+00 3.73187053e-06
4.40000000e+00 3.73596600e-06
4.45000000e+00 3.73911633e-06
4.50000000e+00 3.74084767e-06
4.55000000e+00 3.74085803e-06
4.60000000e+00 3.73900490e-06
4.65000000e+00 3.73524840e-06
4.70000000e+00 3.72958320e-06
4.75000000e+00 3.72199240e-06
4.80000000e+00 3.71244093e-06
4.85000000e+00 3.70091803e-06
4.90000000e+00 3.68750397e-06
4.95000000e+00 3.67244120e-06
5.00000000e+00 3.65616890e-06
5.05000000e+00 3.63931140e-06
5.10000000e+00 3.62261553e-06
5.15000000e+00 3.60685580e-06
5.20000000e+00 3.59273193e-06
5.25000000e+00 3.58078757e-06
5.30000000e+00 3.57136873e-06
5.35000000e+00 3.56462643e-06
5.40000000e+00 3.56055527e-06
5.45000000e+00 3.55905323e-06
5.50000000e+00 3.55997813e-06
5.55000000e+00 3.56318010e-06
5.60000000e+00 3.56850297e-06
5.65000000e+00 3.57575293e-06
5.70000000e+00 3.58465417e-06
5.75000000e+00 3.59481270e-06
5.80000000e+00 3.60571423e-06
5.85000000e+00 3.61677220e-06
5.90000000e+00 3.62742543e-06
5.95000000e+00 3.63726410e-06
6.00000000e+00 3.64614923e-06
6.05000000e+00 3.65428540e-06
6.10000000e+00 3.66221377e-06
6.15000000e+00 3.67071560e-06
6.20000000e+00 3.68064130e-06
6.25000000e+00 3.69270680e-06
6.30000000e+00 3.70730193e-06
6.35000000e+00 3.72435937e-06
6.40000000e+00 3.74331760e-06
6.45000000e+00 3.76319180e-06
6.50000000e+00 3.78274563e-06
6.55000000e+00 3.80073130e-06
6.60000000e+00 3.81614477e-06
6.65000000e+00 3.82843217e-06
6.70000000e+00 3.83759277e-06
6.75000000e+00 3.84414847e-06
6.80000000e+00 3.84899240e-06
6.85000000e+00 3.85316397e-06
6.90000000e+00 3.85761433e-06
6.95000000e+00 3.86302740e-06
7.00000000e+00 3.86973333e-06
7.05000000e+00 3.87772807e-06
7.10000000e+00 3.88677253e-06
7.15000000e+00 3.89653623e-06
7.20000000e+00 3.90672963e-06
7.25000000e+00 3.91718367e-06
7.30000000e+00 3.92784850e-06
7.35000000e+00 3.93872140e-06
7.40000000e+00 3.94972797e-06
7.45000000e+00 3.96060880e-06
7.50000000e+00 3.97085990e-06
7.55000000e+00 3.97976360e-06
7.60000000e+00 3.98651830e-06
7.65000000e+00 3.99043943e-06
7.70000000e+00 3.99118003e-06
7.75000000e+00 3.98889413e-06
7.80000000e+00 3.98428497e-06
7.85000000e+00 3.97850860e-06
7.90000000e+00 3.97295790e-06
7.95000000e+00 3.96898007e-06
8.00000000e+00 3.96760527e-06
8.05000000e+00 3.96935573e-06
8.10000000e+00 3.97418037e-06
8.15000000e+00 3.98152963e-06
8.20000000e+00 3.99055167e-06
8.25000000e+00 4.00036597e-06
8.30000000e+00 4.01033877e-06
8.35000000e+00 4.02028253e-06
8.40000000e+00 4.03051653e-06
8.45000000e+00 4.04176700e-06
8.50000000e+00 4.05493173e-06
8.55000000e+00 4.07077647e-06
8.60000000e+00 4.08964643e-06
8.65000000e+00 4.11127140e-06
8.70000000e+00 4.13471680e-06
8.75000000e+00 4.15849437e-06
8.80000000e+00 4.18081453e-06
8.85000000e+00 4.19991263e-06
8.90000000e+00 4.21436017e-06
8.95000000e+00 4.22326307e-06
9.00000000e+00 4.22628800e-06
9.05000000e+00 4.22351033e-06
9.10000000e+00 4.21515273e-06
9.15000000e+00 4.20131620e-06
9.20000000e+00 4.18181760e-06
9.25000000e+00 4.15620170e-06
9.30000000e+00 4.12393407e-06
9.35000000e+00 4.08470740e-06
9.40000000e+00 4.03874707e-06
9.45000000e+00 3.98698923e-06
9.50000000e+00 3.93104913e-06
9.55000000e+00 3.87297460e-06
9.60000000e+00 3.81485590e-06
9.65000000e+00 3.75840713e-06
9.70000000e+00 3.70463567e-06
9.75000000e+00 3.65368177e-06
9.80000000e+00 3.60486570e-06
9.85000000e+00 3.55692610e-06
9.90000000e+00 3.50839023e-06
9.95000000e+00 3.45797500e-06
1.00000000e+01 3.40490170e-06
1.00500000e+01 3.34903113e-06
1.01000000e+01 3.29078370e-06
1.01500000e+01 3.23089173e-06
1.02000000e+01 3.17008627e-06
1.02500000e+01 3.10883813e-06
1.03000000e+01 3.04724063e-06
1.03500000e+01 2.98506430e-06
1.04000000e+01 2.92194813e-06
1.04500000e+01 2.85764087e-06
1.05000000e+01 2.79218657e-06
1.05500000e+01 2.72596953e-06
1.06000000e+01 2.65959030e-06
1.06500000e+01 2.59361680e-06
1.07000000e+01 2.52830910e-06
1.07500000e+01 2.46342787e-06
1.08000000e+01 2.39821337e-06
1.08500000e+01 2.33155800e-06
1.09000000e+01 2.26232430e-06
1.09500000e+01 2.18969367e-06
1.10000000e+01 2.11341090e-06
1.10500000e+01 2.03382810e-06
1.11000000e+01 1.95174813e-06
1.11500000e+01 1.86816030e-06
1.12000000e+01 1.78400103e-06
1.12500000e+01 1.70003957e-06
1.13000000e+01 1.61690697e-06
1.13500000e+01 1.53520557e-06
1.14000000e+01 1.45560777e-06
1.14500000e+01 1.37887670e-06
1.15000000e+01 1.30580247e-06
1.15500000e+01 1.23709650e-06
1.16000000e+01 1.17329840e-06
1.16500000e+01 1.11472870e-06
1.17000000e+01 1.06149107e-06
1.17500000e+01 1.01350897e-06
1.18000000e+01 9.70576427e-07
1.18500000e+01 9.32408840e-07
1.19000000e+01 8.98684453e-07
1.19500000e+01 8.69075410e-07
1.20000000e+01 8.43268143e-07
1.20500000e+01 8.20976047e-07
1.21000000e+01 8.01946140e-07
1.21500000e+01 7.85962187e-07
1.22000000e+01 7.72845397e-07
1.22500000e+01 7.62453943e-07
1.23000000e+01 7.54682050e-07
1.23500000e+01 7.49458993e-07
1.24000000e+01 7.46748373e-07
1.24500000e+01 7.46547807e-07
1.25000000e+01 7.48889223e-07
1.25500000e+01 7.53839673e-07
1.26000000e+01 7.61502920e-07
1.26500000e+01 7.72021483e-07
1.27000000e+01 7.85579497e-07
1.27500000e+01 8.02405820e-07
1.28000000e+01 8.22777623e-07
1.28500000e+01 8.47023673e-07
1.29000000e+01 8.75526890e-07
1.29500000e+01 9.08725020e-07
1.30000000e+01 9.47107590e-07
1.30500000e+01 9.91206727e-07
1.31000000e+01 1.04157828e-06
1.31500000e+01 1.09876800e-06
1.32000000e+01 1.16325763e-06
1.32500000e+01 1.23538557e-06
1.33000000e+01 1.31523910e-06
1.33500000e+01 1.40252367e-06
1.34000000e+01 1.49642593e-06
1.34500000e+01 1.59550320e-06
1.35000000e+01 1.69764043e-06
1.35500000e+01 1.80010917e-06
1.36000000e+01 1.89972883e-06
1.36500000e+01 1.99309240e-06
1.37000000e+01 2.07680367e-06
1.37500000e+01 2.14771550e-06
1.38000000e+01 2.20321487e-06
1.38500000e+01 2.24159837e-06
1.39000000e+01 2.26248563e-06
1.39500000e+01 2.26709660e-06
1.40000000e+01 2.25819760e-06
1.40500000e+01 2.23965177e-06
1.41000000e+01 2.21570150e-06
1.41500000e+01 2.19022407e-06
1.42000000e+01 2.16617687e-06
1.42500000e+01 2.14533693e-06
1.43000000e+01 2.12832827e-06
1.43500000e+01 2.11486317e-06
1.44000000e+01 2.10409540e-06
1.44500000e+01 2.09497713e-06
1.45000000e+01 2.08652607e-06
1.45500000e+01 2.07793863e-06
1.46000000e+01 2.06854340e-06
1.46500000e+01 2.05764817e-06
1.47000000e+01 2.04437897e-06
1.47500000e+01 2.02761157e-06
1.48000000e+01 2.00606443e-06
1.48500000e+01 1.97855257e-06
1.49000000e+01 1.94432960e-06
1.49500000e+01 1.90339167e-06
1.50000000e+01 1.85661830e-06
1.50500000e+01 1.80569357e-06
1.51000000e+01 1.75283970e-06
1.51500000e+01 1.70046710e-06
1.52000000e+01 1.65084947e-06
1.52500000e+01 1.60589967e-06
1.53000000e+01 1.56706050e-06
1.53500000e+01 1.53528973e-06
1.54000000e+01 1.51109943e-06
1.54500000e+01 1.49461500e-06
1.55000000e+01 1.48562783e-06
1.55500000e+01 1.48362987e-06
1.56000000e+01 1.48782793e-06
1.56500000e+01 1.49714560e-06
1.57000000e+01 1.51022673e-06
1.57500000e+01 1.52546203e-06
1.58000000e+01 1.54106157e-06
1.58500000e+01 1.55518813e-06
1.59000000e+01 1.56615100e-06
1.59500000e+01 1.57262987e-06
1.60000000e+01 1.57387557e-06
1.60500000e+01 1.56982363e-06
1.61000000e+01 1.56107757e-06
1.61500000e+01 1.54876097e-06
1.62000000e+01 1.53428097e-06
1.62500000e+01 1.51906927e-06
1.63000000e+01 1.50436190e-06
1.63500000e+01 1.49105497e-06
1.64000000e+01 1.47964713e-06
1.64500000e+01 1.47025957e-06
1.65000000e+01 1.46271487e-06
1.65500000e+01 1.45665163e-06
1.66000000e+01 1.45165163e-06
1.66500000e+01 1.44735420e-06
1.67000000e+01 1.44353790e-06
1.67500000e+01 1.44015467e-06
1.68000000e+01 1.43731277e-06
1.68500000e+01 1.43521857e-06
1.69000000e+01 1.43409567e-06
1.69500000e+01 1.43410617e-06
1.70000000e+01 1.43529457e-06
1.70500000e+01 1.43757053e-06
1.71000000e+01 1.44073303e-06
1.71500000e+01 1.44453077e-06
1.72000000e+01 1.44873710e-06
1.72500000e+01 1.45321957e-06
1.73000000e+01 1.45797627e-06
1.73500000e+01 1.46312587e-06
1.74000000e+01 1.46884893e-06
1.74500000e+01 1.47529537e-06
1.75000000e+01 1.48248127e-06
1.75500000e+01 1.49020510e-06
1.76000000e+01 1.49800800e-06
1.76500000e+01 1.50519727e-06
1.77000000e+01 1.51093617e-06
1.77500000e+01 1.51439067e-06
1.78000000e+01 1.51490010e-06
1.78500000e+01 1.51212790e-06
1.79000000e+01 1.50614783e-06
1.79500000e+01 1.49743797e-06
1.80000000e+01 1.48678663e-06
1.80500000e+01 1.47513850e-06
1.81000000e+01 1.46342610e-06
1.81500000e+01 1.45242763e-06
1.82000000e+01 1.44267467e-06
1.82500000e+01 1.43441767e-06
1.83000000e+01 1.42764510e-06
1.83500000e+01 1.42213947e-06
1.84000000e+01 1.41755570e-06
1.84500000e+01 1.41350143e-06
1.85000000e+01 1.40960623e-06
1.85500000e+01 1.40556700e-06
1.86000000e+01 1.40116797e-06
1.86500000e+01 1.39627777e-06
1.87000000e+01 1.39083600e-06
1.87500000e+01 1.38483953e-06
1.88000000e+01 1.37833650e-06
1.88500000e+01 1.37143040e-06
1.89000000e+01 1.36428990e-06
1.89500000e+01 1.35715510e-06
1.90000000e+01 1.35033063e-06
1.90500000e+01 1.34416173e-06
1.91000000e+01 1.33899277e-06
1.91500000e+01 1.33511773e-06
1.92000000e+01 1.33272900e-06
1.92500000e+01 1.33188137e-06
1.93000000e+01 1.33247710e-06
1.93500000e+01 1.33428137e-06
1.94000000e+01 1.33696507e-06
1.94500000e+01 1.34017360e-06
1.95000000e+01 1.34360487e-06
1.95500000e+01 1.34707887e-06
1.96000000e+01 1.35058027e-06
1.96500000e+01 1.35425940e-06
1.97000000e+01 1.35838977e-06
1.97500000e+01 1.36329167e-06
1.98000000e+01 1.36924187e-06
1.98500000e+01 1.37639020e-06
1.99000000e+01 1.38470307e-06
1.99500000e+01 1.39394507e-06
2.00000000e+01 1.40370510e-06
2.00500000e+01 1.41346113e-06
2.01000000e+01 1.42267300e-06
2.01500000e+01 1.43088237e-06
2.02000000e+01 1.43779443e-06
2.02500000e+01 1.44332303e-06
2.03000000e+01 1.44758577e-06
2.03500000e+01 1.45085527e-06
2.04000000e+01 1.45348330e-06
2.04500000e+01 1.45582310e-06
2.05000000e+01 1.45816923e-06
2.05500000e+01 1.46072940e-06
2.06000000e+01 1.46362617e-06
2.06500000e+01 1.46692080e-06
2.07000000e+01 1.47064283e-06
2.07500000e+01 1.47481297e-06
2.08000000e+01 1.47944880e-06
2.08500000e+01 1.48455237e-06
2.09000000e+01 1.49008610e-06
2.09500000e+01 1.49594563e-06
2.10000000e+01 1.50194570e-06
2.10500000e+01 1.50782557e-06
2.11000000e+01 1.51327970e-06
2.11500000e+01 1.51801073e-06
2.12000000e+01 1.52179073e-06
2.12500000e+01 1.52451477e-06
2.13000000e+01 1.52623347e-06
2.13500000e+01 1.52715043e-06
2.14000000e+01 1.52758843e-06
2.14500000e+01 1.52793213e-06
2.15000000e+01 1.52856350e-06
2.15500000e+01 1.52980440e-06
2.16000000e+01 1.53187973e-06
2.16500000e+01 1.53490670e-06
2.17000000e+01 1.53890623e-06
2.17500000e+01 1.54383137e-06
2.18000000e+01 1.54959910e-06
2.18500000e+01 1.55611570e-06
2.19000000e+01 1.56328753e-06
2.19500000e+01 1.57101657e-06
2.20000000e+01 1.57918563e-06
2.20500000e+01 1.58764357e-06
2.21000000e+01 1.59619787e-06
2.21500000e+01 1.60462457e-06
2.22000000e+01 1.61269280e-06
2.22500000e+01 1.62020270e-06
2.23000000e+01 1.62702213e-06
2.23500000e+01 1.63311410e-06
2.24000000e+01 1.63854483e-06
2.24500000e+01 1.64346820e-06
2.25000000e+01 1.64809197e-06
2.25500000e+01 1.65263440e-06
2.26000000e+01 1.65728313e-06
2.26500000e+01 1.66216637e-06
2.27000000e+01 1.66734093e-06
2.27500000e+01 1.67279717e-06
2.28000000e+01 1.67847650e-06
2.28500000e+01 1.68429373e-06
2.29000000e+01 1.69015823e-06
2.29500000e+01 1.69599003e-06
2.30000000e+01 1.70173080e-06
2.30500000e+01 1.70735343e-06
2.31000000e+01 1.71287217e-06
2.31500000e+01 1.71835583e-06
2.32000000e+01 1.72394067e-06
2.32500000e+01 1.72983683e-06
2.33000000e+01 1.73632257e-06
2.33500000e+01 1.74371950e-06
2.34000000e+01 1.75235063e-06
2.34500000e+01 1.76248687e-06
2.35000000e+01 1.77429120e-06
2.35500000e+01 1.78777713e-06
2.36000000e+01 1.80278660e-06
2.36500000e+01 1.81899903e-06
2.37000000e+01 1.83596643e-06
2.37500000e+01 1.85316943e-06
2.38000000e+01 1.87008250e-06
2.38500000e+01 1.88623163e-06
2.39000000e+01 1.90123673e-06
2.39500000e+01 1.91482627e-06
2.40000000e+01 1.92683083e-06
2.40500000e+01 1.93715903e-06
2.41000000e+01 1.94577350e-06
2.41500000e+01 1.95267327e-06
2.42000000e+01 1.95789543e-06
2.42500000e+01 1.96152903e-06
2.43000000e+01 1.96373473e-06
2.43500000e+01 1.96475657e-06
2.44000000e+01 1.96491527e-06
2.44500000e+01 1.96457980e-06
2.45000000e+01 1.96411803e-06
2.45500000e+01 1.96384200e-06
2.46000000e+01 1.96395753e-06
2.46500000e+01 1.96453490e-06
2.47000000e+01 1.96550300e-06
2.47500000e+01 1.96666943e-06
2.48000000e+01 1.96775813e-06
2.48500000e+01 1.96845400e-06
2.49000000e+01 1.96844733e-06
2.49500000e+01 1.96746980e-06
2.50000000e+01 1.96532160e-06
2.50500000e+01 1.96188813e-06
2.51000000e+01 1.95714833e-06
2.51500000e+01 1.95117347e-06
2.52000000e+01 1.94411713e-06
2.52500000e+01 1.93619757e-06
2.53000000e+01 1.92767070e-06
2.53500000e+01 1.91880337e-06
2.54000000e+01 1.90985110e-06
2.54500000e+01 1.90104487e-06
2.55000000e+01 1.89259183e-06
2.55500000e+01 1.88468543e-06
2.56000000e+01 1.87752017e-06
2.56500000e+01 1.87129997e-06
2.57000000e+01 1.86623353e-06
2.57500000e+01 1.86251890e-06
2.58000000e+01 1.86031243e-06
2.58500000e+01 1.85969793e-06
2.59000000e+01 1.86066113e-06
2.59500000e+01 1.86307717e-06
2.60000000e+01 1.86671427e-06
2.60500000e+01 1.87125567e-06
2.61000000e+01 1.87633360e-06
2.61500000e+01 1.88157673e-06
2.62000000e+01 1.88665683e-06
2.62500000e+01 1.89133997e-06
2.63000000e+01 1.89552413e-06
2.63500000e+01 1.89926223e-06
2.64000000e+01 1.90275970e-06
2.64500000e+01 1.90633887e-06
2.65000000e+01 1.91037900e-06
2.65500000e+01 1.91523107e-06
2.66000000e+01 1.92113640e-06
2.66500000e+01 1.92816080e-06
2.67000000e+01 1.93616843e-06
2.67500000e+01 1.94484210e-06
2.68000000e+01 1.95374683e-06
2.68500000e+01 1.96242017e-06
2.69000000e+01 1.97045917e-06
2.69500000e+01 1.97758237e-06
2.70000000e+01 1.98364740e-06
2.70500000e+01 1.98862990e-06
2.71000000e+01 1.99258787e-06
2.71500000e+01 1.99562887e-06
2.72000000e+01 1.99790350e-06
2.72500000e+01 1.99961703e-06
2.73000000e+01 2.00103943e-06
2.73500000e+01 2.00250157e-06
2.74000000e+01 2.00435320e-06
2.74500000e+01 2.00690163e-06
2.75000000e+01 2.01034227e-06
2.75500000e+01 2.01471213e-06
2.76000000e+01 2.01988453e-06
2.76500000e+01 2.02559737e-06
2.77000000e+01 2.03151457e-06
2.77500000e+01 2.03727743e-06
2.78000000e+01 2.04254733e-06
2.78500000e+01 2.04701800e-06
2.79000000e+01 2.05042343e-06
2.79500000e+01 2.05255417e-06
2.80000000e+01 2.05328740e-06
2.80500000e+01 2.05263743e-06
2.81000000e+01 2.05078637e-06
2.81500000e+01 2.04808760e-06
2.82000000e+01 2.04501347e-06
2.82500000e+01 2.04207080e-06
2.83000000e+01 2.03970210e-06
2.83500000e+01 2.03820503e-06
2.84000000e+01 2.03770103e-06
2.84500000e+01 2.03815470e-06
2.85000000e+01 2.03943620e-06
2.85500000e+01 2.04140210e-06
2.86000000e+01 2.04396537e-06
2.86500000e+01 2.04713130e-06
2.87000000e+01 2.05098323e-06
2.87500000e+01 2.05563613e-06
2.88000000e+01 2.06117507e-06
2.88500000e+01 2.06760457e-06
2.89000000e+01 2.07483433e-06
2.89500000e+01 2.08269663e-06
2.90000000e+01 2.09098013e-06
2.90500000e+01 2.09945153e-06
2.91000000e+01 2.10785463e-06
2.91500000e+01 2.11588430e-06
2.92000000e+01 2.12315183e-06
2.92500000e+01 2.12917703e-06
2.93000000e+01 2.13340420e-06
2.93500000e+01 2.13525503e-06
2.94000000e+01 2.13418907e-06
2.94500000e+01 2.12976627e-06
2.95000000e+01 2.12169170e-06
2.95500000e+01 2.10984250e-06
2.96000000e+01 2.09427683e-06
2.96500000e+01 2.07521663e-06
2.97000000e+01 2.05302567e-06
2.97500000e+01 2.02817987e-06
2.98000000e+01 2.00123867e-06
2.98500000e+01 1.97281360e-06
2.99000000e+01 1.94352010e-06
2.99500000e+01 1.91392017e-06
3.00000000e+01 1.88446290e-06
3.00500000e+01 1.85544960e-06
3.01000000e+01 1.82702910e-06
3.01500000e+01 1.79921283e-06
3.02000000e+01 1.77189943e-06
3.02500000e+01 1.74489777e-06
3.03000000e+01 1.71794960e-06
3.03500000e+01 1.69075890e-06
3.04000000e+01 1.66302163e-06
3.04500000e+01 1.63446313e-06
3.05000000e+01 1.60487340e-06
3.05500000e+01 1.57414943e-06
3.06000000e+01 1.54231937e-06
3.06500000e+01 1.50954520e-06
3.07000000e+01 1.47608820e-06
3.07500000e+01 1.44224920e-06
3.08000000e+01 1.40830457e-06
3.08500000e+01 1.37445933e-06
3.09000000e+01 1.34082577e-06
3.09500000e+01 1.30741727e-06
3.10000000e+01 1.27416093e-06
3.10500000e+01 1.24090467e-06
3.11000000e+01 1.20742500e-06
3.11500000e+01 1.17344227e-06
3.12000000e+01 1.13864897e-06
3.12500000e+01 1.10275807e-06
3.13000000e+01 1.06554807e-06
3.13500000e+01 1.02690707e-06
3.14000000e+01 9.84138560e-07
3.14500000e+01 9.45059407e-07
3.15000000e+01 9.08022890e-07
3.15500000e+01 8.75327083e-07
3.16000000e+01 8.46494043e-07
3.16500000e+01 8.12718580e-07
3.17000000e+01 7.89294803e-07
3.17500000e+01 7.68686273e-07
3.18000000e+01 7.39463723e-07
3.18500000e+01 7.23071447e-07
3.19000000e+01 7.20836967e-07
3.19500000e+01 6.96757077e-07
3.20000000e+01 6.85112530e-07
3.20500000e+01 6.74526967e-07
3.21000000e+01 6.53707007e-07
3.21500000e+01 6.45120100e-07
3.22000000e+01 6.37190990e-07
3.22500000e+01 6.19050577e-07
3.23000000e+01 6.12557983e-07
3.23500000e+01 6.06469583e-07
3.24000000e+01 5.90511417e-07
3.24500000e+01 5.85469503e-07
3.25000000e+01 5.92244333e-07
3.25500000e+01 5.78247017e-07
3.26000000e+01 5.73892827e-07
3.26500000e+01 5.60825810e-07
3.27000000e+01 5.57114150e-07
3.27500000e+01 5.53514323e-07
3.28000000e+01 5.41712713e-07
3.28500000e+01 5.38609527e-07
3.29000000e+01 5.35571003e-07
3.29500000e+01 5.24835753e-07
3.30000000e+01 5.22187900e-07
3.30500000e+01 5.21996060e-07
3.31000000e+01 5.19429437e-07
3.31500000e+01 5.16890653e-07
3.32000000e+01 5.07616880e-07
3.32500000e+01 5.05354670e-07
3.33000000e+01 5.03104303e-07
3.33500000e+01 4.94528780e-07
3.34000000e+01 4.92505983e-07
3.34500000e+01 4.84343693e-07
3.35000000e+01 4.82518910e-07
3.35500000e+01 4.74738473e-07
3.36000000e+01 4.73086420e-07
3.36500000e+01 4.79546160e-07
3.37000000e+01 4.72282157e-07
3.37500000e+01 4.70596723e-07
3.38000000e+01 4.63642453e-07
3.38500000e+01 4.62092200e-07
3.39000000e+01 4.60527813e-07
3.39500000e+01 4.53996220e-07
3.40000000e+01 4.52548097e-07
3.40500000e+01 4.46276087e-07
3.41000000e+01 4.44931550e-07
3.41500000e+01 4.38902627e-07
3.42000000e+01 4.37650497e-07
3.42500000e+01 4.43355197e-07
3.43000000e+01 4.37642940e-07
3.43500000e+01 4.36333147e-07
3.44000000e+01 4.30826107e-07
3.44500000e+01 4.29593810e-07
3.45000000e+01 4.24280207e-07
3.45500000e+01 4.23117847e-07
3.46000000e+01 4.17986770e-07
3.46500000e+01 4.16887803e-07
3.47000000e+01 4.11929157e-07
3.47500000e+01 4.10887590e-07
3.48000000e+01 4.09825820e-07
3.48500000e+01 4.05102577e-07
3.49000000e+01 4.10181957e-07
3.49500000e+01 4.05589757e-07
3.50000000e+01 4.04539237e-07
3.50500000e+01 4.00088893e-07
3.51000000e+01 3.99084550e-07
3.51500000e+01 3.94768997e-07
3.52000000e+01 3.93806960e-07
3.52500000e+01 3.89619670e-07
3.53000000e+01 3.88696477e-07
3.53500000e+01 3.84631320e-07
3.54000000e+01 3.83743863e-07
3.54500000e+01 3.79795107e-07
3.55000000e+01 3.78940553e-07
3.55500000e+01 3.83464557e-07
3.56000000e+01 3.79655223e-07
3.56500000e+01 3.78746500e-07
3.57000000e+01 3.75040607e-07
3.57500000e+01 3.74162223e-07
3.58000000e+01 3.70555297e-07
3.58500000e+01 3.69705087e-07
3.59000000e+01 3.66192847e-07
3.59500000e+01 3.65368840e-07
3.60000000e+01 3.61947353e-07
3.60500000e+01 3.61147687e-07
3.61000000e+01 3.57813177e-07
3.61500000e+01 3.57036253e-07
3.62000000e+01 3.53785217e-07
3.62500000e+01 3.57855297e-07
3.63000000e+01 3.54665347e-07
3.63500000e+01 3.53877113e-07
3.64000000e+01 3.50764127e-07
3.64500000e+01 3.49996023e-07
3.65000000e+01 3.46957097e-07
3.65500000e+01 3.46207840e-07
3.66000000e+01 3.43240187e-07
3.66500000e+01 3.42508650e-07
3.67000000e+01 3.39609527e-07
3.67500000e+01 3.38894723e-07
3.68000000e+01 3.36061640e-07
3.68500000e+01 3.35362497e-07
3.69000000e+01 3.32593117e-07
3.69500000e+01 3.34245910e-07
3.70000000e+01 3.33544803e-07
3.70500000e+01 3.30853027e-07
3.71000000e+01 3.30166120e-07
3.71500000e+01 3.27532597e-07
3.72000000e+01 3.26859103e-07
3.72500000e+01 3.24281897e-07
3.73000000e+01 3.23621080e-07
3.73500000e+01 3.21098223e-07
3.74000000e+01 3.20449477e-07
3.74500000e+01 3.17979170e-07
3.75000000e+01 3.17341837e-07
3.75500000e+01 3.14922323e-07
3.76000000e+01 3.14295903e-07
3.76500000e+01 3.11925577e-07
3.77000000e+01 3.15271403e-07
3.77500000e+01 3.12932353e-07
3.78000000e+01 3.12291920e-07
3.78500000e+01 3.09999150e-07
3.79000000e+01 3.07732323e-07
3.79500000e+01 3.07120983e-07
3.80000000e+01 3.04898200e-07
3.80500000e+01 3.04296057e-07
3.81000000e+01 3.02116010e-07
3.81500000e+01 3.01522643e-07
3.82000000e+01 2.99384010e-07
3.82500000e+01 2.98798997e-07
3.83000000e+01 2.96700583e-07
3.83500000e+01 2.96123657e-07
3.84000000e+01 2.94064257e-07
3.84500000e+01 2.95667840e-07
3.85000000e+01 2.95085493e-07
3.85500000e+01 2.93070650e-07
3.86000000e+01 2.92495920e-07
3.86500000e+01 2.90517417e-07
3.87000000e+01 2.89949980e-07
3.87500000e+01 2.88006867e-07
3.88000000e+01 2.87446487e-07
3.88500000e+01 2.85537760e-07
3.89000000e+01 2.84984143e-07
3.89500000e+01 2.83108820e-07
3.90000000e+01 2.81252600e-07
3.90500000e+01 2.80718963e-07
3.91000000e+01 2.78894757e-07
3.91500000e+01 2.78367087e-07
3.92000000e+01 2.76574057e-07
3.92500000e+01 2.79381243e-07
3.93000000e+01 2.77605047e-07
3.93500000e+01 2.75846233e-07
3.94000000e+01 2.75318387e-07
3.94500000e+01 2.73588887e-07
3.95000000e+01 2.73066580e-07
3.95500000e+01 2.71365607e-07
3.96000000e+01 2.70848663e-07
3.96500000e+01 2.69175490e-07
3.97000000e+01 2.68663803e-07
3.97500000e+01 2.67017723e-07
3.98000000e+01 2.65387207e-07
3.98500000e+01 2.64891403e-07
3.99000000e+01 2.63286980e-07
3.99500000e+01 2.62795847e-07
4.00000000e+01 2.61216830e-07
4.00500000e+01 2.60730170e-07
4.01000000e+01 2.62238037e-07
4.01500000e+01 2.60685887e-07
4.02000000e+01 2.60193493e-07
4.02500000e+01 2.58665363e-07
4.03000000e+01 2.58177387e-07
4.03500000e+01 2.56672717e-07
4.04000000e+01 2.55181573e-07
4.04500000e+01 2.54707313e-07
4.05000000e+01 2.53238747e-07
4.05500000e+01 2.52768467e-07
4.06000000e+01 2.51321993e-07
4.06500000e+01 2.50855647e-07
4.07000000e+01 2.49430750e-07
4.07500000e+01 2.48018307e-07
4.08000000e+01 2.47564373e-07
4.08500000e+01 2.46172767e-07
4.09000000e+01 2.45722343e-07
4.09500000e+01 2.47183097e-07
4.10000000e+01 2.45812523e-07
4.10500000e+01 2.45356537e-07
4.11000000e+01 2.44005743e-07
4.11500000e+01 2.43553287e-07
4.12000000e+01 2.42221807e-07
4.12500000e+01 2.40901557e-07
4.13000000e+01 2.40460270e-07
4.13500000e+01 2.39158717e-07
4.14000000e+01 2.38720643e-07
4.14500000e+01 2.37437357e-07
4.15000000e+01 2.37002463e-07
4.15500000e+01 2.35737093e-07
4.16000000e+01 2.34482120e-07
4.16500000e+01 2.34057440e-07
4.17000000e+01 2.32819773e-07
4.17500000e+01 2.32398020e-07
4.18000000e+01 2.33809540e-07
4.18500000e+01 2.32588630e-07
4.19000000e+01 2.32161630e-07
4.19500000e+01 2.30957247e-07
4.20000000e+01 2.30533193e-07
4.20500000e+01 2.29345007e-07
4.21000000e+01 2.28166217e-07
4.21500000e+01 2.27751503e-07
4.22000000e+01 2.26588387e-07
4.22500000e+01 2.26176423e-07
4.23000000e+01 2.25028673e-07
4.23500000e+01 2.23889860e-07
4.24000000e+01 2.23486677e-07
4.24500000e+01 2.22362767e-07
4.25000000e+01 2.21247547e-07
4.25500000e+01 2.20852803e-07
4.26000000e+01 2.19751993e-07
4.26500000e+01 2.19359657e-07
4.27000000e+01 2.18273023e-07
4.27500000e+01 2.19633737e-07
4.28000000e+01 2.19236473e-07
4.28500000e+01 2.18162793e-07
4.29000000e+01 2.17767970e-07
4.29500000e+01 2.16707880e-07
4.30000000e+01 2.15655687e-07
4.30500000e+01 2.15268650e-07
4.31000000e+01 2.14229620e-07
4.31500000e+01 2.13198300e-07
4.32000000e+01 2.12818807e-07
4.32500000e+01 2.11800253e-07
4.33000000e+01 2.11422920e-07
4.33500000e+01 2.10416920e-07
4.34000000e+01 2.09418267e-07
4.34500000e+01 2.09048067e-07
4.35000000e+01 2.08061593e-07
4.35500000e+01 2.07693420e-07
4.36000000e+01 2.06718930e-07
4.36500000e+01 2.05751433e-07
4.37000000e+01 2.07657107e-07
4.37500000e+01 2.06693020e-07
4.38000000e+01 2.05735813e-07
4.38500000e+01 2.05369870e-07
4.39000000e+01 2.04424050e-07
4.39500000e+01 2.04060123e-07
4.40000000e+01 2.03125487e-07
4.40500000e+01 2.02197413e-07
4.41000000e+01 2.01839943e-07
4.41500000e+01 2.00922753e-07
4.42000000e+01 2.00011913e-07
4.42500000e+01 1.99660657e-07
4.43000000e+01 1.98760430e-07
4.43500000e+01 1.98410993e-07
4.44000000e+01 1.97521180e-07
4.44500000e+01 1.96637463e-07
4.45000000e+01 1.96293957e-07
4.45500000e+01 1.95420383e-07
4.46000000e+01 1.94552750e-07
4.46500000e+01 1.94214973e-07
4.47000000e+01 1.95468580e-07
4.47500000e+01 1.94609183e-07
4.48000000e+01 1.94267243e-07
4.48500000e+01 1.93417513e-07
4.49000000e+01 1.93077280e-07
4.49500000e+01 1.92237070e-07
4.50000000e+01 1.91402467e-07
4.50500000e+01 1.91067747e-07
4.51000000e+01 1.90242420e-07
4.51500000e+01 1.89422510e-07
4.52000000e+01 1.89093137e-07
4.52500000e+01 1.88282297e-07
4.53000000e+01 1.87476733e-07
4.53500000e+01 1.87152523e-07
4.54000000e+01 1.86355780e-07
4.54500000e+01 1.86033093e-07
4.55000000e+01 1.85245043e-07
4.55500000e+01 1.84462070e-07
4.56000000e+01 1.84144343e-07
4.56500000e+01 1.83369833e-07
4.57000000e+01 1.84574190e-07
4.57500000e+01 1.84252643e-07
4.58000000e+01 1.83484633e-07
4.58500000e+01 1.82721473e-07
4.59000000e+01 1.82404793e-07
4.59500000e+01 1.81649773e-07
4.60000000e+01 1.80899493e-07
4.60500000e+01 1.80587500e-07
4.61000000e+01 1.79845140e-07
4.61500000e+01 1.79107423e-07
4.62000000e+01 1.78800020e-07
4.62500000e+01 1.78070030e-07
4.63000000e+01 1.77763983e-07
4.63500000e+01 1.77041603e-07
4.64000000e+01 1.76323690e-07
4.64500000e+01 1.76022060e-07
4.65000000e+01 1.75311560e-07
4.65500000e+01 1.74605427e-07
4.66000000e+01 1.74308083e-07
4.66500000e+01 1.73609213e-07
4.67000000e+01 1.72914583e-07
4.67500000e+01 1.72621397e-07
4.68000000e+01 1.73771933e-07
4.68500000e+01 1.73082460e-07
4.69000000e+01 1.72785800e-07
4.69500000e+01 1.72103323e-07
4.70000000e+01 1.71424923e-07
4.70500000e+01 1.71132343e-07
4.71000000e+01 1.70460777e-07
4.71500000e+01 1.69793197e-07
4.72000000e+01 1.69504593e-07
4.72500000e+01 1.68843670e-07
4.73000000e+01 1.68186663e-07
4.73500000e+01 1.67901963e-07
4.74000000e+01 1.67251463e-07
4.74500000e+01 1.66604773e-07
4.75000000e+01 1.66323860e-07
4.75500000e+01 1.65683553e-07
4.76000000e+01 1.65046967e-07
4.76500000e+01 1.64769750e-07
4.77000000e+01 1.64139390e-07
4.77500000e+01 1.63512690e-07
4.78000000e+01 1.63239083e-07
4.78500000e+01 1.62618463e-07
4.79000000e+01 1.63720823e-07
4.79500000e+01 1.63443990e-07
4.80000000e+01 1.62827420e-07
4.80500000e+01 1.62214353e-07
4.81000000e+01 1.61941077e-07
4.81500000e+01 1.61333883e-07
4.82000000e+01 1.60730137e-07
4.82500000e+01 1.60460337e-07
4.83000000e+01 1.59862343e-07
4.83500000e+01 1.59267707e-07
4.84000000e+01 1.59001270e-07
4.84500000e+01 1.58412270e-07
4.85000000e+01 1.57826570e-07
4.85500000e+01 1.57563463e-07
4.86000000e+01 1.56983247e-07
4.86500000e+01 1.56406267e-07
4.87000000e+01 1.56146390e-07
4.87500000e+01 1.55574813e-07
4.88000000e+01 1.55006383e-07
4.88500000e+01 1.54749667e-07
4.89000000e+01 1.54186510e-07
4.89500000e+01 1.53626457e-07
4.90000000e+01 1.53372840e-07
4.90500000e+01 1.54425690e-07
4.91000000e+01 1.53868827e-07
4.91500000e+01 1.53612287e-07
4.92000000e+01 1.53060533e-07
4.92500000e+01 1.52511770e-07
4.93000000e+01 1.52258280e-07
4.93500000e+01 1.51714510e-07
4.94000000e+01 1.51173680e-07
4.94500000e+01 1.50923177e-07
4.95000000e+01 1.50387237e-07
4.95500000e+01 1.49854157e-07
4.96000000e+01 1.49606593e-07
4.96500000e+01 1.49078323e-07
4.97000000e+01 1.48552853e-07
4.97500000e+01 1.48030167e-07
4.98000000e+01 1.47787383e-07
4.98500000e+01 1.47269377e-07
4.99000000e+01 1.46754097e-07
4.99500000e+01 1.46514093e-07
5.00000000e+01 1.46003380e-07
5.00500000e+01 1.45495357e-07
5.01000000e+01 1.45258067e-07
5.01500000e+01 1.44754523e-07
5.02000000e+01 1.44253600e-07
5.02500000e+01 1.44018963e-07
5.03000000e+01 1.45021887e-07
5.03500000e+01 1.44523427e-07
5.04000000e+01 1.44286140e-07
5.04500000e+01 1.43792027e-07
5.05000000e+01 1.43300470e-07
5.05500000e+01 1.43065807e-07
5.06000000e+01 1.42578517e-07
5.06500000e+01 1.42093710e-07
5.07000000e+01 1.41611370e-07
5.07500000e+01 1.41381017e-07
5.08000000e+01 1.40902840e-07
5.08500000e+01 1.40427090e-07
5.09000000e+01 1.40199237e-07
5.09500000e+01 1.39727553e-07
5.10000000e+01 1.39258260e-07
5.10500000e+01 1.39032867e-07
5.11000000e+01 1.38567570e-07
5.11500000e+01 1.38104600e-07
5.12000000e+01 1.37881613e-07
5.12500000e+01 1.37422577e-07
5.13000000e+01 1.36965830e-07
5.13500000e+01 1.36511353e-07
5.14000000e+01 1.36292297e-07
5.14500000e+01 1.35841640e-07
5.15000000e+01 1.35393230e-07
5.15500000e+01 1.36579840e-07
5.16000000e+01 1.36131073e-07
5.16500000e+01 1.35684530e-07
5.17000000e+01 1.35465350e-07
5.17500000e+01 1.35022523e-07
5.18000000e+01 1.34581863e-07
5.18500000e+01 1.34143347e-07
5.19000000e+01 1.33927947e-07
5.19500000e+01 1.33493057e-07
5.20000000e+01 1.33060280e-07
5.20500000e+01 1.32847083e-07
5.21000000e+01 1.32417860e-07
5.21500000e+01 1.31990723e-07
5.22000000e+01 1.31779697e-07
5.22500000e+01 1.31356050e-07
5.23000000e+01 1.30934423e-07
5.23500000e+01 1.30514840e-07
5.24000000e+01 1.30307360e-07
5.24500000e+01 1.29891167e-07
5.25000000e+01 1.29476977e-07
5.25500000e+01 1.29271560e-07
5.26000000e+01 1.28860710e-07
5.26500000e+01 1.28451807e-07
5.27000000e+01 1.28044847e-07
5.27500000e+01 1.27842817e-07
5.28000000e+01 1.27439113e-07
5.28500000e+01 1.28351847e-07
5.29000000e+01 1.28147600e-07
5.29500000e+01 1.27745323e-07
5.30000000e+01 1.27344930e-07
5.30500000e+01 1.27142683e-07
5.31000000e+01 1.26745477e-07
5.31500000e+01 1.26350117e-07
5.32000000e+01 1.25956590e-07
5.32500000e+01 1.25757600e-07
5.33000000e+01 1.25367187e-07
5.33500000e+01 1.24978583e-07
5.34000000e+01 1.24781513e-07
5.34500000e+01 1.24395953e-07
5.35000000e+01 1.24012177e-07
5.35500000e+01 1.23630157e-07
5.36000000e+01 1.23436217e-07
5.36500000e+01 1.23057177e-07
5.37000000e+01 1.22679873e-07
5.37500000e+01 1.22487773e-07
5.38000000e+01 1.22113397e-07
5.38500000e+01 1.21740730e-07
5.39000000e+01 1.21369750e-07
5.39500000e+01 1.21180640e-07
5.40000000e+01 1.20812527e-07
5.40500000e+01 1.20446087e-07
5.41000000e+01 1.20258737e-07
5.41500000e+01 1.19895093e-07
5.42000000e+01 1.20764443e-07
5.42500000e+01 1.20400713e-07
5.43000000e+01 1.20212483e-07
5.43500000e+01 1.19851530e-07
5.44000000e+01 1.19492183e-07
5.44500000e+01 1.19134450e-07
5.45000000e+01 1.18949090e-07
5.45500000e+01 1.18594063e-07
5.46000000e+01 1.18240610e-07
5.46500000e+01 1.18056940e-07
5.47000000e+01 1.17706160e-07
5.47500000e+01 1.17356923e-07
5.48000000e+01 1.17009233e-07
5.48500000e+01 1.16828313e-07
5.49000000e+01 1.16483230e-07
5.49500000e+01 1.16139657e-07
5.50000000e+01 1.15960380e-07
5.50500000e+01 1.15619363e-07
5.51000000e+01 1.15279843e-07
5.51500000e+01 1.14941810e-07
5.52000000e+01 1.14765177e-07
5.52500000e+01 1.14429647e-07
5.53000000e+01 1.14095573e-07
5.53500000e+01 1.13762953e-07
5.54000000e+01 1.13588890e-07
5.54500000e+01 1.13258720e-07
5.55000000e+01 1.12929970e-07
5.55500000e+01 1.12757447e-07
5.56000000e+01 1.12431113e-07
5.56500000e+01 1.13257117e-07
5.57000000e+01 1.12930547e-07
5.57500000e+01 1.12757153e-07
5.58000000e+01 1.12432963e-07
5.58500000e+01 1.12110160e-07
5.59000000e+01 1.11788733e-07
5.59500000e+01 1.11617823e-07
5.60000000e+01 1.11298720e-07
5.60500000e+01 1.10980983e-07
5.61000000e+01 1.10664577e-07
5.61500000e+01 1.10496100e-07
5.62000000e+01 1.10181983e-07
5.62500000e+01 1.09869180e-07
5.63000000e+01 1.09702143e-07
5.63500000e+01 1.09391597e-07
5.64000000e+01 1.09082353e-07
5.64500000e+01 1.08774400e-07
5.65000000e+01 1.08609697e-07
5.65500000e+01 1.08303947e-07
5.66000000e+01 1.07999470e-07
5.66500000e+01 1.07696263e-07
5.67000000e+01 1.07533843e-07
5.67500000e+01 1.07232790e-07
5.68000000e+01 1.06932987e-07
5.68500000e+01 1.06634420e-07
5.69000000e+01 1.06474237e-07
5.69500000e+01 1.06177773e-07
5.70000000e+01 1.05882537e-07
5.70500000e+01 1.05588520e-07
5.71000000e+01 1.05430527e-07
5.71500000e+01 1.06215087e-07
5.72000000e+01 1.05921580e-07
5.72500000e+01 1.05761883e-07
5.73000000e+01 1.05470433e-07
5.73500000e+01 1.05180167e-07
5.74000000e+01 1.04891080e-07
5.74500000e+01 1.04733550e-07
5.75000000e+01 1.04446473e-07
5.75500000e+01 1.04160563e-07
5.76000000e+01 1.03875810e-07
5.76500000e+01 1.03720377e-07
5.77000000e+01 1.03437593e-07
5.77500000e+01 1.03155952e-07
5.78000000e+01 1.02875445e-07
5.78500000e+01 1.02722082e-07
5.79000000e+01 1.02443499e-07
5.79500000e+01 1.02166035e-07
5.80000000e+01 1.01889683e-07
5.80500000e+01 1.01738341e-07
5.81000000e+01 1.01463873e-07
5.81500000e+01 1.01190502e-07
5.82000000e+01 1.00918221e-07
5.82500000e+01 1.00768862e-07
5.83000000e+01 1.00498425e-07
5.83500000e+01 1.00229068e-07
5.84000000e+01 9.99607710e-08
5.84500000e+01 9.98133547e-08
5.85000000e+01 9.95468780e-08
5.85500000e+01 9.92814467e-08
5.86000000e+01 9.90170603e-08
5.86500000e+01 9.88715437e-08
5.87000000e+01 9.96165803e-08
5.87500000e+01 9.93525143e-08
5.88000000e+01 9.90894860e-08
5.88500000e+01 9.89431530e-08
5.89000000e+01 9.86818910e-08
5.89500000e+01 9.84216490e-08
5.90000000e+01 9.81624070e-08
5.90500000e+01 9.80179373e-08
5.91000000e+01 9.77604287e-08
5.91500000e+01 9.75039167e-08
5.92000000e+01 9.72483997e-08
5.92500000e+01 9.71057467e-08
5.93000000e+01 9.68519250e-08
5.93500000e+01 9.65990797e-08
5.94000000e+01 9.63472050e-08
5.94500000e+01 9.62063470e-08
5.95000000e+01 9.59561300e-08
5.95500000e+01 9.57068753e-08
5.96000000e+01 9.54585730e-08
5.96500000e+01 9.53194713e-08
5.97000000e+01 9.50728000e-08
5.97500000e+01 9.48270653e-08
5.98000000e+01 9.45822720e-08
5.98500000e+01 9.43384017e-08
5.99000000e+01 9.42016867e-08
5.99500000e+01 9.39594073e-08
6.00000000e+01 9.37180493e-08
6.00500000e+01 9.34775977e-08
6.01000000e+01 9.33425610e-08
6.01500000e+01 9.31036690e-08
6.02000000e+01 9.28656810e-08
6.02500000e+01 9.26285833e-08
6.03000000e+01 9.34390430e-08
6.03500000e+01 9.32012343e-08
6.04000000e+01 9.29643010e-08
6.04500000e+01 9.27282670e-08
6.05000000e+01 9.25940813e-08
6.05500000e+01 9.23595623e-08
6.06000000e+01 9.21259227e-08
6.06500000e+01 9.18931413e-08
6.07000000e+01 9.16612283e-08
6.07500000e+01 9.15292757e-08
6.08000000e+01 9.12988417e-08
6.08500000e+01 9.10692660e-08
6.09000000e+01 9.08405323e-08
6.09500000e+01 9.07101523e-08
6.10000000e+01 9.04828770e-08
6.10500000e+01 9.02564310e-08
6.11000000e+01 9.00308247e-08
6.11500000e+01 8.99019917e-08
6.12000000e+01 8.96778040e-08
6.12500000e+01 8.94544467e-08
6.13000000e+01 8.92319023e-08
6.13500000e+01 8.91045783e-08
6.14000000e+01 8.88834273e-08
6.14500000e+01 8.86630920e-08
6.15000000e+01 8.84435583e-08
6.15500000e+01 8.82248147e-08
6.16000000e+01 8.80995630e-08
6.16500000e+01 8.78821950e-08
6.17000000e+01 8.76656027e-08
6.17500000e+01 8.74498007e-08
6.18000000e+01 8.73259863e-08
6.18500000e+01 8.71115400e-08
6.19000000e+01 8.68978567e-08
6.19500000e+01 8.66849420e-08
6.20000000e+01 8.73556610e-08
6.20500000e+01 8.72316623e-08
6.21000000e+01 8.70187963e-08
6.21500000e+01 8.68066953e-08
6.22000000e+01 8.65953520e-08
6.22500000e+01 8.64727613e-08
6.23000000e+01 8.62627187e-08
6.23500000e+01 8.60534340e-08
6.24000000e+01 8.58448840e-08
6.24500000e+01 8.56370703e-08
6.25000000e+01 8.55164080e-08
6.25500000e+01 8.53098790e-08
6.26000000e+01 8.51040720e-08
6.26500000e+01 8.48990017e-08
6.27000000e+01 8.47796907e-08
6.27500000e+01 8.45758697e-08
6.28000000e+01 8.43727663e-08
6.28500000e+01 8.41703683e-08
6.29000000e+01 8.39686880e-08
6.29500000e+01 8.38512340e-08
6.30000000e+01 8.36507777e-08
6.30500000e+01 8.34510237e-08
6.31000000e+01 8.32519587e-08
6.31500000e+01 8.31358093e-08
6.32000000e+01 8.29379497e-08
6.32500000e+01 8.27407840e-08
6.33000000e+01 8.25443047e-08
6.33500000e+01 8.23484993e-08
6.34000000e+01 8.22341313e-08
6.34500000e+01 8.20395077e-08
6.35000000e+01 8.18455503e-08
6.35500000e+01 8.16522737e-08
6.36000000e+01 8.14596623e-08
6.36500000e+01 8.13470197e-08
6.37000000e+01 8.11555587e-08
6.37500000e+01 8.17912117e-08
6.38000000e+01 8.15992263e-08
6.38500000e+01 8.14858567e-08
6.39000000e+01 8.12950253e-08
6.39500000e+01 8.11048293e-08
6.40000000e+01 8.09152850e-08
6.40500000e+01 8.07263970e-08
6.41000000e+01 8.06147350e-08
6.41500000e+01 8.04269520e-08
6.42000000e+01 8.02398183e-08
6.42500000e+01 8.00533197e-08
6.43000000e+01 7.98674577e-08
6.43500000e+01 7.97574420e-08
6.44000000e+01 7.95726757e-08
6.44500000e+01 7.93885300e-08
6.45000000e+01 7.92049990e-08
6.45500000e+01 7.90220950e-08
6.46000000e+01 7.89137080e-08
6.46500000e+01 7.87318730e-08
6.47000000e+01 7.85506423e-08
6.47500000e+01 7.83700363e-08
6.48000000e+01 7.82627893e-08
6.48500000e+01 7.80832320e-08
6.49000000e+01 7.79042627e-08
6.49500000e+01 7.77259013e-08
6.50000000e+01 7.75481357e-08
6.50500000e+01 7.74424560e-08
6.51000000e+01 7.72657100e-08
6.51500000e+01 7.70895630e-08
6.52000000e+01 7.69140007e-08
6.52500000e+01 7.67390263e-08
6.53000000e+01 7.66348713e-08
6.53500000e+01 7.64608930e-08
6.54000000e+01 7.62875000e-08
6.54500000e+01 7.61146737e-08
6.55000000e+01 7.59424267e-08
6.55500000e+01 7.58397653e-08
6.56000000e+01 7.64411910e-08
6.56500000e+01 7.62688353e-08
6.57000000e+01 7.60970417e-08
6.57500000e+01 7.59258193e-08
6.58000000e+01 7.58228777e-08
6.58500000e+01 7.56526223e-08
6.59000000e+01 7.54829253e-08
6.59500000e+01 7.53137913e-08
6.60000000e+01 7.51452047e-08
6.60500000e+01 7.50437080e-08
6.61000000e+01 7.48760887e-08
6.61500000e+01 7.47090017e-08
6.62000000e+01 7.45424657e-08
6.62500000e+01 7.43764583e-08
6.63000000e+01 7.42763970e-08
6.63500000e+01 7.41113303e-08
6.64000000e+01 7.39468057e-08
6.64500000e+01 7.37828097e-08
6.65000000e+01 7.36193367e-08
6.65500000e+01 7.35206670e-08
6.66000000e+01 7.33581220e-08
6.66500000e+01 7.31960960e-08
6.67000000e+01 7.30345903e-08
6.67500000e+01 7.28736083e-08
6.68000000e+01 7.27762980e-08
6.68500000e+01 7.26162087e-08
6.69000000e+01 7.24566360e-08
6.69500000e+01 7.22975760e-08
6.70000000e+01 7.21390180e-08
6.70500000e+01 7.19809740e-08
6.71000000e+01 7.18853680e-08
6.71500000e+01 7.17282047e-08
6.72000000e+01 7.15715303e-08
6.72500000e+01 7.14153557e-08
6.73000000e+01 7.12596847e-08
6.73500000e+01 7.11653833e-08
6.74000000e+01 7.10105623e-08
6.74500000e+01 7.08562333e-08
6.75000000e+01 7.07024003e-08
6.75500000e+01 7.12708400e-08
6.76000000e+01 7.11762367e-08
6.76500000e+01 7.10222393e-08
6.77000000e+01 7.08687203e-08
6.77500000e+01 7.07156857e-08
6.78000000e+01 7.05631313e-08
6.78500000e+01 7.04110600e-08
6.79000000e+01 7.03180767e-08
6.79500000e+01 7.01668373e-08
6.80000000e+01 7.00160673e-08
6.80500000e+01 6.98657680e-08
6.81000000e+01 6.97159347e-08
6.81500000e+01 6.96241980e-08
6.82000000e+01 6.94751753e-08
6.82500000e+01 6.93266307e-08
6.83000000e+01 6.91785373e-08
6.83500000e+01 6.90309053e-08
6.84000000e+01 6.89403770e-08
6.84500000e+01 6.87935403e-08
6.85000000e+01 6.86471673e-08
6.85500000e+01 6.85012393e-08
6.86000000e+01 6.83557660e-08
6.86500000e+01 6.82107367e-08
6.87000000e+01 6.81217343e-08
6.87500000e+01 6.79774883e-08
6.88000000e+01 6.78336803e-08
6.88500000e+01 6.76903250e-08
6.89000000e+01 6.75474090e-08
6.89500000e+01 6.74595517e-08
6.90000000e+01 6.73174037e-08
6.90500000e+01 6.71756807e-08
6.91000000e+01 6.70343933e-08
6.91500000e+01 6.68935443e-08
6.92000000e+01 6.67531153e-08
6.92500000e+01 6.66667183e-08
6.93000000e+01 6.65270407e-08
6.93500000e+01 6.63877867e-08
6.94000000e+01 6.62489617e-08
6.94500000e+01 6.61105567e-08
6.95000000e+01 6.59725623e-08
6.95500000e+01 6.65625683e-08
6.96000000e+01 6.64239587e-08
6.96500000e+01 6.62857673e-08
6.97000000e+01 6.61479983e-08
6.97500000e+01 6.60106327e-08
6.98000000e+01 6.59253390e-08
6.98500000e+01 6.57887007e-08
6.99000000e+01 6.56524793e-08
6.99500000e+01 6.55166643e-08
7.00000000e+01 6.53812600e-08
7.00500000e+01 6.52462560e-08
7.01000000e+01 6.51623403e-08
7.01500000e+01 6.50280470e-08
7.02000000e+01 6.48941500e-08
7.02500000e+01 6.47606603e-08
7.03000000e+01 6.46275670e-08
7.03500000e+01 6.44948720e-08
7.04000000e+01 6.44122983e-08
7.04500000e+01 6.42802903e-08
7.05000000e+01 6.41486773e-08
7.05500000e+01 6.40174617e-08
7.06000000e+01 6.38866260e-08
7.06500000e+01 6.37561800e-08
7.07000000e+01 6.36749163e-08
7.07500000e+01 6.35451473e-08
7.08000000e+01 6.34157593e-08
7.08500000e+01 6.32867603e-08
7.09000000e+01 6.31581317e-08
7.09500000e+01 6.30298853e-08
7.10000000e+01 6.29499130e-08
7.10500000e+01 6.28223233e-08
7.11000000e+01 6.26951100e-08
7.11500000e+01 6.25682733e-08
7.12000000e+01 6.24418150e-08
7.12500000e+01 6.23157190e-08
7.13000000e+01 6.22369943e-08
7.13500000e+01 6.21115460e-08
7.14000000e+01 6.19864603e-08
7.14500000e+01 6.18617413e-08
7.15000000e+01 6.17373933e-08
7.15500000e+01 6.16133990e-08
7.16000000e+01 6.15358930e-08
7.16500000e+01 6.14125373e-08
7.17000000e+01 6.19191273e-08
7.17500000e+01 6.17952687e-08
7.18000000e+01 6.16717603e-08
7.18500000e+01 6.15486197e-08
7.19000000e+01 6.14710497e-08
7.19500000e+01 6.13485330e-08
7.20000000e+01 6.12263610e-08
7.20500000e+01 6.11045507e-08
7.21000000e+01 6.09830843e-08
7.21500000e+01 6.08619730e-08
7.22000000e+01 6.07412057e-08
7.22500000e+01 6.06650920e-08
7.23000000e+01 6.05449280e-08
7.23500000e+01 6.04251180e-08
7.24000000e+01 6.03056517e-08
7.24500000e+01 6.01865187e-08
7.25000000e+01 6.00677287e-08
7.25500000e+01 5.99927647e-08
7.26000000e+01 5.98745770e-08
7.26500000e+01 5.97567183e-08
7.27000000e+01 5.96392017e-08
7.27500000e+01 5.95220177e-08
7.28000000e+01 5.94051633e-08
7.28500000e+01 5.93313210e-08
7.29000000e+01 5.92150517e-08
7.29500000e+01 5.90991143e-08
7.30000000e+01 5.89835017e-08
7.30500000e+01 5.88682170e-08
7.31000000e+01 5.87532560e-08
7.31500000e+01 5.86386267e-08
7.32000000e+01 5.85661297e-08
7.32500000e+01 5.84520597e-08
7.33000000e+01 5.83383140e-08
7.33500000e+01 5.82248953e-08
7.34000000e+01 5.81117877e-08
7.34500000e+01 5.79990007e-08
7.35000000e+01 5.79275793e-08
7.35500000e+01 5.78153443e-08
7.36000000e+01 5.77034300e-08
7.36500000e+01 5.75918213e-08
7.37000000e+01 5.74805277e-08
7.37500000e+01 5.73695480e-08
7.38000000e+01 5.72588780e-08
7.38500000e+01 5.71887253e-08
7.39000000e+01 5.76666930e-08
7.39500000e+01 5.75557787e-08
7.40000000e+01 5.74451643e-08
7.40500000e+01 5.73348603e-08
7.41000000e+01 5.72248687e-08
7.41500000e+01 5.71151743e-08
7.42000000e+01 5.70451483e-08
7.42500000e+01 5.69359880e-08
7.43000000e+01 5.68271287e-08
7.43500000e+01 5.67185727e-08
7.44000000e+01 5.66103133e-08
7.44500000e+01 5.65023590e-08
7.45000000e+01 5.63947007e-08
7.45500000e+01 5.63259073e-08
7.46000000e+01 5.62187663e-08
7.46500000e+01 5.61119223e-08
7.47000000e+01 5.60053720e-08
7.47500000e+01 5.58991130e-08
7.48000000e+01 5.57931420e-08
7.48500000e+01 5.56874640e-08
7.49000000e+01 5.56198720e-08
7.49500000e+01 5.55147050e-08
7.50000000e+01 5.54098250e-08
7.50500000e+01 5.53052243e-08
7.51000000e+01 5.52009117e-08
7.51500000e+01 5.50968857e-08
7.52000000e+01 5.49931433e-08
7.52500000e+01 5.49267160e-08
7.53000000e+01 5.48234690e-08
7.53500000e+01 5.47205023e-08
7.54000000e+01 5.46178143e-08
7.54500000e+01 5.45154040e-08
7.55000000e+01 5.44132710e-08
7.55500000e+01 5.43114110e-08
7.56000000e+01 5.42461267e-08
7.56500000e+01 5.41447503e-08
7.57000000e+01 5.40436530e-08
7.57500000e+01 5.39428253e-08
7.58000000e+01 5.38422697e-08
7.58500000e+01 5.37419840e-08
7.59000000e+01 5.36419707e-08
7.59500000e+01 5.35422263e-08
7.60000000e+01 5.34782513e-08
7.60500000e+01 5.33789707e-08
7.61000000e+01 5.32799627e-08
7.61500000e+01 5.31812193e-08
7.62000000e+01 5.30827370e-08
7.62500000e+01 5.35326927e-08
7.63000000e+01 5.34337550e-08
7.63500000e+01 5.33698370e-08
7.64000000e+01 5.32713660e-08
7.64500000e+01 5.31731510e-08
7.65000000e+01 5.30751933e-08
7.65500000e+01 5.29775027e-08
7.66000000e+01 5.28800713e-08
7.66500000e+01 5.27828950e-08
7.67000000e+01 5.26859737e-08
7.67500000e+01 5.26233213e-08
7.68000000e+01 5.25268543e-08
7.68500000e+01 5.24306483e-08
7.69000000e+01 5.23346903e-08
7.69500000e+01 5.22389890e-08
7.70000000e+01 5.21435363e-08
7.70500000e+01 5.20483363e-08
7.71000000e+01 5.19867133e-08
7.71500000e+01 5.18919597e-08
7.72000000e+01 5.17974497e-08
7.72500000e+01 5.17031877e-08
7.73000000e+01 5.16091790e-08
7.73500000e+01 5.15154107e-08
7.74000000e+01 5.14218913e-08
7.74500000e+01 5.13286133e-08
7.75000000e+01 5.12681860e-08
7.75500000e+01 5.11753350e-08
7.76000000e+01 5.10827343e-08
7.76500000e+01 5.09903710e-08
7.77000000e+01 5.08982480e-08
7.77500000e+01 5.08063677e-08
7.78000000e+01 5.07147270e-08
7.78500000e+01 5.06233190e-08
7.79000000e+01 5.05640447e-08
7.79500000e+01 5.04730607e-08
7.80000000e+01 5.03823117e-08
7.80500000e+01 5.02917957e-08
7.81000000e+01 5.02015120e-08
7.81500000e+01 5.01114680e-08
7.82000000e+01 5.00216507e-08
7.82500000e+01 4.99320720e-08
7.83000000e+01 4.98427177e-08
7.83500000e+01 4.97847477e-08
7.84000000e+01 4.96958057e-08
7.84500000e+01 4.96070863e-08
7.85000000e+01 4.95185990e-08
7.85500000e+01 4.94303367e-08
7.86000000e+01 4.93423017e-08
7.86500000e+01 4.92544920e-08
7.87000000e+01 4.96778207e-08
7.87500000e+01 4.96200223e-08
7.88000000e+01 4.95319487e-08
7.88500000e+01 4.94441030e-08
7.89000000e+01 4.93564823e-08
7.89500000e+01 4.92690797e-08
7.90000000e+01 4.91819030e-08
7.90500000e+01 4.90949550e-08
7.91000000e+01 4.90082227e-08
7.91500000e+01 4.89217113e-08
7.92000000e+01 4.88651570e-08
7.92500000e+01 4.87790327e-08
7.93000000e+01 4.86931253e-08
7.93500000e+01 4.86074413e-08
7.94000000e+01 4.85219690e-08
7.94500000e+01 4.84367107e-08
7.95000000e+01 4.83516803e-08
7.95500000e+01 4.82668533e-08
7.96000000e+01 4.81822473e-08
7.96500000e+01 4.81268913e-08
7.97000000e+01 4.80426610e-08
7.97500000e+01 4.79586353e-08
7.98000000e+01 4.78748323e-08
7.98500000e+01 4.77912300e-08
7.99000000e+01 4.77078460e-08
7.99500000e+01 4.76246640e-08
8.00000000e+01 4.75416963e-08
