-2.00000000e+01 3.10012617e-08
-1.99500000e+01 3.11777947e-08
-1.99000000e+01 3.13560087e-08
-1.98500000e+01 3.15359380e-08
-1.98000000e+01 3.17175963e-08
-1.97500000e+01 3.19010147e-08
-1.97000000e+01 3.20862110e-08
-1.96500000e+01 3.22732147e-08
-1.96000000e+01 3.24620537e-08
-1.95500000e+01 3.26527473e-08
-1.95000000e+01 3.28453280e-08
-1.94500000e+01 3.30398173e-08
-1.94000000e+01 3.32362463e-08
-1.93500000e+01 3.34346433e-08
-1.93000000e+01 3.36350373e-08
-1.92500000e+01 3.38374523e-08
-1.92000000e+01 3.40419270e-08
-1.91500000e+01 3.42484830e-08
-1.91000000e+01 3.44571543e-08
-1.90500000e+01 3.46679740e-08
-1.90000000e+01 3.48809727e-08
-1.89500000e+01 3.50961827e-08
-1.89000000e+01 3.53136400e-08
-1.88500000e+01 3.55333770e-08
-1.88000000e+01 3.57554233e-08
-1.87500000e+01 3.59798237e-08
-1.87000000e+01 3.62066083e-08
-1.86500000e+01 3.64358167e-08
-1.86000000e+01 3.66674813e-08
-1.85500000e+01 3.69016473e-08
-1.85000000e+01 3.71383540e-08
-1.84500000e+01 3.73776333e-08
-1.84000000e+01 3.76195360e-08
-1.83500000e+01 3.78640957e-08
-1.83000000e+01 3.81113590e-08
-1.82500000e+01 3.83613697e-08
-1.82000000e+01 3.86141720e-08
-1.81500000e+01 3.88698127e-08
-1.81000000e+01 3.91283283e-08
-1.80500000e+01 3.93897833e-08
-1.80000000e+01 3.96542137e-08
-1.79500000e+01 3.99216717e-08
-1.79000000e+01 4.01922073e-08
-1.78500000e+01 4.04658750e-08
-1.78000000e+01 4.07427300e-08
-1.77500000e+01 4.10228157e-08
-1.77000000e+01 4.13061997e-08
-1.76500000e+01 4.15929287e-08
-1.76000000e+01 4.18830660e-08
-1.75500000e+01 4.21766703e-08
-1.75000000e+01 4.24738020e-08
-1.74500000e+01 4.27745200e-08
-1.74000000e+01 4.30788893e-08
-1.73500000e+01 4.33869820e-08
-1.73000000e+01 4.36988510e-08
-1.72500000e+01 4.40145757e-08
-1.72000000e+01 4.43342177e-08
-1.71500000e+01 4.46578523e-08
-1.71000000e+01 4.49855527e-08
-1.70500000e+01 4.53173943e-08
-1.70000000e+01 4.56534540e-08
-1.69500000e+01 4.59938003e-08
-1.69000000e+01 4.63385287e-08
-1.68500000e+01 4.66877123e-08
-1.68000000e+01 4.70414373e-08
-1.67500000e+01 4.73997897e-08
-1.67000000e+01 4.77628600e-08
-1.66500000e+01 4.81307450e-08
-1.66000000e+01 4.85035227e-08
-1.65500000e+01 4.88813037e-08
-1.65000000e+01 4.92641757e-08
-1.64500000e+01 4.96522453e-08
-1.64000000e+01 5.00456163e-08
-1.63500000e+01 5.04443943e-08
-1.63000000e+01 5.08486893e-08
-1.62500000e+01 5.12586000e-08
-1.62000000e+01 5.16742663e-08
-1.61500000e+01 5.20957873e-08
-1.61000000e+01 5.25232903e-08
-1.60500000e+01 5.29568970e-08
-1.60000000e+01 5.33967393e-08
-1.59500000e+01 5.38429487e-08
-1.59000000e+01 5.42956620e-08
-1.58500000e+01 5.47550170e-08
-1.58000000e+01 5.52211470e-08
-1.57500000e+01 5.56942160e-08
-1.57000000e+01 5.61743663e-08
-1.56500000e+01 5.66617563e-08
-1.56000000e+01 5.71565413e-08
-1.55500000e+01 5.76588897e-08
-1.55000000e+01 5.81689823e-08
-1.54500000e+01 5.86869747e-08
-1.54000000e+01 5.92130643e-08
-1.53500000e+01 5.97474250e-08
-1.53000000e+01 6.02902537e-08
-1.52500000e+01 6.08417503e-08
-1.52000000e+01 6.14021177e-08
-1.51500000e+01 6.19715667e-08
-1.51000000e+01 6.25502990e-08
-1.50500000e+01 6.31385610e-08
-1.50000000e+01 6.37365713e-08
-1.49500000e+01 6.43445670e-08
-1.49000000e+01 6.49627957e-08
-1.48500000e+01 6.55915113e-08
-1.48000000e+01 6.62309873e-08
-1.47500000e+01 6.68814707e-08
-1.47000000e+01 6.75432637e-08
-1.46500000e+01 6.82166367e-08
-1.46000000e+01 6.89019060e-08
-1.45500000e+01 6.95993700e-08
-1.45000000e+01 7.03093540e-08
-1.44500000e+01 7.10321907e-08
-1.44000000e+01 7.17682087e-08
-1.43500000e+01 7.25177913e-08
-1.43000000e+01 7.32812753e-08
-1.42500000e+01 7.40590613e-08
-1.42000000e+01 7.48515330e-08
-1.41500000e+01 7.56591093e-08
-1.41000000e+01 7.64822077e-08
-1.40500000e+01 7.73212723e-08
-1.40000000e+01 7.81767633e-08
-1.39500000e+01 7.90491360e-08
-1.39000000e+01 7.99389113e-08
-1.38500000e+01 8.08465730e-08
-1.38000000e+01 8.17726687e-08
-1.37500000e+01 8.27177440e-08
-1.37000000e+01 8.36823750e-08
-1.36500000e+01 8.46671650e-08
-1.36000000e+01 8.56727120e-08
-1.35500000e+01 8.66996943e-08
-1.35000000e+01 8.77487553e-08
-1.34500000e+01 8.88206137e-08
-1.34000000e+01 8.99159923e-08
-1.33500000e+01 9.10356547e-08
-1.33000000e+01 9.21804037e-08
-1.32500000e+01 9.33510393e-08
-1.32000000e+01 9.45484633e-08
-1.31500000e+01 9.57735433e-08
-1.31000000e+01 9.70272473e-08
-1.30500000e+01 9.83105433e-08
-1.30000000e+01 9.96244737e-08
-1.29500000e+01 1.00970113e-07
-1.29000000e+01 1.02348567e-07
-1.28500000e+01 1.03761059e-07
-1.28000000e+01 1.05208782e-07
-1.27500000e+01 1.06693060e-07
-1.27000000e+01 1.08215229e-07
-1.26500000e+01 1.09776734e-07
-1.26000000e+01 1.11379060e-07
-1.25500000e+01 1.13023780e-07
-1.25000000e+01 1.14712557e-07
-1.24500000e+01 1.16447090e-07
-1.24000000e+01 1.18229253e-07
-1.23500000e+01 1.20060923e-07
-1.23000000e+01 1.21944150e-07
-1.22500000e+01 1.23881060e-07
-1.22000000e+01 1.25873900e-07
-1.21500000e+01 1.27925050e-07
-1.21000000e+01 1.30036987e-07
-1.20500000e+01 1.32212410e-07
-1.20000000e+01 1.34454063e-07
-1.19500000e+01 1.36764940e-07
-1.19000000e+01 1.39148173e-07
-1.18500000e+01 1.41607077e-07
-1.18000000e+01 1.44145193e-07
-1.17500000e+01 1.46766213e-07
-1.17000000e+01 1.49474173e-07
-1.16500000e+01 1.52273233e-07
-1.16000000e+01 1.55167927e-07
-1.15500000e+01 1.58163013e-07
-1.15000000e+01 1.61263593e-07
-1.14500000e+01 1.64475120e-07
-1.14000000e+01 1.67803330e-07
-1.13500000e+01 1.71254523e-07
-1.13000000e+01 1.74835237e-07
-1.12500000e+01 1.78552630e-07
-1.12000000e+01 1.82414297e-07
-1.11500000e+01 1.86428387e-07
-1.11000000e+01 1.90603723e-07
-1.10500000e+01 1.94949673e-07
-1.10000000e+01 1.99476480e-07
-1.09500000e+01 2.04194993e-07
-1.09000000e+01 2.09117103e-07
-1.08500000e+01 2.14255537e-07
-1.08000000e+01 2.19624133e-07
-1.07500000e+01 2.25237873e-07
-1.07000000e+01 2.31112977e-07
-1.06500000e+01 2.37267120e-07
-1.06000000e+01 2.43719440e-07
-1.05500000e+01 2.50490967e-07
-1.05000000e+01 2.57604443e-07
-1.04500000e+01 2.65084883e-07
-1.04000000e+01 2.72959650e-07
-1.03500000e+01 2.81258687e-07
-1.03000000e+01 2.90015053e-07
-1.02500000e+01 2.99264900e-07
-1.02000000e+01 3.09048397e-07
-1.01500000e+01 3.19409640e-07
-1.01000000e+01 3.30397673e-07
-1.00500000e+01 3.42066863e-07
-1.00000000e+01 3.54477543e-07
-9.95000000e+00 3.67697183e-07
-9.90000000e+00 3.81800733e-07
-9.85000000e+00 3.96872647e-07
-9.80000000e+00 4.13007013e-07
-9.75000000e+00 4.30310140e-07
-9.70000000e+00 4.48901587e-07
-9.65000000e+00 4.68916303e-07
-9.60000000e+00 4.90507440e-07
-9.55000000e+00 5.13848033e-07
-9.50000000e+00 5.39135760e-07
-9.45000000e+00 5.66594703e-07
-9.40000000e+00 5.96481243e-07
-9.35000000e+00 6.29087763e-07
-9.30000000e+00 6.64748487e-07
-9.25000000e+00 7.03845633e-07
-9.20000000e+00 7.46814867e-07
-9.15000000e+00 7.94152973e-07
-9.10000000e+00 8.46422667e-07
-9.05000000e+00 9.04258100e-07
-9.00000000e+00 9.68364837e-07
-8.95000000e+00 1.03951639e-06
-8.90000000e+00 1.11854007e-06
-8.85000000e+00 1.20628553e-06
-8.80000000e+00 1.30357553e-06
-8.75000000e+00 1.41112087e-06
-8.70000000e+00 1.52940190e-06
-8.65000000e+00 1.65850877e-06
-8.60000000e+00 1.79795833e-06
-8.55000000e+00 1.94652267e-06
-8.50000000e+00 2.10212443e-06
-8.45000000e+00 2.26189130e-06
-8.40000000e+00 2.42238920e-06
-8.35000000e+00 2.58003067e-06
-8.30000000e+00 2.73150270e-06
-8.25000000e+00 2.87408013e-06
-8.20000000e+00 3.00572247e-06
-8.15000000e+00 3.12502640e-06
-8.10000000e+00 3.23112293e-06
-8.05000000e+00 3.32355273e-06
-8.00000000e+00 3.40212267e-06
-7.95000000e+00 3.46671613e-06
-7.90000000e+00 3.51719427e-06
-7.85000000e+00 3.55343607e-06
-7.80000000e+00 3.57556263e-06
-7.75000000e+00 3.58422733e-06
-7.70000000e+00 3.58085020e-06
-7.65000000e+00 3.56765183e-06
-7.60000000e+00 3.54740613e-06
-7.55000000e+00 3.52297327e-06
-7.50000000e+00 3.49673963e-06
-7.45000000e+00 3.47022840e-06
-7.40000000e+00 3.44398880e-06
-7.35000000e+00 3.41777073e-06
-7.30000000e+00 3.39084357e-06
-7.25000000e+00 3.36230183e-06
-7.20000000e+00 3.33129073e-06
-7.15000000e+00 3.29712213e-06
-7.10000000e+00 3.25936643e-06
-7.05000000e+00 3.21786413e-06
-7.00000000e+00 3.17263493e-06
-6.95000000e+00 3.12365857e-06
-6.90000000e+00 3.07065773e-06
-6.85000000e+00 3.01303280e-06
-6.80000000e+00 2.95002750e-06
-6.75000000e+00 2.88106290e-06
-6.70000000e+00 2.80604377e-06
-6.65000000e+00 2.72549537e-06
-6.60000000e+00 2.64047773e-06
-6.55000000e+00 2.55237990e-06
-6.50000000e+00 2.46269167e-06
-6.45000000e+00 2.37288743e-06
-6.40000000e+00 2.28443107e-06
-6.35000000e+00 2.19885823e-06
-6.30000000e+00 2.11783083e-06
-6.25000000e+00 2.04307763e-06
-6.20000000e+00 1.97623543e-06
-6.15000000e+00 1.91862917e-06
-6.10000000e+00 1.87108793e-06
-6.05000000e+00 1.83382797e-06
-6.00000000e+00 1.80642470e-06
-5.95000000e+00 1.78786783e-06
-5.90000000e+00 1.77669003e-06
-5.85000000e+00 1.77117493e-06
-5.80000000e+00 1.76960583e-06
-5.75000000e+00 1.77051747e-06
-5.70000000e+00 1.77287410e-06
-5.65000000e+00 1.77611470e-06
-5.60000000e+00 1.78006803e-06
-5.55000000e+00 1.78476917e-06
-5.50000000e+00 1.79026057e-06
-5.45000000e+00 1.79643217e-06
-5.40000000e+00 1.80294160e-06
-5.35000000e+00 1.80922860e-06
-5.30000000e+00 1.81460630e-06
-5.25000000e+00 1.81840767e-06
-5.20000000e+00 1.82014500e-06
-5.15000000e+00 1.81963587e-06
-5.10000000e+00 1.81705993e-06
-5.05000000e+00 1.81293153e-06
-5.00000000e+00 1.80799567e-06
-4.95000000e+00 1.80307847e-06
-4.90000000e+00 1.79891937e-06
-4.85000000e+00 1.79603577e-06
-4.80000000e+00 1.79463257e-06
-4.75000000e+00 1.79459420e-06
-4.70000000e+00 1.79555500e-06
-4.65000000e+00 1.79704413e-06
-4.60000000e+00 1.79866603e-06
-4.55000000e+00 1.80025833e-06
-4.50000000e+00 1.80198743e-06
-4.45000000e+00 1.80433430e-06
-4.40000000e+00 1.80799513e-06
-4.35000000e+00 1.81372357e-06
-4.30000000e+00 1.82218297e-06
-4.25000000e+00 1.83383970e-06
-4.20000000e+00 1.84892010e-06
-4.15000000e+00 1.86743317e-06
-4.10000000e+00 1.88921913e-06
-4.05000000e+00 1.91401303e-06
-4.00000000e+00 1.94148447e-06
-3.95000000e+00 1.97125777e-06
-3.90000000e+00 2.00291057e-06
-3.85000000e+00 2.03596713e-06
-3.80000000e+00 2.06991833e-06
-3.75000000e+00 2.10425687e-06
-3.70000000e+00 2.13854083e-06
-3.65000000e+00 2.17245170e-06
-3.60000000e+00 2.20582657e-06
-3.55000000e+00 2.23865473e-06
-3.50000000e+00 2.27102717e-06
-3.45000000e+00 2.30307643e-06
-3.40000000e+00 2.33491407e-06
-3.35000000e+00 2.36659580e-06
-3.30000000e+00 2.39811140e-06
-3.25000000e+00 2.42938617e-06
-3.20000000e+00 2.46028873e-06
-3.15000000e+00 2.49061380e-06
-3.10000000e+00 2.52006173e-06
-3.05000000e+00 2.54821783e-06
-3.00000000e+00 2.57456420e-06
-2.95000000e+00 2.59853977e-06
-2.90000000e+00 2.61964830e-06
-2.85000000e+00 2.63759790e-06
-2.80000000e+00 2.65241263e-06
-2.75000000e+00 2.66448970e-06
-2.70000000e+00 2.67455673e-06
-2.65000000e+00 2.68354937e-06
-2.60000000e+00 2.69243500e-06
-2.55000000e+00 2.70203470e-06
-2.50000000e+00 2.71289450e-06
-2.45000000e+00 2.72522397e-06
-2.40000000e+00 2.73891933e-06
-2.35000000e+00 2.75364417e-06
-2.30000000e+00 2.76894400e-06
-2.25000000e+00 2.78436630e-06
-2.20000000e+00 2.79955143e-06
-2.15000000e+00 2.81429330e-06
-2.10000000e+00 2.82856057e-06
-2.05000000e+00 2.84250030e-06
-2.00000000e+00 2.85642793e-06
-1.95000000e+00 2.87081310e-06
-1.90000000e+00 2.88625787e-06
-1.85000000e+00 2.90345077e-06
-1.80000000e+00 2.92309860e-06
-1.75000000e+00 2.94582407e-06
-1.70000000e+00 2.97205593e-06
-1.65000000e+00 3.00192683e-06
-1.60000000e+00 3.03521273e-06
-1.55000000e+00 3.07133533e-06
-1.50000000e+00 3.10944170e-06
-1.45000000e+00 3.14855983e-06
-1.40000000e+00 3.18779633e-06
-1.35000000e+00 3.22653913e-06
-1.30000000e+00 3.26459870e-06
-1.25000000e+00 3.30224580e-06
-1.20000000e+00 3.34011833e-06
-1.15000000e+00 3.37901787e-06
-1.10000000e+00 3.41964587e-06
-1.05000000e+00 3.46233653e-06
-1.00000000e+00 3.50686077e-06
-9.50000000e-01 3.55233680e-06
-9.00000000e-01 3.59728163e-06
-8.50000000e-01 3.63979563e-06
-8.00000000e-01 3.67785687e-06
-7.50000000e-01 3.70966507e-06
-7.00000000e-01 3.73395627e-06
-6.50000000e-01 3.75021417e-06
-6.00000000e-01 3.75872903e-06
-5.50000000e-01 3.76050020e-06
-5.00000000e-01 3.75702213e-06
-4.50000000e-01 3.75002703e-06
-4.00000000e-01 3.74124267e-06
-3.50000000e-01 3.73222080e-06
-3.00000000e-01 3.72424260e-06
-2.50000000e-01 3.71829463e-06
-2.00000000e-01 3.71509067e-06
-1.50000000e-01 3.71511113e-06
-1.00000000e-01 3.71863770e-06
-5.00000000e-02 3.72577170e-06
0.00000000e+00 3.73643640e-06
5.00000000e-02 3.75036757e-06
1.00000000e-01 3.76710463e-06
1.50000000e-01 3.78599447e-06
2.00000000e-01 3.80621550e-06
2.50000000e-01 3.82682560e-06
3.00000000e-01 3.84683093e-06
3.50000000e-01 3.86526840e-06
4.00000000e-01 3.88129150e-06
4.50000000e-01 3.89424793e-06
5.00000000e-01 3.90374140e-06
5.50000000e-01 3.90967560e-06
6.00000000e-01 3.91227677e-06
6.50000000e-01 3.91209700e-06
7.00000000e-01 3.90999517e-06
7.50000000e-01 3.90709467e-06
8.00000000e-01 3.90471440e-06
8.50000000e-01 3.90426947e-06
9.00000000e-01 3.90714730e-06
9.50000000e-01 3.91456590e-06
1.00000000e+00 3.92742540e-06
1.05000000e+00 3.94616937e-06
1.10000000e+00 3.97067053e-06
1.15000000e+00 4.00016533e-06
1.20000000e+00 4.03325360e-06
1.25000000e+00 4.06798413e-06
1.30000000e+00 4.10204123e-06
1.35000000e+00 4.13301853e-06
1.40000000e+00 4.15874737e-06
1.45000000e+00 4.17761930e-06
1.50000000e+00 4.18882890e-06
1.55000000e+00 4.19247500e-06
1.60000000e+00 4.18949567e-06
1.65000000e+00 4.18145663e-06
1.70000000e+00 4.17025200e-06
1.75000000e+00 4.15778437e-06
1.80000000e+00 4.14568983e-06
1.85000000e+00 4.13514510e-06
1.90000000e+00 4.12677233e-06
1.95000000e+00 4.12063707e-06
2.00000000e+00 4.11631627e-06
2.05000000e+00 4.11302010e-06
2.10000000e+00 4.10973590e-06
2.15000000e+00 4.10537510e-06
2.20000000e+00 4.09890537e-06
2.25000000e+00 4.08945920e-06
2.30000000e+00 4.07640880e-06
2.35000000e+00 4.05941163e-06
2.40000000e+00 4.03842457e-06
2.45000000e+00 4.01369230e-06
2.50000000e+00 3.98571120e-06
2.55000000e+00 3.95517177e-06
2.60000000e+00 3.92288680e-06
2.65000000e+00 3.88971073e-06
2.70000000e+00 3.85645780e-06
2.75000000e+00 3.82383247e-06
2.80000000e+00 3.79238250e-06
2.85000000e+00 3.76248020e-06
2.90000000e+00 3.73433757e-06
2.95000000e+00 3.70804820e-06
3.00000000e+00 3.68364730e-06
3.05000000e+00 3.66117097e-06
3.10000000e+00 3.64070333e-06
3.15000000e+00 3.62239633e-06
3.20000000e+00 3.60645620e-06
3.25000000e+00 3.59309970e-06
3.30000000e+00 3.58248827e-06
3.35000000e+00 3.57465550e-06
3.40000000e+00 3.56944350e-06
3.45000000e+00 3.56646947e-06
3.50000000e+00 3.56513403e-06
3.55000000e+00 3.56467773e-06
3.60000000e+00 3.56427900e-06
3.65000000e+00 3.56318060e-06
3.70000000e+00 3.56081257e-06
3.75000000e+00 3.55688603e-06
3.80000000e+00 3.55143280e-06
3.85000000e+00 3.54478327e-06
3.90000000e+00 3.53748687e-06
3.95000000e+00 3.53019680e-06
4.00000000e+00 3.52354580e-06
4.05000000e+00 3.51803937e-06
4.10000000e+00 3.51398533e-06
4.15000000e+00 3.51147040e-06
4.20000000e+00 3.51038177e-06
4.25000000e+00 3.51046457e-06
4.30000000e+00 3.51139873e-06
4.35000000e+00 3.51287587e-06
4.40000000e+00 3.51466113e-06
4.45000000e+00 3.51662467e-06
4.50000000e+00 3.51874153e-06
4.55000000e+00 3.52106367e-06
4.60000000e+00 3.52367087e-06
4.65000000e+00 3.52662073e-06
4.70000000e+00 3.52990457e-06
4.75000000e+00 3.53342537e-06
4.80000000e+00 3.53699737e-06
4.85000000e+00 3.54037177e-06
4.90000000e+00 3.54327817e-06
4.95000000e+00 3.54547443e-06
5.00000000e+00 3.54679287e-06
5.05000000e+00 3.54717307e-06
5.10000000e+00 3.54667647e-06
5.15000000e+00 3.54547980e-06
5.20000000e+00 3.54385363e-06
5.25000000e+00 3.54212647e-06
5.30000000e+00 3.54064750e-06
5.35000000e+00 3.53974903e-06
5.40000000e+00 3.53971253e-06
5.45000000e+00 3.54074177e-06
5.50000000e+00 3.54294200e-06
5.55000000e+00 3.54630747e-06
5.60000000e+00 3.55071627e-06
5.65000000e+00 3.55593753e-06
5.70000000e+00 3.56165067e-06
5.75000000e+00 3.56747857e-06
5.80000000e+00 3.57303297e-06
5.85000000e+00 3.57796910e-06
5.90000000e+00 3.58203740e-06
5.95000000e+00 3.58512580e-06
6.00000000e+00 3.58727630e-06
6.05000000e+00 3.58867113e-06
6.10000000e+00 3.58958450e-06
6.15000000e+00 3.59030590e-06
6.20000000e+00 3.59105093e-06
6.25000000e+00 3.59187570e-06
6.30000000e+00 3.59261657e-06
6.35000000e+00 3.59287087e-06
6.40000000e+00 3.59203013e-06
6.45000000e+00 3.58936510e-06
6.50000000e+00 3.58415223e-06
6.55000000e+00 3.57581623e-06
6.60000000e+00 3.56405977e-06
6.65000000e+00 3.54894700e-06
6.70000000e+00 3.53091917e-06
6.75000000e+00 3.51073407e-06
6.80000000e+00 3.48934353e-06
6.85000000e+00 3.46773443e-06
6.90000000e+00 3.44676440e-06
6.95000000e+00 3.42702607e-06
7.00000000e+00 3.40875823e-06
7.05000000e+00 3.39181807e-06
7.10000000e+00 3.37571327e-06
7.15000000e+00 3.35968570e-06
7.20000000e+00 3.34283193e-06
7.25000000e+00 3.32423980e-06
7.30000000e+00 3.30311733e-06
7.35000000e+00 3.27889387e-06
7.40000000e+00 3.25127827e-06
7.45000000e+00 3.22026920e-06
7.50000000e+00 3.18612250e-06
7.55000000e+00 3.14929117e-06
7.60000000e+00 3.11035373e-06
7.65000000e+00 3.06994920e-06
7.70000000e+00 3.02872540e-06
7.75000000e+00 2.98730527e-06
7.80000000e+00 2.94626537e-06
7.85000000e+00 2.90611957e-06
7.90000000e+00 2.86730337e-06
7.95000000e+00 2.83015433e-06
8.00000000e+00 2.79489153e-06
8.05000000e+00 2.76159760e-06
8.10000000e+00 2.73021267e-06
8.15000000e+00 2.70054493e-06
8.20000000e+00 2.67230150e-06
8.25000000e+00 2.64513843e-06
8.30000000e+00 2.61872333e-06
8.35000000e+00 2.59279783e-06
8.40000000e+00 2.56722753e-06
8.45000000e+00 2.54202590e-06
8.50000000e+00 2.51734370e-06
8.55000000e+00 2.49342647e-06
8.60000000e+00 2.47054623e-06
8.65000000e+00 2.44892240e-06
8.70000000e+00 2.42864967e-06
8.75000000e+00 2.40964880e-06
8.80000000e+00 2.39165197e-06
8.85000000e+00 2.37422637e-06
8.90000000e+00 2.35683563e-06
8.95000000e+00 2.33892380e-06
9.00000000e+00 2.32000673e-06
9.05000000e+00 2.29974743e-06
9.10000000e+00 2.27799840e-06
9.15000000e+00 2.25479947e-06
9.20000000e+00 2.23033310e-06
9.25000000e+00 2.20485010e-06
9.30000000e+00 2.17858463e-06
9.35000000e+00 2.15168137e-06
9.40000000e+00 2.12415143e-06
9.45000000e+00 2.09586860e-06
9.50000000e+00 2.06660390e-06
9.55000000e+00 2.03608990e-06
9.60000000e+00 2.00409607e-06
9.65000000e+00 1.97049423e-06
9.70000000e+00 1.93529570e-06
9.75000000e+00 1.89865083e-06
9.80000000e+00 1.86081297e-06
9.85000000e+00 1.82207953e-06
9.90000000e+00 1.78272983e-06
9.95000000e+00 1.74297777e-06
1.00000000e+01 1.70295163e-06
1.00500000e+01 1.66270517e-06
1.01000000e+01 1.62225257e-06
1.01500000e+01 1.58161460e-06
1.02000000e+01 1.54085877e-06
1.02500000e+01 1.50011943e-06
1.03000000e+01 1.45959070e-06
1.03500000e+01 1.41949440e-06
1.04000000e+01 1.38003607e-06
1.04500000e+01 1.34136327e-06
1.05000000e+01 1.30354333e-06
1.05500000e+01 1.26657010e-06
1.06000000e+01 1.23040020e-06
1.06500000e+01 1.19501043e-06
1.07000000e+01 1.16045983e-06
1.07500000e+01 1.12693560e-06
1.08000000e+01 1.09476857e-06
1.08500000e+01 1.06441256e-06
1.09000000e+01 1.03639681e-06
1.09500000e+01 1.01126676e-06
1.10000000e+01 9.89532933e-07
1.10500000e+01 9.71636857e-07
1.11000000e+01 9.57940677e-07
1.11500000e+01 9.48733840e-07
1.12000000e+01 9.44252680e-07
1.12500000e+01 9.44704123e-07
1.13000000e+01 9.50289327e-07
1.13500000e+01 9.61223390e-07
1.14000000e+01 9.77748723e-07
1.14500000e+01 1.00014098e-06
1.15000000e+01 1.02870558e-06
1.15500000e+01 1.06376261e-06
1.16000000e+01 1.10561623e-06
1.16500000e+01 1.15450571e-06
1.17000000e+01 1.21053338e-06
1.17500000e+01 1.27356923e-06
1.18000000e+01 1.34313870e-06
1.18500000e+01 1.41831063e-06
1.19000000e+01 1.49762087e-06
1.19500000e+01 1.57907847e-06
1.20000000e+01 1.66030197e-06
1.20500000e+01 1.73880047e-06
1.21000000e+01 1.81235077e-06
1.21500000e+01 1.87935257e-06
1.22000000e+01 1.93901647e-06
1.22500000e+01 1.99129317e-06
1.23000000e+01 2.03656750e-06
1.23500000e+01 2.07524917e-06
1.24000000e+01 2.10743610e-06
1.24500000e+01 2.13278607e-06
1.25000000e+01 2.15064217e-06
1.25500000e+01 2.16035667e-06
1.26000000e+01 2.16167780e-06
1.26500000e+01 2.15504163e-06
1.27000000e+01 2.14164987e-06
1.27500000e+01 2.12330310e-06
1.28000000e+01 2.10205873e-06
1.28500000e+01 2.07983153e-06
1.29000000e+01 2.05805637e-06
1.29500000e+01 2.03748657e-06
1.30000000e+01 2.01815680e-06
1.30500000e+01 1.99949933e-06
1.31000000e+01 1.98057583e-06
1.31500000e+01 1.96036713e-06
1.32000000e+01 1.93804823e-06
1.32500000e+01 1.91317320e-06
1.33000000e+01 1.88572203e-06
1.33500000e+01 1.85600397e-06
1.34000000e+01 1.82446377e-06
1.34500000e+01 1.79146333e-06
1.35000000e+01 1.75711313e-06
1.35500000e+01 1.72120750e-06
1.36000000e+01 1.68328017e-06
1.36500000e+01 1.64276423e-06
1.37000000e+01 1.59920943e-06
1.37500000e+01 1.55248977e-06
1.38000000e+01 1.50293570e-06
1.38500000e+01 1.45134990e-06
1.39000000e+01 1.39890700e-06
1.39500000e+01 1.34697867e-06
1.40000000e+01 1.29694100e-06
1.40500000e+01 1.25001353e-06
1.41000000e+01 1.20715893e-06
1.41500000e+01 1.16904063e-06
1.42000000e+01 1.13602833e-06
1.42500000e+01 1.10822870e-06
1.43000000e+01 1.08552802e-06
1.43500000e+01 1.06763563e-06
1.44000000e+01 1.05412537e-06
1.44500000e+01 1.04447471e-06
1.45000000e+01 1.03810413e-06
1.45500000e+01 1.03441678e-06
1.46000000e+01 1.03283644e-06
1.46500000e+01 1.03283980e-06
1.47000000e+01 1.03397714e-06
1.47500000e+01 1.03587889e-06
1.48000000e+01 1.03824652e-06
1.48500000e+01 1.04083406e-06
1.49000000e+01 1.04342625e-06
1.49500000e+01 1.04582157e-06
1.50000000e+01 1.04782553e-06
1.50500000e+01 1.04925683e-06
1.51000000e+01 1.04996477e-06
1.51500000e+01 1.04985233e-06
1.52000000e+01 1.04889837e-06
1.52500000e+01 1.04716993e-06
1.53000000e+01 1.04482100e-06
1.53500000e+01 1.04207367e-06
1.54000000e+01 1.03918683e-06
1.54500000e+01 1.03641667e-06
1.55000000e+01 1.03397976e-06
1.55500000e+01 1.03202500e-06
1.56000000e+01 1.03062138e-06
1.56500000e+01 1.02976356e-06
1.57000000e+01 1.02939393e-06
1.57500000e+01 1.02943661e-06
1.58000000e+01 1.02983565e-06
1.58500000e+01 1.03058861e-06
1.59000000e+01 1.03176900e-06
1.59500000e+01 1.03353105e-06
1.60000000e+01 1.03609784e-06
1.60500000e+01 1.03973549e-06
1.61000000e+01 1.04471907e-06
1.61500000e+01 1.05129652e-06
1.62000000e+01 1.05965658e-06
1.62500000e+01 1.06990323e-06
1.63000000e+01 1.08203970e-06
1.63500000e+01 1.09596313e-06
1.64000000e+01 1.11147047e-06
1.64500000e+01 1.12827587e-06
1.65000000e+01 1.14603750e-06
1.65500000e+01 1.16439240e-06
1.66000000e+01 1.18299440e-06
1.66500000e+01 1.20154910e-06
1.67000000e+01 1.21984013e-06
1.67500000e+01 1.23774293e-06
1.68000000e+01 1.25522320e-06
1.68500000e+01 1.27232147e-06
1.69000000e+01 1.28912763e-06
1.69500000e+01 1.30575033e-06
1.70000000e+01 1.32228630e-06
1.70500000e+01 1.33879300e-06
1.71000000e+01 1.35526880e-06
1.71500000e+01 1.37164127e-06
1.72000000e+01 1.38776497e-06
1.72500000e+01 1.40342903e-06
1.73000000e+01 1.41837473e-06
1.73500000e+01 1.43232273e-06
1.74000000e+01 1.44500703e-06
1.74500000e+01 1.45621360e-06
1.75000000e+01 1.46581783e-06
1.75500000e+01 1.47381427e-06
1.76000000e+01 1.48033133e-06
1.76500000e+01 1.48562677e-06
1.77000000e+01 1.49006270e-06
1.77500000e+01 1.49406267e-06
1.78000000e+01 1.49805737e-06
1.78500000e+01 1.50242787e-06
1.79000000e+01 1.50745610e-06
1.79500000e+01 1.51328900e-06
1.80000000e+01 1.51992440e-06
1.80500000e+01 1.52722037e-06
1.81000000e+01 1.53492997e-06
1.81500000e+01 1.54275670e-06
1.82000000e+01 1.55042197e-06
1.82500000e+01 1.55773390e-06
1.83000000e+01 1.56464217e-06
1.83500000e+01 1.57126640e-06
1.84000000e+01 1.57789110e-06
1.84500000e+01 1.58492757e-06
1.85000000e+01 1.59285053e-06
1.85500000e+01 1.60212150e-06
1.86000000e+01 1.61311393e-06
1.86500000e+01 1.62605307e-06
1.87000000e+01 1.64097907e-06
1.87500000e+01 1.65774010e-06
1.88000000e+01 1.67601667e-06
1.88500000e+01 1.69537707e-06
1.89000000e+01 1.71535213e-06
1.89500000e+01 1.73552037e-06
1.90000000e+01 1.75558550e-06
1.90500000e+01 1.77542790e-06
1.91000000e+01 1.79511610e-06
1.91500000e+01 1.81487400e-06
1.92000000e+01 1.83500730e-06
1.92500000e+01 1.85580523e-06
1.93000000e+01 1.87743487e-06
1.93500000e+01 1.89985313e-06
1.94000000e+01 1.92275040e-06
1.94500000e+01 1.94554390e-06
1.95000000e+01 1.96742080e-06
1.95500000e+01 1.98743543e-06
1.96000000e+01 2.00464423e-06
1.96500000e+01 2.01825687e-06
1.97000000e+01 2.02777173e-06
1.97500000e+01 2.03306453e-06
1.98000000e+01 2.03441057e-06
1.98500000e+01 2.03243453e-06
1.99000000e+01 2.02800630e-06
1.99500000e+01 2.02210933e-06
2.00000000e+01 2.01571380e-06
2.00500000e+01 2.00967683e-06
2.01000000e+01 2.00468057e-06
2.01500000e+01 2.00120867e-06
2.02000000e+01 1.99955453e-06
2.02500000e+01 1.99984720e-06
2.03000000e+01 2.00208627e-06
2.03500000e+01 2.00617333e-06
2.04000000e+01 2.01193770e-06
2.04500000e+01 2.01914983e-06
2.05000000e+01 2.02752497e-06
2.05500000e+01 2.03672270e-06
2.06000000e+01 2.04634743e-06
2.06500000e+01 2.05595473e-06
2.07000000e+01 2.06506900e-06
2.07500000e+01 2.07321443e-06
2.08000000e+01 2.07995910e-06
2.08500000e+01 2.08496443e-06
2.09000000e+01 2.08803663e-06
2.09500000e+01 2.08916843e-06
2.10000000e+01 2.08856327e-06
2.10500000e+01 2.08663443e-06
2.11000000e+01 2.08397830e-06
2.11500000e+01 2.08132297e-06
2.12000000e+01 2.07945967e-06
2.12500000e+01 2.07916387e-06
2.13000000e+01 2.08111507e-06
2.13500000e+01 2.08582327e-06
2.14000000e+01 2.09356457e-06
2.14500000e+01 2.10433340e-06
2.15000000e+01 2.11781463e-06
2.15500000e+01 2.13338243e-06
2.16000000e+01 2.15013170e-06
2.16500000e+01 2.16695037e-06
2.17000000e+01 2.18263283e-06
2.17500000e+01 2.19602523e-06
2.18000000e+01 2.20618057e-06
2.18500000e+01 2.21249740e-06
2.19000000e+01 2.21480373e-06
2.19500000e+01 2.21337103e-06
2.20000000e+01 2.20884900e-06
2.20500000e+01 2.20214207e-06
2.21000000e+01 2.19425493e-06
2.21500000e+01 2.18613723e-06
2.22000000e+01 2.17855937e-06
2.22500000e+01 2.17202667e-06
2.23000000e+01 2.16674460e-06
2.23500000e+01 2.16262697e-06
2.24000000e+01 2.15934127e-06
2.24500000e+01 2.15637973e-06
2.25000000e+01 2.15314437e-06
2.25500000e+01 2.14903267e-06
2.26000000e+01 2.14351313e-06
2.26500000e+01 2.13618663e-06
2.27000000e+01 2.12682063e-06
2.27500000e+01 2.11536460e-06
2.28000000e+01 2.10193867e-06
2.28500000e+01 2.08680777e-06
2.29000000e+01 2.07034147e-06
2.29500000e+01 2.05296700e-06
2.30000000e+01 2.03512470e-06
2.30500000e+01 2.01722420e-06
2.31000000e+01 1.99961433e-06
2.31500000e+01 1.98256180e-06
2.32000000e+01 1.96625007e-06
2.32500000e+01 1.95079017e-06
2.33000000e+01 1.93624363e-06
2.33500000e+01 1.92265400e-06
2.34000000e+01 1.91007057e-06
2.34500000e+01 1.89856623e-06
2.35000000e+01 1.88823783e-06
2.35500000e+01 1.87919483e-06
2.36000000e+01 1.87153373e-06
2.36500000e+01 1.86530887e-06
2.37000000e+01 1.86050670e-06
2.37500000e+01 1.85702510e-06
2.38000000e+01 1.85467093e-06
2.38500000e+01 1.85316940e-06
2.39000000e+01 1.85219123e-06
2.39500000e+01 1.85138830e-06
2.40000000e+01 1.85043463e-06
2.40500000e+01 1.84906530e-06
2.41000000e+01 1.84710393e-06
2.41500000e+01 1.84448107e-06
2.42000000e+01 1.84123553e-06
2.42500000e+01 1.83750657e-06
2.43000000e+01 1.83351210e-06
2.43500000e+01 1.82952017e-06
2.44000000e+01 1.82581407e-06
2.44500000e+01 1.82265037e-06
2.45000000e+01 1.82022443e-06
2.45500000e+01 1.81863697e-06
2.46000000e+01 1.81788080e-06
2.46500000e+01 1.81784090e-06
2.47000000e+01 1.81832203e-06
2.47500000e+01 1.81908990e-06
2.48000000e+01 1.81992377e-06
2.48500000e+01 1.82066707e-06
2.49000000e+01 1.82125670e-06
2.49500000e+01 1.82172997e-06
2.50000000e+01 1.82219493e-06
2.50500000e+01 1.82278623e-06
2.51000000e+01 1.82360480e-06
2.51500000e+01 1.82467150e-06
2.52000000e+01 1.82590513e-06
2.52500000e+01 1.82712883e-06
2.53000000e+01 1.82811157e-06
2.53500000e+01 1.82862450e-06
2.54000000e+01 1.82850577e-06
2.54500000e+01 1.82770327e-06
2.55000000e+01 1.82629437e-06
2.55500000e+01 1.82447017e-06
2.56000000e+01 1.82249463e-06
2.56500000e+01 1.82065113e-06
2.57000000e+01 1.81918927e-06
2.57500000e+01 1.81829057e-06
2.58000000e+01 1.81804670e-06
2.58500000e+01 1.81846430e-06
2.59000000e+01 1.81947677e-06
2.59500000e+01 1.82096747e-06
2.60000000e+01 1.82279100e-06
2.60500000e+01 1.82478997e-06
2.61000000e+01 1.82681087e-06
2.61500000e+01 1.82871117e-06
2.62000000e+01 1.83037033e-06
2.62500000e+01 1.83169447e-06
2.63000000e+01 1.83262563e-06
2.63500000e+01 1.83314520e-06
2.64000000e+01 1.83327670e-06
2.64500000e+01 1.83308147e-06
2.65000000e+01 1.83264530e-06
2.65500000e+01 1.83205927e-06
2.66000000e+01 1.83138613e-06
2.66500000e+01 1.83062677e-06
2.67000000e+01 1.82968700e-06
2.67500000e+01 1.82836140e-06
2.68000000e+01 1.82634023e-06
2.68500000e+01 1.82325403e-06
2.69000000e+01 1.81874383e-06
2.69500000e+01 1.81255050e-06
2.70000000e+01 1.80458837e-06
2.70500000e+01 1.79498830e-06
2.71000000e+01 1.78408667e-06
2.71500000e+01 1.77236153e-06
2.72000000e+01 1.76034147e-06
2.72500000e+01 1.74850143e-06
2.73000000e+01 1.73718677e-06
2.73500000e+01 1.72656173e-06
2.74000000e+01 1.71660587e-06
2.74500000e+01 1.70713200e-06
2.75000000e+01 1.69783033e-06
2.75500000e+01 1.68831630e-06
2.76000000e+01 1.67818173e-06
2.76500000e+01 1.66704343e-06
2.77000000e+01 1.65458153e-06
2.77500000e+01 1.64057417e-06
2.78000000e+01 1.62491237e-06
2.78500000e+01 1.60760877e-06
2.79000000e+01 1.58878840e-06
2.79500000e+01 1.56867313e-06
2.80000000e+01 1.54756357e-06
2.80500000e+01 1.52581567e-06
2.81000000e+01 1.50381683e-06
2.81500000e+01 1.48195253e-06
2.82000000e+01 1.46057677e-06
2.82500000e+01 1.43997563e-06
2.83000000e+01 1.42034410e-06
2.83500000e+01 1.40177333e-06
2.84000000e+01 1.38425420e-06
2.84500000e+01 1.36769210e-06
2.85000000e+01 1.35192950e-06
2.85500000e+01 1.33677967e-06
2.86000000e+01 1.32205700e-06
2.86500000e+01 1.30761813e-06
2.87000000e+01 1.29339123e-06
2.87500000e+01 1.27939173e-06
2.88000000e+01 1.26571050e-06
2.88500000e+01 1.25247777e-06
2.89000000e+01 1.23981167e-06
2.89500000e+01 1.22777077e-06
2.90000000e+01 1.21633367e-06
2.90500000e+01 1.20540243e-06
2.91000000e+01 1.19483160e-06
2.91500000e+01 1.18446267e-06
2.92000000e+01 1.17415227e-06
2.92500000e+01 1.16378377e-06
2.93000000e+01 1.15326403e-06
2.93500000e+01 1.14251260e-06
2.94000000e+01 1.13144570e-06
2.94500000e+01 1.11996793e-06
2.95000000e+01 1.10797563e-06
2.95500000e+01 1.09537013e-06
2.96000000e+01 1.08208013e-06
2.96500000e+01 1.06807370e-06
2.97000000e+01 1.05336353e-06
2.97500000e+01 1.03798951e-06
2.98000000e+01 1.02200277e-06
2.98500000e+01 1.00545014e-06
2.99000000e+01 9.88365913e-07
2.99500000e+01 9.70771153e-07
3.00000000e+01 9.52666287e-07
3.00500000e+01 9.34028603e-07
3.01000000e+01 9.14806500e-07
3.01500000e+01 8.94931453e-07
3.02000000e+01 8.74337797e-07
3.02500000e+01 8.52993570e-07
3.03000000e+01 8.30928893e-07
3.03500000e+01 8.08246107e-07
3.04000000e+01 7.85112077e-07
3.04500000e+01 7.61727200e-07
3.05000000e+01 7.38287290e-07
3.05500000e+01 7.14944783e-07
3.06000000e+01 6.91782853e-07
3.06500000e+01 6.68807657e-07
3.07000000e+01 6.45959867e-07
3.07500000e+01 6.23141370e-07
3.08000000e+01 6.00248240e-07
3.08500000e+01 5.77204253e-07
3.09000000e+01 5.53984747e-07
3.09500000e+01 5.30628563e-07
3.10000000e+01 5.07232260e-07
3.10500000e+01 4.83931943e-07
3.11000000e+01 4.60877703e-07
3.11500000e+01 4.38212917e-07
3.12000000e+01 4.16061237e-07
3.12500000e+01 3.94526830e-07
3.13000000e+01 3.73701797e-07
3.13500000e+01 3.53676563e-07
3.14000000e+01 3.34543717e-07
3.14500000e+01 3.16394170e-07
3.15000000e+01 2.99306313e-07
3.15500000e+01 2.83334143e-07
3.16000000e+01 2.68499760e-07
3.16500000e+01 2.54792263e-07
3.17000000e+01 2.42172540e-07
3.17500000e+01 2.30580377e-07
3.18000000e+01 2.19942833e-07
3.18500000e+01 2.10180910e-07
3.19000000e+01 2.01215177e-07
3.19500000e+01 1.92968943e-07
3.20000000e+01 1.85370583e-07
3.20500000e+01 1.78354533e-07
3.21000000e+01 1.71861497e-07
3.21500000e+01 1.65838540e-07
3.22000000e+01 1.60238437e-07
3.22500000e+01 1.55019447e-07
3.23000000e+01 1.50144567e-07
3.23500000e+01 1.45581100e-07
3.24000000e+01 1.41300100e-07
3.24500000e+01 1.37275933e-07
3.25000000e+01 1.33485863e-07
3.25500000e+01 1.29909690e-07
3.26000000e+01 1.26529417e-07
3.26500000e+01 1.23328960e-07
3.27000000e+01 1.20293973e-07
3.27500000e+01 1.17411540e-07
3.28000000e+01 1.14670077e-07
3.28500000e+01 1.12059140e-07
3.29000000e+01 1.09569303e-07
3.29500000e+01 1.07192030e-07
3.30000000e+01 1.04919550e-07
3.30500000e+01 1.02744853e-07
3.31000000e+01 1.00661491e-07
3.31500000e+01 9.86636107e-08
3.32000000e+01 9.67458530e-08
3.32500000e+01 9.49032927e-08
3.33000000e+01 9.31314317e-08
3.33500000e+01 9.14260927e-08
3.34000000e+01 8.97834750e-08
3.34500000e+01 8.82000197e-08
3.35000000e+01 8.66724690e-08
3.35500000e+01 8.51977947e-08
3.36000000e+01 8.37731860e-08
3.36500000e+01 8.23960520e-08
3.37000000e+01 8.10639390e-08
3.37500000e+01 7.97746153e-08
3.38000000e+01 7.85259550e-08
3.38500000e+01 7.73159977e-08
3.39000000e+01 7.61429070e-08
3.39500000e+01 7.50049480e-08
3.40000000e+01 7.39005213e-08
3.40500000e+01 7.28280977e-08
3.41000000e+01 7.17862780e-08
3.41500000e+01 7.07736967e-08
3.42000000e+01 6.97891180e-08
3.42500000e+01 6.88313427e-08
3.43000000e+01 6.78992580e-08
3.43500000e+01 6.69918067e-08
3.44000000e+01 6.61079930e-08
3.44500000e+01 6.52468810e-08
3.45000000e+01 6.44075643e-08
3.45500000e+01 6.35892153e-08
3.46000000e+01 6.27910213e-08
3.46500000e+01 6.20122280e-08
3.47000000e+01 6.12521137e-08
3.47500000e+01 6.05099903e-08
3.48000000e+01 5.97852193e-08
3.48500000e+01 5.90771643e-08
3.49000000e+01 5.83852530e-08
3.49500000e+01 5.77089127e-08
3.50000000e+01 5.70476133e-08
3.50500000e+01 5.64008397e-08
3.51000000e+01 5.57681157e-08
3.51500000e+01 5.51489683e-08
3.52000000e+01 5.45429493e-08
3.52500000e+01 5.39496453e-08
3.53000000e+01 5.33686460e-08
3.53500000e+01 5.27995643e-08
3.54000000e+01 5.22420193e-08
3.54500000e+01 5.16956620e-08
3.55000000e+01 5.11601530e-08
3.55500000e+01 5.06351700e-08
3.56000000e+01 5.01203823e-08
3.56500000e+01 4.96155013e-08
3.57000000e+01 4.91202317e-08
3.57500000e+01 4.86343010e-08
3.58000000e+01 4.81574373e-08
3.58500000e+01 4.76893820e-08
3.59000000e+01 4.72298960e-08
3.59500000e+01 4.67787340e-08
3.60000000e+01 4.63356727e-08
3.60500000e+01 4.59004900e-08
3.61000000e+01 4.54729713e-08
3.61500000e+01 4.50529110e-08
3.62000000e+01 4.46401130e-08
3.62500000e+01 4.42343997e-08
3.63000000e+01 4.38355650e-08
3.63500000e+01 4.34434477e-08
3.64000000e+01 4.30578720e-08
3.64500000e+01 4.26786737e-08
3.65000000e+01 4.23056947e-08
3.65500000e+01 4.19387777e-08
3.66000000e+01 4.15777733e-08
3.66500000e+01 4.12225380e-08
3.67000000e+01 4.08729420e-08
3.67500000e+01 4.05288353e-08
3.68000000e+01 4.01900970e-08
3.68500000e+01 3.98565960e-08
3.69000000e+01 3.95282150e-08
3.69500000e+01 3.92048347e-08
3.70000000e+01 3.88863333e-08
3.70500000e+01 3.85726087e-08
3.71000000e+01 3.82635473e-08
3.71500000e+01 3.79590490e-08
3.72000000e+01 3.76590100e-08
3.72500000e+01 3.73633327e-08
3.73000000e+01 3.70719173e-08
3.73500000e+01 3.67846740e-08
3.74000000e+01 3.65015213e-08
3.74500000e+01 3.62223580e-08
3.75000000e+01 3.59471077e-08
3.75500000e+01 3.56756847e-08
3.76000000e+01 3.54080120e-08
3.76500000e+01 3.51440100e-08
3.77000000e+01 3.48835997e-08
3.77500000e+01 3.46267157e-08
3.78000000e+01 3.43732777e-08
3.78500000e+01 3.41232230e-08
3.79000000e+01 3.38764813e-08
3.79500000e+01 3.36329860e-08
3.80000000e+01 3.33926717e-08
3.80500000e+01 3.31554763e-08
3.81000000e+01 3.29213483e-08
3.81500000e+01 3.26902137e-08
3.82000000e+01 3.24620247e-08
3.82500000e+01 3.22367213e-08
3.83000000e+01 3.20142510e-08
3.83500000e+01 3.17945600e-08
3.84000000e+01 3.15775950e-08
3.84500000e+01 3.13633050e-08
3.85000000e+01 3.11516403e-08
3.85500000e+01 3.09425600e-08
3.86000000e+01 3.07360060e-08
3.86500000e+01 3.05319397e-08
3.87000000e+01 3.03303123e-08
3.87500000e+01 3.01310843e-08
3.88000000e+01 2.99342117e-08
3.88500000e+01 2.97396487e-08
3.89000000e+01 2.95473610e-08
3.89500000e+01 2.93573043e-08
3.90000000e+01 2.91694433e-08
3.90500000e+01 2.89837397e-08
3.91000000e+01 2.88001543e-08
3.91500000e+01 2.86186500e-08
3.92000000e+01 2.84391937e-08
3.92500000e+01 2.82617563e-08
3.93000000e+01 2.80862933e-08
3.93500000e+01 2.79127790e-08
3.94000000e+01 2.77411790e-08
3.94500000e+01 2.75714623e-08
3.95000000e+01 2.74035990e-08
3.95500000e+01 2.72375557e-08
3.96000000e+01 2.70733073e-08
3.96500000e+01 2.69108203e-08
3.97000000e+01 2.67500723e-08
3.97500000e+01 2.65910320e-08
3.98000000e+01 2.64336727e-08
3.98500000e+01 2.62779653e-08
3.99000000e+01 2.61238897e-08
3.99500000e+01 2.59714173e-08
4.00000000e+01 2.58205203e-08
4.00500000e+01 2.56711817e-08
4.01000000e+01 2.55233700e-08
4.01500000e+01 2.53770693e-08
4.02000000e+01 2.52322517e-08
4.02500000e+01 2.50888960e-08
4.03000000e+01 2.49469790e-08
4.03500000e+01 2.48064817e-08
4.04000000e+01 2.46673840e-08
4.04500000e+01 2.45296593e-08
4.05000000e+01 2.43932943e-08
4.05500000e+01 2.42582640e-08
4.06000000e+01 2.41245533e-08
4.06500000e+01 2.39921403e-08
4.07000000e+01 2.38610047e-08
4.07500000e+01 2.37311330e-08
4.08000000e+01 2.36025033e-08
4.08500000e+01 2.34751007e-08
4.09000000e+01 2.33489060e-08
4.09500000e+01 2.32239020e-08
4.10000000e+01 2.31000727e-08
4.10500000e+01 2.29774023e-08
4.11000000e+01 2.28558760e-08
4.11500000e+01 2.27354730e-08
4.12000000e+01 2.26161833e-08
4.12500000e+01 2.24979887e-08
4.13000000e+01 2.23808757e-08
4.13500000e+01 2.22648293e-08
4.14000000e+01 2.21498347e-08
4.14500000e+01 2.20358770e-08
4.15000000e+01 2.19229437e-08
4.15500000e+01 2.18110223e-08
4.16000000e+01 2.17000973e-08
4.16500000e+01 2.15901577e-08
4.17000000e+01 2.14811873e-08
4.17500000e+01 2.13731767e-08
4.18000000e+01 2.12661117e-08
4.18500000e+01 2.11599783e-08
4.19000000e+01 2.10547697e-08
4.19500000e+01 2.09504690e-08
4.20000000e+01 2.08470683e-08
4.20500000e+01 2.07445540e-08
4.21000000e+01 2.06429153e-08
4.21500000e+01 2.05421407e-08
4.22000000e+01 2.04422203e-08
4.22500000e+01 2.03431447e-08
4.23000000e+01 2.02448987e-08
4.23500000e+01 2.01474773e-08
4.24000000e+01 2.00508667e-08
4.24500000e+01 1.99550597e-08
4.25000000e+01 1.98600447e-08
4.25500000e+01 1.97658107e-08
4.26000000e+01 1.96723520e-08
4.26500000e+01 1.95796560e-08
4.27000000e+01 1.94877163e-08
4.27500000e+01 1.93965217e-08
4.28000000e+01 1.93060637e-08
4.28500000e+01 1.92163330e-08
4.29000000e+01 1.91273220e-08
4.29500000e+01 1.90390240e-08
4.30000000e+01 1.89514257e-08
4.30500000e+01 1.88645233e-08
4.31000000e+01 1.87783063e-08
4.31500000e+01 1.86927690e-08
4.32000000e+01 1.86079017e-08
4.32500000e+01 1.85236967e-08
4.33000000e+01 1.84401463e-08
4.33500000e+01 1.83572437e-08
4.34000000e+01 1.82749837e-08
4.34500000e+01 1.81933540e-08
4.35000000e+01 1.81123513e-08
4.35500000e+01 1.80319670e-08
4.36000000e+01 1.79521953e-08
4.36500000e+01 1.78730283e-08
4.37000000e+01 1.77944587e-08
4.37500000e+01 1.77164820e-08
4.38000000e+01 1.76390897e-08
4.38500000e+01 1.75622773e-08
4.39000000e+01 1.74860367e-08
4.39500000e+01 1.74103623e-08
4.40000000e+01 1.73352473e-08
4.40500000e+01 1.72606863e-08
4.41000000e+01 1.71866750e-08
4.41500000e+01 1.71132033e-08
4.42000000e+01 1.70402690e-08
4.42500000e+01 1.69678647e-08
4.43000000e+01 1.68959860e-08
4.43500000e+01 1.68246263e-08
4.44000000e+01 1.67537793e-08
4.44500000e+01 1.66834420e-08
4.45000000e+01 1.66136070e-08
4.45500000e+01 1.65442703e-08
4.46000000e+01 1.64754260e-08
4.46500000e+01 1.64070697e-08
4.47000000e+01 1.63391950e-08
4.47500000e+01 1.62717977e-08
4.48000000e+01 1.62048740e-08
4.48500000e+01 1.61384167e-08
4.49000000e+01 1.60724230e-08
4.49500000e+01 1.60068870e-08
4.50000000e+01 1.59418053e-08
4.50500000e+01 1.58771727e-08
4.51000000e+01 1.58129840e-08
4.51500000e+01 1.57492350e-08
4.52000000e+01 1.56859220e-08
4.52500000e+01 1.56230413e-08
4.53000000e+01 1.55605860e-08
4.53500000e+01 1.54985543e-08
4.54000000e+01 1.54369403e-08
4.54500000e+01 1.53757417e-08
4.55000000e+01 1.53149533e-08
4.55500000e+01 1.52545703e-08
4.56000000e+01 1.51945907e-08
4.56500000e+01 1.51350090e-08
4.57000000e+01 1.50758233e-08
4.57500000e+01 1.50170273e-08
4.58000000e+01 1.49586187e-08
4.58500000e+01 1.49005930e-08
4.59000000e+01 1.48429473e-08
4.59500000e+01 1.47856787e-08
4.60000000e+01 1.47287810e-08
4.60500000e+01 1.46722533e-08
4.61000000e+01 1.46160903e-08
4.61500000e+01 1.45602907e-08
4.62000000e+01 1.45048487e-08
4.62500000e+01 1.44497617e-08
4.63000000e+01 1.43950277e-08
4.63500000e+01 1.43406413e-08
4.64000000e+01 1.42866017e-08
4.64500000e+01 1.42329040e-08
4.65000000e+01 1.41795457e-08
4.65500000e+01 1.41265223e-08
4.66000000e+01 1.40738333e-08
4.66500000e+01 1.40214737e-08
4.67000000e+01 1.39694403e-08
4.67500000e+01 1.39177320e-08
4.68000000e+01 1.38663440e-08
4.68500000e+01 1.38152747e-08
4.69000000e+01 1.37645210e-08
4.69500000e+01 1.37140790e-08
4.70000000e+01 1.36639463e-08
4.70500000e+01 1.36141210e-08
4.71000000e+01 1.35646010e-08
4.71500000e+01 1.35153810e-08
4.72000000e+01 1.34664607e-08
4.72500000e+01 1.34178357e-08
4.73000000e+01 1.33695053e-08
4.73500000e+01 1.33214657e-08
4.74000000e+01 1.32737137e-08
4.74500000e+01 1.32262487e-08
4.75000000e+01 1.31790667e-08
4.75500000e+01 1.31321663e-08
4.76000000e+01 1.30855447e-08
4.76500000e+01 1.30391987e-08
4.77000000e+01 1.29931263e-08
4.77500000e+01 1.29473253e-08
4.78000000e+01 1.29017953e-08
4.78500000e+01 1.28565300e-08
4.79000000e+01 1.28115307e-08
4.79500000e+01 1.27667933e-08
4.80000000e+01 1.27223167e-08
4.80500000e+01 1.26780973e-08
4.81000000e+01 1.26341347e-08
4.81500000e+01 1.25904243e-08
4.82000000e+01 1.25469660e-08
4.82500000e+01 1.25037587e-08
4.83000000e+01 1.24607973e-08
4.83500000e+01 1.24180817e-08
4.84000000e+01 1.23756093e-08
4.84500000e+01 1.23333787e-08
4.85000000e+01 1.22913870e-08
4.85500000e+01 1.22496327e-08
4.86000000e+01 1.22081140e-08
4.86500000e+01 1.21668287e-08
4.87000000e+01 1.21257753e-08
4.87500000e+01 1.20849520e-08
4.88000000e+01 1.20443563e-08
4.88500000e+01 1.20039863e-08
4.89000000e+01 1.19638403e-08
4.89500000e+01 1.19239183e-08
4.90000000e+01 1.18842157e-08
4.90500000e+01 1.18447327e-08
4.91000000e+01 1.18054663e-08
4.91500000e+01 1.17664160e-08
4.92000000e+01 1.17275790e-08
4.92500000e+01 1.16889537e-08
4.93000000e+01 1.16505397e-08
4.93500000e+01 1.16123340e-08
4.94000000e+01 1.15743357e-08
4.94500000e+01 1.15365427e-08
4.95000000e+01 1.14989537e-08
4.95500000e+01 1.14615670e-08
4.96000000e+01 1.14243807e-08
4.96500000e+01 1.13873947e-08
4.97000000e+01 1.13506050e-08
4.97500000e+01 1.13140123e-08
4.98000000e+01 1.12776137e-08
4.98500000e+01 1.12414090e-08
4.99000000e+01 1.12053957e-08
4.99500000e+01 1.11695720e-08
5.00000000e+01 1.11339373e-08
5.00500000e+01 1.10984903e-08
5.01000000e+01 1.10632297e-08
5.01500000e+01 1.10281527e-08
5.02000000e+01 1.09932593e-08
5.02500000e+01 1.09585470e-08
5.03000000e+01 1.09240157e-08
5.03500000e+01 1.08896637e-08
5.04000000e+01 1.08554887e-08
5.04500000e+01 1.08214903e-08
5.05000000e+01 1.07876673e-08
5.05500000e+01 1.07540183e-08
5.06000000e+01 1.07205417e-08
5.06500000e+01 1.06872360e-08
5.07000000e+01 1.06541003e-08
5.07500000e+01 1.06211333e-08
5.08000000e+01 1.05883347e-08
5.08500000e+01 1.05557013e-08
5.09000000e+01 1.05232333e-08
5.09500000e+01 1.04909290e-08
5.10000000e+01 1.04587877e-08
5.10500000e+01 1.04268083e-08
5.11000000e+01 1.03949883e-08
5.11500000e+01 1.03633280e-08
5.12000000e+01 1.03318253e-08
5.12500000e+01 1.03004807e-08
5.13000000e+01 1.02692913e-08
5.13500000e+01 1.02382563e-08
5.14000000e+01 1.02073750e-08
5.14500000e+01 1.06162973e-08
5.15000000e+01 1.05842577e-08
5.15500000e+01 1.14258003e-08
5.16000000e+01 1.13911787e-08
5.16500000e+01 1.13567273e-08
5.17000000e+01 1.17471303e-08
5.17500000e+01 1.17116157e-08
5.18000000e+01 1.20944167e-08
5.18500000e+01 1.20578743e-08
5.19000000e+01 1.28675387e-08
5.19500000e+01 1.28285830e-08
5.20000000e+01 1.27898170e-08
5.20500000e+01 1.31553137e-08
5.21000000e+01 1.31156077e-08
5.21500000e+01 1.34740160e-08
5.22000000e+01 1.38630513e-08
5.22500000e+01 1.38212427e-08
5.23000000e+01 1.41702213e-08
5.23500000e+01 1.41275550e-08
5.24000000e+01 1.44697800e-08
5.24500000e+01 1.44262867e-08
5.25000000e+01 1.43830017e-08
5.25500000e+01 1.51413500e-08
5.26000000e+01 1.50959147e-08
5.26500000e+01 1.54226860e-08
5.27000000e+01 1.53764960e-08
5.27500000e+01 1.56969633e-08
5.28000000e+01 1.56500483e-08
5.28500000e+01 1.56033567e-08
5.29000000e+01 1.63347747e-08
5.29500000e+01 1.62860630e-08
5.30000000e+01 1.65920607e-08
5.30500000e+01 1.65426933e-08
5.31000000e+01 1.64935587e-08
5.31500000e+01 1.67928017e-08
5.32000000e+01 1.67430347e-08
5.32500000e+01 1.70365320e-08
5.33000000e+01 1.73974177e-08
5.33500000e+01 1.73459973e-08
5.34000000e+01 1.76317343e-08
5.34500000e+01 1.75797460e-08
5.35000000e+01 1.78600010e-08
5.35500000e+01 1.78074657e-08
5.36000000e+01 1.77551737e-08
5.36500000e+01 1.84352677e-08
5.37000000e+01 1.83812017e-08
5.37500000e+01 1.86487920e-08
5.38000000e+01 1.85942363e-08
5.38500000e+01 1.85399277e-08
5.39000000e+01 1.88016720e-08
5.39500000e+01 1.87468963e-08
5.40000000e+01 1.86923710e-08
5.40500000e+01 1.93480707e-08
5.41000000e+01 1.92918800e-08
5.41500000e+01 1.95417853e-08
5.42000000e+01 1.94851770e-08
5.42500000e+01 1.94288267e-08
5.43000000e+01 1.96732963e-08
5.43500000e+01 1.96165473e-08
5.44000000e+01 1.98563463e-08
5.44500000e+01 2.01927980e-08
5.45000000e+01 2.01347430e-08
5.45500000e+01 2.03681340e-08
5.46000000e+01 2.03097283e-08
5.46500000e+01 2.02515797e-08
5.47000000e+01 2.04799173e-08
5.47500000e+01 2.04214353e-08
5.48000000e+01 2.06454153e-08
5.48500000e+01 2.09743433e-08
5.49000000e+01 2.09146533e-08
5.49500000e+01 2.11326203e-08
5.50000000e+01 2.10726367e-08
5.50500000e+01 2.10129203e-08
5.51000000e+01 2.12261783e-08
5.51500000e+01 2.11661830e-08
5.52000000e+01 2.13753757e-08
5.52500000e+01 2.13151150e-08
5.53000000e+01 2.16360980e-08
5.53500000e+01 2.18396390e-08
5.54000000e+01 2.17782867e-08
5.54500000e+01 2.17172000e-08
5.55000000e+01 2.19163610e-08
5.55500000e+01 2.18550470e-08
5.56000000e+01 2.20504080e-08
5.56500000e+01 2.19888840e-08
5.57000000e+01 2.23032030e-08
5.57500000e+01 2.24932510e-08
5.58000000e+01 2.24307100e-08
5.58500000e+01 2.23684417e-08
5.59000000e+01 2.25544080e-08
5.59500000e+01 2.24919563e-08
5.60000000e+01 2.24297753e-08
5.60500000e+01 2.26117530e-08
5.61000000e+01 2.25494027e-08
5.61500000e+01 2.30971980e-08
5.62000000e+01 2.30336410e-08
5.62500000e+01 2.29703530e-08
5.63000000e+01 2.31439620e-08
5.63500000e+01 2.30805390e-08
5.64000000e+01 2.30173817e-08
5.64500000e+01 2.31872757e-08
5.65000000e+01 2.31239927e-08
5.65500000e+01 2.30609747e-08
5.66000000e+01 2.32272357e-08
5.66500000e+01 2.35263627e-08
5.67000000e+01 2.34624763e-08
5.67500000e+01 2.36241427e-08
5.68000000e+01 2.35601600e-08
5.68500000e+01 2.37187260e-08
5.69000000e+01 2.36546523e-08
5.69500000e+01 2.35908437e-08
5.70000000e+01 2.37460220e-08
5.70500000e+01 2.36821337e-08
5.71000000e+01 2.39750233e-08
5.71500000e+01 2.41258720e-08
5.72000000e+01 2.40611903e-08
5.72500000e+01 2.39967770e-08
5.73000000e+01 2.41444017e-08
5.73500000e+01 2.40799303e-08
5.74000000e+01 2.40157230e-08
5.74500000e+01 2.41601947e-08
5.75000000e+01 2.40959397e-08
5.75500000e+01 2.40319457e-08
5.76000000e+01 2.45233390e-08
5.76500000e+01 2.44583487e-08
5.77000000e+01 2.43936223e-08
5.77500000e+01 2.45310217e-08
5.78000000e+01 2.44662667e-08
5.78500000e+01 2.44017747e-08
5.79000000e+01 2.45362393e-08
5.79500000e+01 2.44717277e-08
5.80000000e+01 2.44074730e-08
5.80500000e+01 2.45390693e-08
5.81000000e+01 2.48185957e-08
5.81500000e+01 2.49466923e-08
5.82000000e+01 2.48815013e-08
5.82500000e+01 2.48165650e-08
5.83000000e+01 2.49419227e-08
5.83500000e+01 2.48769953e-08
5.84000000e+01 2.48123247e-08
5.84500000e+01 2.49350037e-08
5.85000000e+01 2.48703460e-08
5.85500000e+01 2.48059407e-08
5.86000000e+01 2.52638033e-08
5.86500000e+01 2.51985227e-08
5.87000000e+01 2.51334967e-08
5.87500000e+01 2.52500727e-08
5.88000000e+01 2.51850763e-08
5.88500000e+01 2.51203363e-08
5.89000000e+01 2.52344143e-08
5.89500000e+01 2.51697097e-08
5.90000000e+01 2.51052533e-08
5.90500000e+01 2.52168887e-08
5.91000000e+01 2.51524733e-08
5.91500000e+01 2.54195300e-08
5.92000000e+01 2.55278823e-08
5.92500000e+01 2.54628983e-08
5.93000000e+01 2.53981630e-08
5.93500000e+01 2.55041907e-08
5.94000000e+01 2.54395100e-08
5.94500000e+01 2.53750820e-08
5.95000000e+01 2.53108987e-08
5.95500000e+01 2.54144580e-08
5.96000000e+01 2.53503330e-08
5.96500000e+01 2.52864520e-08
5.97000000e+01 2.57126817e-08
5.97500000e+01 2.56480243e-08
5.98000000e+01 2.55836170e-08
5.98500000e+01 2.56819203e-08
5.99000000e+01 2.56175833e-08
5.99500000e+01 2.55534897e-08
6.00000000e+01 2.56496763e-08
6.00500000e+01 2.55856590e-08
6.01000000e+01 2.55218827e-08
6.01500000e+01 2.56159943e-08
6.02000000e+01 2.55522960e-08
6.02500000e+01 2.58076970e-08
6.03000000e+01 2.58989470e-08
6.03500000e+01 2.58347607e-08
6.04000000e+01 2.57708167e-08
6.04500000e+01 2.58600907e-08
6.05000000e+01 2.57962377e-08
6.05500000e+01 2.57326210e-08
6.06000000e+01 2.58199587e-08
6.06500000e+01 2.57564363e-08
6.07000000e+01 2.56931483e-08
6.07500000e+01 2.57785950e-08
6.08000000e+01 2.60284580e-08
6.08500000e+01 2.59647183e-08
6.09000000e+01 2.59012107e-08
6.09500000e+01 2.59838650e-08
6.10000000e+01 2.59204637e-08
6.10500000e+01 2.58572933e-08
6.11000000e+01 2.59381467e-08
6.11500000e+01 2.58750827e-08
6.12000000e+01 2.58122520e-08
6.12500000e+01 2.58913413e-08
6.13000000e+01 2.58286157e-08
6.13500000e+01 2.57661180e-08
6.14000000e+01 2.61502180e-08
6.14500000e+01 2.60870750e-08
6.15000000e+01 2.60241590e-08
6.15500000e+01 2.60990593e-08
6.16000000e+01 2.60362627e-08
6.16500000e+01 2.59736930e-08
6.17000000e+01 2.59113497e-08
6.17500000e+01 2.59844957e-08
6.18000000e+01 2.59222700e-08
6.18500000e+01 2.58602697e-08
6.19000000e+01 2.59318077e-08
6.19500000e+01 2.58699257e-08
6.20000000e+01 2.58082667e-08
6.20500000e+01 2.61781887e-08
6.21000000e+01 2.61159240e-08
6.21500000e+01 2.60538793e-08
6.22000000e+01 2.61215563e-08
6.22500000e+01 2.60596410e-08
6.23000000e+01 2.59979420e-08
6.23500000e+01 2.59364657e-08
6.24000000e+01 2.60025517e-08
6.24500000e+01 2.59412020e-08
6.25000000e+01 2.58800710e-08
6.25500000e+01 2.59446863e-08
6.26000000e+01 2.58836853e-08
6.26500000e+01 2.61171240e-08
6.27000000e+01 2.61795813e-08
6.27500000e+01 2.61182243e-08
6.28000000e+01 2.60570850e-08
6.28500000e+01 2.59961573e-08
6.29000000e+01 2.60571327e-08
6.29500000e+01 2.59963410e-08
6.30000000e+01 2.59357637e-08
6.30500000e+01 2.59953697e-08
6.31000000e+01 2.59349287e-08
6.31500000e+01 2.58747003e-08
6.32000000e+01 2.59329683e-08
6.32500000e+01 2.58728793e-08
6.33000000e+01 2.61010287e-08
6.33500000e+01 2.60406737e-08
6.34000000e+01 2.60968627e-08
6.34500000e+01 2.60366487e-08
6.35000000e+01 2.59766447e-08
6.35500000e+01 2.60315570e-08
6.36000000e+01 2.59716967e-08
6.36500000e+01 2.59120437e-08
6.37000000e+01 2.58525960e-08
6.37500000e+01 2.59061973e-08
6.38000000e+01 2.58468903e-08
6.38500000e+01 2.57877863e-08
6.39000000e+01 2.58401647e-08
6.39500000e+01 2.60633267e-08
6.40000000e+01 2.60039137e-08
6.40500000e+01 2.60544240e-08
6.41000000e+01 2.59951610e-08
6.41500000e+01 2.59360997e-08
6.42000000e+01 2.58772373e-08
6.42500000e+01 2.59265297e-08
6.43000000e+01 2.58678153e-08
6.43500000e+01 2.58092990e-08
6.44000000e+01 2.58574507e-08
6.44500000e+01 2.57990850e-08
6.45000000e+01 2.57409147e-08
6.45500000e+01 2.56829443e-08
6.46000000e+01 2.57299330e-08
6.46500000e+01 2.59479497e-08
6.47000000e+01 2.58896883e-08
6.47500000e+01 2.59349357e-08
6.48000000e+01 2.58768280e-08
6.48500000e+01 2.58189117e-08
6.49000000e+01 2.57611903e-08
6.49500000e+01 2.58053347e-08
6.50000000e+01 2.57477703e-08
6.50500000e+01 2.56903923e-08
6.51000000e+01 2.57334990e-08
6.51500000e+01 2.56762733e-08
6.52000000e+01 2.56192393e-08
6.52500000e+01 2.55623930e-08
6.53000000e+01 2.56044400e-08
6.53500000e+01 2.58175980e-08
6.54000000e+01 2.57604833e-08
6.54500000e+01 2.58009123e-08
6.55000000e+01 2.57439577e-08
6.55500000e+01 2.56871870e-08
6.56000000e+01 2.56306020e-08
6.56500000e+01 2.56700283e-08
6.57000000e+01 2.56136000e-08
6.57500000e+01 2.55573557e-08
6.58000000e+01 2.55012947e-08
6.58500000e+01 2.55397413e-08
6.59000000e+01 2.54838373e-08
6.59500000e+01 2.54281150e-08
6.60000000e+01 2.54656333e-08
6.60500000e+01 2.54100657e-08
6.61000000e+01 2.56182293e-08
6.61500000e+01 2.55624333e-08
6.62000000e+01 2.55984187e-08
6.62500000e+01 2.55427827e-08
6.63000000e+01 2.54873253e-08
6.63500000e+01 2.55224240e-08
6.64000000e+01 2.54671303e-08
6.64500000e+01 2.54120077e-08
6.65000000e+01 2.53570673e-08
6.65500000e+01 2.53912770e-08
6.66000000e+01 2.53364887e-08
6.66500000e+01 2.52818780e-08
6.67000000e+01 2.52274413e-08
6.67500000e+01 2.52607847e-08
6.68000000e+01 2.52065027e-08
6.68500000e+01 2.54099527e-08
6.69000000e+01 2.54418880e-08
6.69500000e+01 2.53873773e-08
6.70000000e+01 2.53330380e-08
6.70500000e+01 2.52788703e-08
6.71000000e+01 2.53099820e-08
6.71500000e+01 2.52559730e-08
6.72000000e+01 2.52021343e-08
6.72500000e+01 2.51484670e-08
6.73000000e+01 2.51787760e-08
6.73500000e+01 2.51252680e-08
6.74000000e+01 2.50719277e-08
6.74500000e+01 2.51014597e-08
6.75000000e+01 2.50482747e-08
6.75500000e+01 2.49952557e-08
6.76000000e+01 2.51942430e-08
6.76500000e+01 2.52224500e-08
6.77000000e+01 2.51692140e-08
6.77500000e+01 2.51161460e-08
6.78000000e+01 2.50632443e-08
6.78500000e+01 2.50907060e-08
6.79000000e+01 2.50379623e-08
6.79500000e+01 2.49853803e-08
6.80000000e+01 2.49329630e-08
6.80500000e+01 2.49596953e-08
6.81000000e+01 2.49074340e-08
6.81500000e+01 2.48553337e-08
6.82000000e+01 2.48813617e-08
6.82500000e+01 2.48294213e-08
6.83000000e+01 2.47776380e-08
6.83500000e+01 2.47260167e-08
6.84000000e+01 2.49972007e-08
6.84500000e+01 2.49452140e-08
6.85000000e+01 2.48933867e-08
6.85500000e+01 2.48417180e-08
6.86000000e+01 2.48658363e-08
6.86500000e+01 2.48143237e-08
6.87000000e+01 2.47629757e-08
6.87500000e+01 2.47117780e-08
6.88000000e+01 2.47352387e-08
6.88500000e+01 2.46841983e-08
6.89000000e+01 2.46333123e-08
6.89500000e+01 2.45825827e-08
6.90000000e+01 2.46053967e-08
6.90500000e+01 2.45548203e-08
6.91000000e+01 2.45044007e-08
6.91500000e+01 2.44541327e-08
6.92000000e+01 2.44763163e-08
6.92500000e+01 2.46658797e-08
6.93000000e+01 2.46154190e-08
6.93500000e+01 2.46364727e-08
6.94000000e+01 2.45861657e-08
6.94500000e+01 2.45360120e-08
6.95000000e+01 2.44860103e-08
6.95500000e+01 2.45064650e-08
6.96000000e+01 2.44566197e-08
6.96500000e+01 2.44069233e-08
6.97000000e+01 2.43573733e-08
6.97500000e+01 2.43772467e-08
6.98000000e+01 2.43278497e-08
6.98500000e+01 2.42786017e-08
6.99000000e+01 2.42295003e-08
6.99500000e+01 2.42487997e-08
7.00000000e+01 2.41998517e-08
7.00500000e+01 2.43853360e-08
7.01000000e+01 2.43362000e-08
7.01500000e+01 2.43544527e-08
7.02000000e+01 2.43054693e-08
7.02500000e+01 2.42566313e-08
7.03000000e+01 2.42079383e-08
7.03500000e+01 2.42256487e-08
7.04000000e+01 2.41771077e-08
7.04500000e+01 2.41287093e-08
7.05000000e+01 2.40804547e-08
7.05500000e+01 2.40976390e-08
7.06000000e+01 2.40495363e-08
7.06500000e+01 2.40015763e-08
7.07000000e+01 2.39537553e-08
7.07500000e+01 2.39704197e-08
7.08000000e+01 2.39227487e-08
7.08500000e+01 2.38752167e-08
7.09000000e+01 2.38278250e-08
7.09500000e+01 2.40721990e-08
7.10000000e+01 2.40244973e-08
7.10500000e+01 2.39769357e-08
7.11000000e+01 2.39295137e-08
7.11500000e+01 2.39447113e-08
7.12000000e+01 2.38974363e-08
7.12500000e+01 2.38502993e-08
7.13000000e+01 2.38032987e-08
7.13500000e+01 2.38180177e-08
7.14000000e+01 2.37711680e-08
7.14500000e+01 2.37244530e-08
7.15000000e+01 2.36778740e-08
7.15500000e+01 2.36921273e-08
7.16000000e+01 2.36456943e-08
7.16500000e+01 2.35993960e-08
7.17000000e+01 2.35532303e-08
7.17500000e+01 2.35670247e-08
7.18000000e+01 2.35210050e-08
7.18500000e+01 2.36975847e-08
7.19000000e+01 2.36513903e-08
7.19500000e+01 2.36642913e-08
7.20000000e+01 2.36182427e-08
7.20500000e+01 2.35723283e-08
7.21000000e+01 2.35265430e-08
7.21500000e+01 2.35390090e-08
7.22000000e+01 2.34933697e-08
7.22500000e+01 2.34478610e-08
7.23000000e+01 2.34024810e-08
7.23500000e+01 2.33572317e-08
7.24000000e+01 2.33692947e-08
7.24500000e+01 2.33241883e-08
7.25000000e+01 2.32792130e-08
7.25500000e+01 2.32343627e-08
7.26000000e+01 2.32460090e-08
7.26500000e+01 2.32013010e-08
7.27000000e+01 2.31567200e-08
7.27500000e+01 2.33292710e-08
7.28000000e+01 2.33400817e-08
7.28500000e+01 2.32953497e-08
7.29000000e+01 2.32507417e-08
7.29500000e+01 2.32062600e-08
7.30000000e+01 2.32166800e-08
7.30500000e+01 2.31723403e-08
7.31000000e+01 2.31281257e-08
7.31500000e+01 2.30840323e-08
7.32000000e+01 2.30940720e-08
7.32500000e+01 2.30501210e-08
7.33000000e+01 2.30062950e-08
7.33500000e+01 2.29625907e-08
7.34000000e+01 2.29190097e-08
7.34500000e+01 2.29286943e-08
7.35000000e+01 2.28852517e-08
7.35500000e+01 2.28419290e-08
7.36000000e+01 2.27987260e-08
7.36500000e+01 2.28080460e-08
7.37000000e+01 2.29763823e-08
7.37500000e+01 2.29330350e-08
7.38000000e+01 2.28898077e-08
7.38500000e+01 2.28983597e-08
7.39000000e+01 2.28552707e-08
7.39500000e+01 2.28123000e-08
7.40000000e+01 2.27694483e-08
7.40500000e+01 2.27776557e-08
7.41000000e+01 2.27349423e-08
7.41500000e+01 2.26923457e-08
7.42000000e+01 2.26498653e-08
7.42500000e+01 2.26075063e-08
7.43000000e+01 2.26153973e-08
7.43500000e+01 2.25731740e-08
7.44000000e+01 2.25310623e-08
7.44500000e+01 2.24890673e-08
7.45000000e+01 2.24966293e-08
7.45500000e+01 2.24547687e-08
7.46000000e+01 2.24130233e-08
7.46500000e+01 2.23713907e-08
7.47000000e+01 2.25843287e-08
7.47500000e+01 2.25424437e-08
7.48000000e+01 2.25006750e-08
7.48500000e+01 2.24590160e-08
7.49000000e+01 2.24174707e-08
7.49500000e+01 2.24240270e-08
7.50000000e+01 2.23826153e-08
7.50500000e+01 2.23413170e-08
7.51000000e+01 2.23001307e-08
7.51500000e+01 2.23063843e-08
7.52000000e+01 2.22653320e-08
7.52500000e+01 2.22243900e-08
7.53000000e+01 2.21835580e-08
7.53500000e+01 2.21895137e-08
7.54000000e+01 2.21488123e-08
7.54500000e+01 2.21082213e-08
7.55000000e+01 2.20677383e-08
7.55500000e+01 2.20273637e-08
7.56000000e+01 2.20330530e-08
7.56500000e+01 2.19928117e-08
7.57000000e+01 2.21529720e-08
7.57500000e+01 2.21125740e-08
7.58000000e+01 2.21176020e-08
7.58500000e+01 2.20773330e-08
7.59000000e+01 2.20371720e-08
7.59500000e+01 2.19971173e-08
7.60000000e+01 2.19571687e-08
7.60500000e+01 2.19619467e-08
7.61000000e+01 2.19221317e-08
7.61500000e+01 2.18824177e-08
7.62000000e+01 2.18428110e-08
7.62500000e+01 2.18473230e-08
7.63000000e+01 2.18078437e-08
7.63500000e+01 2.17684680e-08
7.64000000e+01 2.17291967e-08
7.64500000e+01 2.16900290e-08
7.65000000e+01 2.16943027e-08
7.65500000e+01 2.16552630e-08
7.66000000e+01 2.16163253e-08
7.66500000e+01 2.15774910e-08
7.67000000e+01 2.17766800e-08
7.67500000e+01 2.17376140e-08
7.68000000e+01 2.16986503e-08
7.68500000e+01 2.16597900e-08
7.69000000e+01 2.16210307e-08
7.69500000e+01 2.16244633e-08
7.70000000e+01 2.15858313e-08
7.70500000e+01 2.15472990e-08
7.71000000e+01 2.15088687e-08
7.71500000e+01 2.15120613e-08
7.72000000e+01 2.14737537e-08
7.72500000e+01 2.14355463e-08
7.73000000e+01 2.13974363e-08
7.73500000e+01 2.13594263e-08
7.74000000e+01 2.13624090e-08
7.74500000e+01 2.13245243e-08
7.75000000e+01 2.12867360e-08
7.75500000e+01 2.12490443e-08
7.76000000e+01 2.12114533e-08
7.76500000e+01 2.12142300e-08
7.77000000e+01 2.11767580e-08
7.77500000e+01 2.11393823e-08
7.78000000e+01 2.12917347e-08
7.78500000e+01 2.12939420e-08
7.79000000e+01 2.12564453e-08
7.79500000e+01 2.12190470e-08
7.80000000e+01 2.11817427e-08
7.80500000e+01 2.11445340e-08
7.81000000e+01 2.11465513e-08
7.81500000e+01 2.11094637e-08
7.82000000e+01 2.10724693e-08
7.82500000e+01 2.10355700e-08
7.83000000e+01 2.09987657e-08
7.83500000e+01 2.10005963e-08
7.84000000e+01 2.09639133e-08
7.84500000e+01 2.09273207e-08
7.85000000e+01 2.08908233e-08
7.85500000e+01 2.08924477e-08
7.86000000e+01 2.08560673e-08
7.86500000e+01 2.08197777e-08
7.87000000e+01 2.07835807e-08
7.87500000e+01 2.07474767e-08
7.88000000e+01 2.07489240e-08
7.88500000e+01 2.07129370e-08
7.89000000e+01 2.08614287e-08
7.89500000e+01 2.08252983e-08
7.90000000e+01 2.07892587e-08
7.90500000e+01 2.07902060e-08
7.91000000e+01 2.07542833e-08
7.91500000e+01 2.07184507e-08
7.92000000e+01 2.06827077e-08
7.92500000e+01 2.06470557e-08
7.93000000e+01 2.06478407e-08
7.93500000e+01 2.06123053e-08
7.94000000e+01 2.05768567e-08
7.94500000e+01 2.05414983e-08
7.95000000e+01 2.05420970e-08
7.95500000e+01 2.05068513e-08
7.96000000e+01 2.04716950e-08
7.96500000e+01 2.04366243e-08
7.97000000e+01 2.04016420e-08
7.97500000e+01 2.04020853e-08
7.98000000e+01 2.03672190e-08
7.98500000e+01 2.03324357e-08
7.99000000e+01 2.02977417e-08
7.99500000e+01 2.02631317e-08
8.00000000e+01 2.02634233e-08
