-2.00000000e+01 3.23309103e-08
-1.99500000e+01 3.25099407e-08
-1.99000000e+01 3.26906080e-08
-1.98500000e+01 3.28729360e-08
-1.98000000e+01 3.30569410e-08
-1.97500000e+01 3.32426473e-08
-1.97000000e+01 3.34300720e-08
-1.96500000e+01 3.36192450e-08
-1.96000000e+01 3.38101900e-08
-1.95500000e+01 3.40029250e-08
-1.95000000e+01 3.41974737e-08
-1.94500000e+01 3.43938630e-08
-1.94000000e+01 3.45921230e-08
-1.93500000e+01 3.47922733e-08
-1.93000000e+01 3.49943370e-08
-1.92500000e+01 3.51983390e-08
-1.92000000e+01 3.54043177e-08
-1.91500000e+01 3.56122907e-08
-1.91000000e+01 3.58222870e-08
-1.90500000e+01 3.60343337e-08
-1.90000000e+01 3.62484610e-08
-1.89500000e+01 3.64646997e-08
-1.89000000e+01 3.66830770e-08
-1.88500000e+01 3.69036207e-08
-1.88000000e+01 3.71263653e-08
-1.87500000e+01 3.73513413e-08
-1.87000000e+01 3.75785843e-08
-1.86500000e+01 3.78081177e-08
-1.86000000e+01 3.80399813e-08
-1.85500000e+01 3.82742053e-08
-1.85000000e+01 3.85108290e-08
-1.84500000e+01 3.87498840e-08
-1.84000000e+01 3.89914033e-08
-1.83500000e+01 3.92354260e-08
-1.83000000e+01 3.94819927e-08
-1.82500000e+01 3.97311373e-08
-1.82000000e+01 3.99828977e-08
-1.81500000e+01 4.02373107e-08
-1.81000000e+01 4.04944197e-08
-1.80500000e+01 4.07542687e-08
-1.80000000e+01 4.10168960e-08
-1.79500000e+01 4.12823433e-08
-1.79000000e+01 4.15506520e-08
-1.78500000e+01 4.18218697e-08
-1.78000000e+01 4.20960417e-08
-1.77500000e+01 4.23732130e-08
-1.77000000e+01 4.26534263e-08
-1.76500000e+01 4.29367333e-08
-1.76000000e+01 4.32231867e-08
-1.75500000e+01 4.35128307e-08
-1.75000000e+01 4.38057143e-08
-1.74500000e+01 4.41018940e-08
-1.74000000e+01 4.44014193e-08
-1.73500000e+01 4.47043500e-08
-1.73000000e+01 4.50107357e-08
-1.72500000e+01 4.53206360e-08
-1.72000000e+01 4.56341043e-08
-1.71500000e+01 4.59512030e-08
-1.71000000e+01 4.62719930e-08
-1.70500000e+01 4.65965320e-08
-1.70000000e+01 4.69248860e-08
-1.69500000e+01 4.72571107e-08
-1.69000000e+01 4.75932857e-08
-1.68500000e+01 4.79334690e-08
-1.68000000e+01 4.82777353e-08
-1.67500000e+01 4.86261433e-08
-1.67000000e+01 4.89787700e-08
-1.66500000e+01 4.93356950e-08
-1.66000000e+01 4.96969847e-08
-1.65500000e+01 5.00627200e-08
-1.65000000e+01 5.04329720e-08
-1.64500000e+01 5.08078333e-08
-1.64000000e+01 5.11873757e-08
-1.63500000e+01 5.15716873e-08
-1.63000000e+01 5.19608503e-08
-1.62500000e+01 5.23549500e-08
-1.62000000e+01 5.27540877e-08
-1.61500000e+01 5.31583457e-08
-1.61000000e+01 5.35678263e-08
-1.60500000e+01 5.39826093e-08
-1.60000000e+01 5.44028087e-08
-1.59500000e+01 5.48285240e-08
-1.59000000e+01 5.52598537e-08
-1.58500000e+01 5.56969073e-08
-1.58000000e+01 5.61397853e-08
-1.57500000e+01 5.65886147e-08
-1.57000000e+01 5.70434973e-08
-1.56500000e+01 5.75045560e-08
-1.56000000e+01 5.79719053e-08
-1.55500000e+01 5.84456663e-08
-1.55000000e+01 5.89259793e-08
-1.54500000e+01 5.94129613e-08
-1.54000000e+01 5.99067503e-08
-1.53500000e+01 6.04074733e-08
-1.53000000e+01 6.09152867e-08
-1.52500000e+01 6.14303233e-08
-1.52000000e+01 6.19527297e-08
-1.51500000e+01 6.24826577e-08
-1.51000000e+01 6.30202570e-08
-1.50500000e+01 6.35657047e-08
-1.50000000e+01 6.41191500e-08
-1.49500000e+01 6.46807713e-08
-1.49000000e+01 6.52507257e-08
-1.48500000e+01 6.58291960e-08
-1.48000000e+01 6.64163777e-08
-1.47500000e+01 6.70124453e-08
-1.47000000e+01 6.76175973e-08
-1.46500000e+01 6.82320220e-08
-1.46000000e+01 6.88559433e-08
-1.45500000e+01 6.94895520e-08
-1.45000000e+01 7.01330753e-08
-1.44500000e+01 7.07867243e-08
-1.44000000e+01 7.14507377e-08
-1.43500000e+01 7.21253480e-08
-1.43000000e+01 7.28107973e-08
-1.42500000e+01 7.35073423e-08
-1.42000000e+01 7.42152220e-08
-1.41500000e+01 7.49347190e-08
-1.41000000e+01 7.56660960e-08
-1.40500000e+01 7.64096387e-08
-1.40000000e+01 7.71656357e-08
-1.39500000e+01 7.79343840e-08
-1.39000000e+01 7.87162000e-08
-1.38500000e+01 7.95113980e-08
-1.38000000e+01 8.03203043e-08
-1.37500000e+01 8.11432513e-08
-1.37000000e+01 8.19805990e-08
-1.36500000e+01 8.28327047e-08
-1.36000000e+01 8.36999403e-08
-1.35500000e+01 8.45826963e-08
-1.35000000e+01 8.54813610e-08
-1.34500000e+01 8.63963627e-08
-1.34000000e+01 8.73281040e-08
-1.33500000e+01 8.82770430e-08
-1.33000000e+01 8.92436157e-08
-1.32500000e+01 9.02283110e-08
-1.32000000e+01 9.12316107e-08
-1.31500000e+01 9.22540107e-08
-1.31000000e+01 9.32960477e-08
-1.30500000e+01 9.43582360e-08
-1.30000000e+01 9.54411637e-08
-1.29500000e+01 9.65453900e-08
-1.29000000e+01 9.76715233e-08
-1.28500000e+01 9.88201857e-08
-1.28000000e+01 9.99920263e-08
-1.27500000e+01 1.01187724e-07
-1.27000000e+01 1.02407950e-07
-1.26500000e+01 1.03653442e-07
-1.26000000e+01 1.04924941e-07
-1.25500000e+01 1.06223236e-07
-1.25000000e+01 1.07549131e-07
-1.24500000e+01 1.08903469e-07
-1.24000000e+01 1.10287126e-07
-1.23500000e+01 1.11700996e-07
-1.23000000e+01 1.13146048e-07
-1.22500000e+01 1.14623239e-07
-1.22000000e+01 1.16133618e-07
-1.21500000e+01 1.17678239e-07
-1.21000000e+01 1.19258220e-07
-1.20500000e+01 1.20874719e-07
-1.20000000e+01 1.22528942e-07
-1.19500000e+01 1.24222167e-07
-1.19000000e+01 1.25955689e-07
-1.18500000e+01 1.27730880e-07
-1.18000000e+01 1.29549184e-07
-1.17500000e+01 1.31412105e-07
-1.17000000e+01 1.33321197e-07
-1.16500000e+01 1.35278104e-07
-1.16000000e+01 1.37284555e-07
-1.15500000e+01 1.39342319e-07
-1.15000000e+01 1.41453293e-07
-1.14500000e+01 1.43619428e-07
-1.14000000e+01 1.45842805e-07
-1.13500000e+01 1.48125582e-07
-1.13000000e+01 1.50470017e-07
-1.12500000e+01 1.52878527e-07
-1.12000000e+01 1.55353573e-07
-1.11500000e+01 1.57897817e-07
-1.11000000e+01 1.60513993e-07
-1.10500000e+01 1.63205043e-07
-1.10000000e+01 1.65974007e-07
-1.09500000e+01 1.68824127e-07
-1.09000000e+01 1.71758810e-07
-1.08500000e+01 1.74781603e-07
-1.08000000e+01 1.77896323e-07
-1.07500000e+01 1.81106940e-07
-1.07000000e+01 1.84417683e-07
-1.06500000e+01 1.87833020e-07
-1.06000000e+01 1.91357670e-07
-1.05500000e+01 1.94996613e-07
-1.05000000e+01 1.98755173e-07
-1.04500000e+01 2.02638917e-07
-1.04000000e+01 2.06653833e-07
-1.03500000e+01 2.10806233e-07
-1.03000000e+01 2.15102820e-07
-1.02500000e+01 2.19550773e-07
-1.02000000e+01 2.24157663e-07
-1.01500000e+01 2.28931607e-07
-1.01000000e+01 2.33881267e-07
-1.00500000e+01 2.39015810e-07
-1.00000000e+01 2.44345123e-07
-9.95000000e+00 2.49879707e-07
-9.90000000e+00 2.55630863e-07
-9.85000000e+00 2.61610633e-07
-9.80000000e+00 2.67831953e-07
-9.75000000e+00 2.74308773e-07
-9.70000000e+00 2.81055967e-07
-9.65000000e+00 2.88089630e-07
-9.60000000e+00 2.95427030e-07
-9.55000000e+00 3.03086907e-07
-9.50000000e+00 3.11089297e-07
-9.45000000e+00 3.19456083e-07
-9.40000000e+00 3.28210843e-07
-9.35000000e+00 3.37379040e-07
-9.30000000e+00 3.46988467e-07
-9.25000000e+00 3.57069217e-07
-9.20000000e+00 3.67654163e-07
-9.15000000e+00 3.78779030e-07
-9.10000000e+00 3.90482897e-07
-9.05000000e+00 4.02808483e-07
-9.00000000e+00 4.15802450e-07
-8.95000000e+00 4.29516177e-07
-8.90000000e+00 4.44005997e-07
-8.85000000e+00 4.59334067e-07
-8.80000000e+00 4.75568817e-07
-8.75000000e+00 4.92786017e-07
-8.70000000e+00 5.11069397e-07
-8.65000000e+00 5.30511943e-07
-8.60000000e+00 5.51217153e-07
-8.55000000e+00 5.73300140e-07
-8.50000000e+00 5.96889533e-07
-8.45000000e+00 6.22129253e-07
-8.40000000e+00 6.49180920e-07
-8.35000000e+00 6.78225903e-07
-8.30000000e+00 7.09468707e-07
-8.25000000e+00 7.43140470e-07
-8.20000000e+00 7.79502460e-07
-8.15000000e+00 8.18851337e-07
-8.10000000e+00 8.61524273e-07
-8.05000000e+00 9.07905700e-07
-8.00000000e+00 9.58433830e-07
-7.95000000e+00 1.01360987e-06
-7.90000000e+00 1.07400842e-06
-7.85000000e+00 1.14028606e-06
-7.80000000e+00 1.21319601e-06
-7.75000000e+00 1.29359995e-06
-7.70000000e+00 1.38248235e-06
-7.65000000e+00 1.48096188e-06
-7.60000000e+00 1.59030330e-06
-7.55000000e+00 1.71192063e-06
-7.50000000e+00 1.84736885e-06
-7.45000000e+00 1.99832049e-06
-7.40000000e+00 2.16650453e-06
-7.35000000e+00 2.35360353e-06
-7.30000000e+00 2.56107403e-06
-7.25000000e+00 2.78988030e-06
-7.20000000e+00 3.04010910e-06
-7.15000000e+00 3.31048047e-06
-7.10000000e+00 3.59779350e-06
-7.05000000e+00 3.89645577e-06
-7.00000000e+00 4.19830047e-06
-6.95000000e+00 4.49300623e-06
-6.90000000e+00 4.76931583e-06
-6.85000000e+00 5.01694617e-06
-6.80000000e+00 5.22868630e-06
-6.75000000e+00 5.40178933e-06
-6.70000000e+00 5.53797800e-06
-6.65000000e+00 5.64197617e-06
-6.60000000e+00 5.71925440e-06
-6.55000000e+00 5.77405430e-06
-6.50000000e+00 5.80849457e-06
-6.45000000e+00 5.82304910e-06
-6.40000000e+00 5.81788847e-06
-6.35000000e+00 5.79434937e-06
-6.30000000e+00 5.75571070e-06
-6.25000000e+00 5.70699083e-06
-6.20000000e+00 5.65399497e-06
-6.15000000e+00 5.60211850e-06
-6.10000000e+00 5.55541877e-06
-6.05000000e+00 5.51615577e-06
-6.00000000e+00 5.48479843e-06
-5.95000000e+00 5.46033027e-06
-5.90000000e+00 5.44068343e-06
-5.85000000e+00 5.42318850e-06
-5.80000000e+00 5.40492380e-06
-5.75000000e+00 5.38287500e-06
-5.70000000e+00 5.35394713e-06
-5.65000000e+00 5.31486887e-06
-5.60000000e+00 5.26217897e-06
-5.55000000e+00 5.19238843e-06
-5.50000000e+00 5.10241497e-06
-5.45000000e+00 4.99023717e-06
-5.40000000e+00 4.85554527e-06
-5.35000000e+00 4.70016963e-06
-5.30000000e+00 4.52801537e-06
-5.25000000e+00 4.34457117e-06
-5.20000000e+00 4.15609687e-06
-5.15000000e+00 3.96878023e-06
-5.10000000e+00 3.78805773e-06
-5.05000000e+00 3.61821437e-06
-5.00000000e+00 3.46233460e-06
-4.95000000e+00 3.32246663e-06
-4.90000000e+00 3.19990707e-06
-4.85000000e+00 3.09541060e-06
-4.80000000e+00 3.00928587e-06
-4.75000000e+00 2.94135697e-06
-4.70000000e+00 2.89085230e-06
-4.65000000e+00 2.85631163e-06
-4.60000000e+00 2.83555660e-06
-4.55000000e+00 2.82580557e-06
-4.50000000e+00 2.82391563e-06
-4.45000000e+00 2.82673873e-06
-4.40000000e+00 2.83147180e-06
-4.35000000e+00 2.83589037e-06
-4.30000000e+00 2.83840267e-06
-4.25000000e+00 2.83795470e-06
-4.20000000e+00 2.83391990e-06
-4.15000000e+00 2.82603333e-06
-4.10000000e+00 2.81440660e-06
-4.05000000e+00 2.79951023e-06
-4.00000000e+00 2.78209903e-06
-3.95000000e+00 2.76305820e-06
-3.90000000e+00 2.74327440e-06
-3.85000000e+00 2.72358247e-06
-3.80000000e+00 2.70479113e-06
-3.75000000e+00 2.68774493e-06
-3.70000000e+00 2.67332940e-06
-3.65000000e+00 2.66243147e-06
-3.60000000e+00 2.65583867e-06
-3.55000000e+00 2.65417373e-06
-3.50000000e+00 2.65784757e-06
-3.45000000e+00 2.66704497e-06
-3.40000000e+00 2.68170063e-06
-3.35000000e+00 2.70144417e-06
-3.30000000e+00 2.72555963e-06
-3.25000000e+00 2.75298120e-06
-3.20000000e+00 2.78241440e-06
-3.15000000e+00 2.81254393e-06
-3.10000000e+00 2.84228737e-06
-3.05000000e+00 2.87095320e-06
-3.00000000e+00 2.89822353e-06
-2.95000000e+00 2.92396950e-06
-2.90000000e+00 2.94798813e-06
-2.85000000e+00 2.96984847e-06
-2.80000000e+00 2.98891570e-06
-2.75000000e+00 3.00456847e-06
-2.70000000e+00 3.01645330e-06
-2.65000000e+00 3.02462987e-06
-2.60000000e+00 3.02950803e-06
-2.55000000e+00 3.03161680e-06
-2.50000000e+00 3.03135980e-06
-2.45000000e+00 3.02890257e-06
-2.40000000e+00 3.02426723e-06
-2.35000000e+00 3.01755953e-06
-2.30000000e+00 3.00918383e-06
-2.25000000e+00 2.99988857e-06
-2.20000000e+00 2.99058397e-06
-2.15000000e+00 2.98199880e-06
-2.10000000e+00 2.97433423e-06
-2.05000000e+00 2.96706630e-06
-2.00000000e+00 2.95899957e-06
-1.95000000e+00 2.94855643e-06
-1.90000000e+00 2.93420533e-06
-1.85000000e+00 2.91487377e-06
-1.80000000e+00 2.89019343e-06
-1.75000000e+00 2.86053887e-06
-1.70000000e+00 2.82687700e-06
-1.65000000e+00 2.79055493e-06
-1.60000000e+00 2.75310427e-06
-1.55000000e+00 2.71612413e-06
-1.50000000e+00 2.68121430e-06
-1.45000000e+00 2.64991117e-06
-1.40000000e+00 2.62359733e-06
-1.35000000e+00 2.60336993e-06
-1.30000000e+00 2.58990153e-06
-1.25000000e+00 2.58332890e-06
-1.20000000e+00 2.58320373e-06
-1.15000000e+00 2.58852547e-06
-1.10000000e+00 2.59784537e-06
-1.05000000e+00 2.60943147e-06
-1.00000000e+00 2.62145833e-06
-9.50000000e-01 2.63219473e-06
-9.00000000e-01 2.64016473e-06
-8.50000000e-01 2.64427820e-06
-8.00000000e-01 2.64393087e-06
-7.50000000e-01 2.63906577e-06
-7.00000000e-01 2.63018530e-06
-6.50000000e-01 2.61828917e-06
-6.00000000e-01 2.60472170e-06
-5.50000000e-01 2.59094833e-06
-5.00000000e-01 2.57829157e-06
-4.50000000e-01 2.56769367e-06
-4.00000000e-01 2.55955213e-06
-3.50000000e-01 2.55367023e-06
-3.00000000e-01 2.54933123e-06
-2.50000000e-01 2.54547257e-06
-2.00000000e-01 2.54091913e-06
-1.50000000e-01 2.53460627e-06
-1.00000000e-01 2.52573913e-06
-5.00000000e-02 2.51385800e-06
0.00000000e+00 2.49882050e-06
5.00000000e-02 2.48074437e-06
1.00000000e-01 2.45996037e-06
1.50000000e-01 2.43700367e-06
2.00000000e-01 2.41263290e-06
2.50000000e-01 2.38784517e-06
3.00000000e-01 2.36384477e-06
3.50000000e-01 2.34194523e-06
4.00000000e-01 2.32341780e-06
4.50000000e-01 2.30931717e-06
5.00000000e-01 2.30033120e-06
5.50000000e-01 2.29668813e-06
6.00000000e-01 2.29814677e-06
6.50000000e-01 2.30407243e-06
7.00000000e-01 2.31359017e-06
7.50000000e-01 2.32578373e-06
8.00000000e-01 2.33989543e-06
8.50000000e-01 2.35547170e-06
9.00000000e-01 2.37241347e-06
9.50000000e-01 2.39092473e-06
1.00000000e+00 2.41138183e-06
1.05000000e+00 2.43417737e-06
1.10000000e+00 2.45959110e-06
1.15000000e+00 2.48772597e-06
1.20000000e+00 2.51851713e-06
1.25000000e+00 2.55179697e-06
1.30000000e+00 2.58738057e-06
1.35000000e+00 2.62513397e-06
1.40000000e+00 2.66498813e-06
1.45000000e+00 2.70689293e-06
1.50000000e+00 2.75072377e-06
1.55000000e+00 2.79618003e-06
1.60000000e+00 2.84271780e-06
1.65000000e+00 2.88955370e-06
1.70000000e+00 2.93575147e-06
1.75000000e+00 2.98036700e-06
1.80000000e+00 3.02260913e-06
1.85000000e+00 3.06195647e-06
1.90000000e+00 3.09818603e-06
1.95000000e+00 3.13130920e-06
2.00000000e+00 3.16144207e-06
2.05000000e+00 3.18867313e-06
2.10000000e+00 3.21298867e-06
2.15000000e+00 3.23428523e-06
2.20000000e+00 3.25246937e-06
2.25000000e+00 3.26759737e-06
2.30000000e+00 3.27999487e-06
2.35000000e+00 3.29029340e-06
2.40000000e+00 3.29936037e-06
2.45000000e+00 3.30813033e-06
2.50000000e+00 3.31738613e-06
2.55000000e+00 3.32755920e-06
2.60000000e+00 3.33861420e-06
2.65000000e+00 3.35005573e-06
2.70000000e+00 3.36106637e-06
2.75000000e+00 3.37073607e-06
2.80000000e+00 3.37831833e-06
2.85000000e+00 3.38342707e-06
2.90000000e+00 3.38611137e-06
2.95000000e+00 3.38678220e-06
3.00000000e+00 3.38602300e-06
3.05000000e+00 3.38435037e-06
3.10000000e+00 3.38201363e-06
3.15000000e+00 3.37889913e-06
3.20000000e+00 3.37457150e-06
3.25000000e+00 3.36844040e-06
3.30000000e+00 3.35999827e-06
3.35000000e+00 3.34905263e-06
3.40000000e+00 3.33586910e-06
3.45000000e+00 3.32117890e-06
3.50000000e+00 3.30604683e-06
3.55000000e+00 3.29164643e-06
3.60000000e+00 3.27901503e-06
3.65000000e+00 3.26885453e-06
3.70000000e+00 3.26142683e-06
3.75000000e+00 3.25655530e-06
3.80000000e+00 3.25372070e-06
3.85000000e+00 3.25221203e-06
3.90000000e+00 3.25129453e-06
3.95000000e+00 3.25034497e-06
4.00000000e+00 3.24893023e-06
4.05000000e+00 3.24681837e-06
4.10000000e+00 3.24394150e-06
4.15000000e+00 3.24033547e-06
4.20000000e+00 3.23609433e-06
4.25000000e+00 3.23135623e-06
4.30000000e+00 3.22632977e-06
4.35000000e+00 3.22133443e-06
4.40000000e+00 3.21683623e-06
4.45000000e+00 3.21344553e-06
4.50000000e+00 3.21185887e-06
4.55000000e+00 3.21275420e-06
4.60000000e+00 3.21665137e-06
4.65000000e+00 3.22377770e-06
4.70000000e+00 3.23396360e-06
4.75000000e+00 3.24660383e-06
4.80000000e+00 3.26069690e-06
4.85000000e+00 3.27496383e-06
4.90000000e+00 3.28803167e-06
4.95000000e+00 3.29864663e-06
5.00000000e+00 3.30587197e-06
5.05000000e+00 3.30922673e-06
5.10000000e+00 3.30873043e-06
5.15000000e+00 3.30485577e-06
5.20000000e+00 3.29840307e-06
5.25000000e+00 3.29033993e-06
5.30000000e+00 3.28164763e-06
5.35000000e+00 3.27320013e-06
5.40000000e+00 3.26569173e-06
5.45000000e+00 3.25960327e-06
5.50000000e+00 3.25519857e-06
5.55000000e+00 3.25253260e-06
5.60000000e+00 3.25146467e-06
5.65000000e+00 3.25167503e-06
5.70000000e+00 3.25269137e-06
5.75000000e+00 3.25393497e-06
5.80000000e+00 3.25479173e-06
5.85000000e+00 3.25470647e-06
5.90000000e+00 3.25329347e-06
5.95000000e+00 3.25043560e-06
6.00000000e+00 3.24634930e-06
6.05000000e+00 3.24158810e-06
6.10000000e+00 3.23697487e-06
6.15000000e+00 3.23346750e-06
6.20000000e+00 3.23198533e-06
6.25000000e+00 3.23323253e-06
6.30000000e+00 3.23755533e-06
6.35000000e+00 3.24486447e-06
6.40000000e+00 3.25464103e-06
6.45000000e+00 3.26603140e-06
6.50000000e+00 3.27801277e-06
6.55000000e+00 3.28960030e-06
6.60000000e+00 3.30004613e-06
6.65000000e+00 3.30897933e-06
6.70000000e+00 3.31644513e-06
6.75000000e+00 3.32283257e-06
6.80000000e+00 3.32871253e-06
6.85000000e+00 3.33463640e-06
6.90000000e+00 3.34095180e-06
6.95000000e+00 3.34768960e-06
7.00000000e+00 3.35454820e-06
7.05000000e+00 3.36097690e-06
7.10000000e+00 3.36633090e-06
7.15000000e+00 3.37005227e-06
7.20000000e+00 3.37182367e-06
7.25000000e+00 3.37164773e-06
7.30000000e+00 3.36983327e-06
7.35000000e+00 3.36689420e-06
7.40000000e+00 3.36340257e-06
7.45000000e+00 3.35983763e-06
7.50000000e+00 3.35648223e-06
7.55000000e+00 3.35339310e-06
7.60000000e+00 3.35045517e-06
7.65000000e+00 3.34749923e-06
7.70000000e+00 3.34445037e-06
7.75000000e+00 3.34145397e-06
7.80000000e+00 3.33893757e-06
7.85000000e+00 3.33758323e-06
7.90000000e+00 3.33820977e-06
7.95000000e+00 3.34160107e-06
8.00000000e+00 3.34832513e-06
8.05000000e+00 3.35859830e-06
8.10000000e+00 3.37222740e-06
8.15000000e+00 3.38865307e-06
8.20000000e+00 3.40708143e-06
8.25000000e+00 3.42667593e-06
8.30000000e+00 3.44675347e-06
8.35000000e+00 3.46693163e-06
8.40000000e+00 3.48717690e-06
8.45000000e+00 3.50773647e-06
8.50000000e+00 3.52897427e-06
8.55000000e+00 3.55115903e-06
8.60000000e+00 3.57426970e-06
8.65000000e+00 3.59788007e-06
8.70000000e+00 3.62116543e-06
8.75000000e+00 3.64303967e-06
8.80000000e+00 3.66239477e-06
8.85000000e+00 3.67837830e-06
8.90000000e+00 3.69062427e-06
8.95000000e+00 3.69935360e-06
9.00000000e+00 3.70530420e-06
9.05000000e+00 3.70950427e-06
9.10000000e+00 3.71295790e-06
9.15000000e+00 3.71633363e-06
9.20000000e+00 3.71975087e-06
9.25000000e+00 3.72272027e-06
9.30000000e+00 3.72425857e-06
9.35000000e+00 3.72314570e-06
9.40000000e+00 3.71825320e-06
9.45000000e+00 3.70884430e-06
9.50000000e+00 3.69474883e-06
9.55000000e+00 3.67635717e-06
9.60000000e+00 3.65443997e-06
9.65000000e+00 3.62986153e-06
9.70000000e+00 3.60329643e-06
9.75000000e+00 3.57504437e-06
9.80000000e+00 3.54501190e-06
9.85000000e+00 3.51285883e-06
9.90000000e+00 3.47825687e-06
9.95000000e+00 3.44115890e-06
1.00000000e+01 3.40197123e-06
1.00500000e+01 3.36155063e-06
1.01000000e+01 3.32101443e-06
1.01500000e+01 3.28141993e-06
1.02000000e+01 3.24341637e-06
1.02500000e+01 3.20698353e-06
1.03000000e+01 3.17134340e-06
1.03500000e+01 3.13509060e-06
1.04000000e+01 3.09651720e-06
1.04500000e+01 3.05405080e-06
1.05000000e+01 3.00666317e-06
1.05500000e+01 2.95410753e-06
1.06000000e+01 2.89689213e-06
1.06500000e+01 2.83600457e-06
1.07000000e+01 2.77249900e-06
1.07500000e+01 2.70710640e-06
1.08000000e+01 2.64000937e-06
1.08500000e+01 2.57084917e-06
1.09000000e+01 2.49894357e-06
1.09500000e+01 2.42361363e-06
1.10000000e+01 2.34448003e-06
1.10500000e+01 2.26161303e-06
1.11000000e+01 2.17550317e-06
1.11500000e+01 2.08691170e-06
1.12000000e+01 1.99671260e-06
1.12500000e+01 1.90581203e-06
1.13000000e+01 1.81515887e-06
1.13500000e+01 1.72579127e-06
1.14000000e+01 1.63884533e-06
1.14500000e+01 1.55549057e-06
1.15000000e+01 1.47681167e-06
1.15500000e+01 1.40369017e-06
1.16000000e+01 1.33673037e-06
1.16500000e+01 1.27624623e-06
1.17000000e+01 1.22229657e-06
1.17500000e+01 1.17474710e-06
1.18000000e+01 1.13333711e-06
1.18500000e+01 1.09773852e-06
1.19000000e+01 1.06760124e-06
1.19500000e+01 1.04258564e-06
1.20000000e+01 1.02238318e-06
1.20500000e+01 1.00672895e-06
1.21000000e+01 9.95408547e-07
1.21500000e+01 9.88261487e-07
1.22000000e+01 9.85182910e-07
1.22500000e+01 9.86124153e-07
1.23000000e+01 9.91093610e-07
1.23500000e+01 1.00015809e-06
1.24000000e+01 1.01344474e-06
1.24500000e+01 1.03114387e-06
1.25000000e+01 1.05351313e-06
1.25500000e+01 1.08088240e-06
1.26000000e+01 1.11365973e-06
1.26500000e+01 1.15233759e-06
1.27000000e+01 1.19749944e-06
1.27500000e+01 1.24982420e-06
1.28000000e+01 1.31008847e-06
1.28500000e+01 1.37916168e-06
1.29000000e+01 1.45799014e-06
1.29500000e+01 1.54756328e-06
1.30000000e+01 1.64885042e-06
1.30500000e+01 1.76269645e-06
1.31000000e+01 1.88965973e-06
1.31500000e+01 2.02977923e-06
1.32000000e+01 2.18226900e-06
1.32500000e+01 2.34516450e-06
1.33000000e+01 2.51499640e-06
1.33500000e+01 2.68663277e-06
1.34000000e+01 2.85348237e-06
1.34500000e+01 3.00822363e-06
1.35000000e+01 3.14404920e-06
1.35500000e+01 3.25611017e-06
1.36000000e+01 3.34258120e-06
1.36500000e+01 3.40480453e-06
1.37000000e+01 3.44638193e-06
1.37500000e+01 3.47163023e-06
1.38000000e+01 3.48411637e-06
1.38500000e+01 3.48588003e-06
1.39000000e+01 3.47756030e-06
1.39500000e+01 3.45921537e-06
1.40000000e+01 3.43134047e-06
1.40500000e+01 3.39555477e-06
1.41000000e+01 3.35465563e-06
1.41500000e+01 3.31208647e-06
1.42000000e+01 3.27113083e-06
1.42500000e+01 3.23419713e-06
1.43000000e+01 3.20243840e-06
1.43500000e+01 3.17576013e-06
1.44000000e+01 3.15313513e-06
1.44500000e+01 3.13305460e-06
1.45000000e+01 3.11394233e-06
1.45500000e+01 3.09439123e-06
1.46000000e+01 3.07317337e-06
1.46500000e+01 3.04907233e-06
1.47000000e+01 3.02066603e-06
1.47500000e+01 2.98620817e-06
1.48000000e+01 2.94371387e-06
1.48500000e+01 2.89127500e-06
1.49000000e+01 2.82751770e-06
1.49500000e+01 2.75204173e-06
1.50000000e+01 2.66566897e-06
1.50500000e+01 2.57040367e-06
1.51000000e+01 2.46912137e-06
1.51500000e+01 2.36511253e-06
1.52000000e+01 2.26162717e-06
1.52500000e+01 2.16153533e-06
1.53000000e+01 2.06714313e-06
1.53500000e+01 1.98015033e-06
1.54000000e+01 1.90170003e-06
1.54500000e+01 1.83247367e-06
1.55000000e+01 1.77279013e-06
1.55500000e+01 1.72268877e-06
1.56000000e+01 1.68198393e-06
1.56500000e+01 1.65029093e-06
1.57000000e+01 1.62702713e-06
1.57500000e+01 1.61139773e-06
1.58000000e+01 1.60237840e-06
1.58500000e+01 1.59871047e-06
1.59000000e+01 1.59892917e-06
1.59500000e+01 1.60143827e-06
1.60000000e+01 1.60463737e-06
1.60500000e+01 1.60708667e-06
1.61000000e+01 1.60767457e-06
1.61500000e+01 1.60573913e-06
1.62000000e+01 1.60110440e-06
1.62500000e+01 1.59401767e-06
1.63000000e+01 1.58501037e-06
1.63500000e+01 1.57472977e-06
1.64000000e+01 1.56379217e-06
1.64500000e+01 1.55269400e-06
1.65000000e+01 1.54179153e-06
1.65500000e+01 1.53134083e-06
1.66000000e+01 1.52156713e-06
1.66500000e+01 1.51273743e-06
1.67000000e+01 1.50520420e-06
1.67500000e+01 1.49940883e-06
1.68000000e+01 1.49584060e-06
1.68500000e+01 1.49496587e-06
1.69000000e+01 1.49714357e-06
1.69500000e+01 1.50254767e-06
1.70000000e+01 1.51111140e-06
1.70500000e+01 1.52250653e-06
1.71000000e+01 1.53616343e-06
1.71500000e+01 1.55133377e-06
1.72000000e+01 1.56718940e-06
1.72500000e+01 1.58293980e-06
1.73000000e+01 1.59794193e-06
1.73500000e+01 1.61177240e-06
1.74000000e+01 1.62424290e-06
1.74500000e+01 1.63535380e-06
1.75000000e+01 1.64520367e-06
1.75500000e+01 1.65388517e-06
1.76000000e+01 1.66140030e-06
1.76500000e+01 1.66762253e-06
1.77000000e+01 1.67231517e-06
1.77500000e+01 1.67520023e-06
1.78000000e+01 1.67605587e-06
1.78500000e+01 1.67481120e-06
1.79000000e+01 1.67160733e-06
1.79500000e+01 1.66680380e-06
1.80000000e+01 1.66092647e-06
1.80500000e+01 1.65456970e-06
1.81000000e+01 1.64827820e-06
1.81500000e+01 1.64243650e-06
1.82000000e+01 1.63718953e-06
1.82500000e+01 1.63241053e-06
1.83000000e+01 1.62771933e-06
1.83500000e+01 1.62254903e-06
1.84000000e+01 1.61624693e-06
1.84500000e+01 1.60819167e-06
1.85000000e+01 1.59790483e-06
1.85500000e+01 1.58513580e-06
1.86000000e+01 1.56990727e-06
1.86500000e+01 1.55251613e-06
1.87000000e+01 1.53349673e-06
1.87500000e+01 1.51355950e-06
1.88000000e+01 1.49351807e-06
1.88500000e+01 1.47421707e-06
1.89000000e+01 1.45646827e-06
1.89500000e+01 1.44099657e-06
1.90000000e+01 1.42839497e-06
1.90500000e+01 1.41908503e-06
1.91000000e+01 1.41328167e-06
1.91500000e+01 1.41096333e-06
1.92000000e+01 1.41184957e-06
1.92500000e+01 1.41539523e-06
1.93000000e+01 1.42081147e-06
1.93500000e+01 1.42712280e-06
1.94000000e+01 1.43326563e-06
1.94500000e+01 1.43822053e-06
1.95000000e+01 1.44115897e-06
1.95500000e+01 1.44156917e-06
1.96000000e+01 1.43932920e-06
1.96500000e+01 1.43470337e-06
1.97000000e+01 1.42826563e-06
1.97500000e+01 1.42076913e-06
1.98000000e+01 1.41299820e-06
1.98500000e+01 1.40563540e-06
1.99000000e+01 1.39916567e-06
1.99500000e+01 1.39382647e-06
2.00000000e+01 1.38960313e-06
2.00500000e+01 1.38626043e-06
2.01000000e+01 1.38339843e-06
2.01500000e+01 1.38052257e-06
2.02000000e+01 1.37711457e-06
2.02500000e+01 1.37269963e-06
2.03000000e+01 1.36689910e-06
2.03500000e+01 1.35947113e-06
2.04000000e+01 1.35033647e-06
2.04500000e+01 1.33959120e-06
2.05000000e+01 1.32750550e-06
2.05500000e+01 1.31450800e-06
2.06000000e+01 1.30115477e-06
2.06500000e+01 1.28808243e-06
2.07000000e+01 1.27595087e-06
2.07500000e+01 1.26538093e-06
2.08000000e+01 1.25689723e-06
2.08500000e+01 1.25087887e-06
2.09000000e+01 1.24752917e-06
2.09500000e+01 1.24686357e-06
2.10000000e+01 1.24872120e-06
2.10500000e+01 1.25279767e-06
2.11000000e+01 1.25869887e-06
2.11500000e+01 1.26600940e-06
2.12000000e+01 1.27436380e-06
2.12500000e+01 1.28350750e-06
2.13000000e+01 1.29333280e-06
2.13500000e+01 1.30388190e-06
2.14000000e+01 1.31531590e-06
2.14500000e+01 1.32786000e-06
2.15000000e+01 1.34174013e-06
2.15500000e+01 1.35712627e-06
2.16000000e+01 1.37409357e-06
2.16500000e+01 1.39260957e-06
2.17000000e+01 1.41254517e-06
2.17500000e+01 1.43370237e-06
2.18000000e+01 1.45585060e-06
2.18500000e+01 1.47875693e-06
2.19000000e+01 1.50220327e-06
2.19500000e+01 1.52598233e-06
2.20000000e+01 1.54987957e-06
2.20500000e+01 1.57364690e-06
2.21000000e+01 1.59698420e-06
2.21500000e+01 1.61953893e-06
2.22000000e+01 1.64092917e-06
2.22500000e+01 1.66078857e-06
2.23000000e+01 1.67881913e-06
2.23500000e+01 1.69483547e-06
2.24000000e+01 1.70878917e-06
2.24500000e+01 1.72076233e-06
2.25000000e+01 1.73093550e-06
2.25500000e+01 1.73954283e-06
2.26000000e+01 1.74682897e-06
2.26500000e+01 1.75302287e-06
2.27000000e+01 1.75833050e-06
2.27500000e+01 1.76294583e-06
2.28000000e+01 1.76706450e-06
2.28500000e+01 1.77088860e-06
2.29000000e+01 1.77461257e-06
2.29500000e+01 1.77838723e-06
2.30000000e+01 1.78227643e-06
2.30500000e+01 1.78622103e-06
2.31000000e+01 1.79003017e-06
2.31500000e+01 1.79340980e-06
2.32000000e+01 1.79602810e-06
2.32500000e+01 1.79759900e-06
2.33000000e+01 1.79795640e-06
2.33500000e+01 1.79709403e-06
2.34000000e+01 1.79515317e-06
2.34500000e+01 1.79236157e-06
2.35000000e+01 1.78894433e-06
2.35500000e+01 1.78504090e-06
2.36000000e+01 1.78065670e-06
2.36500000e+01 1.77567280e-06
2.37000000e+01 1.76991047e-06
2.37500000e+01 1.76323333e-06
2.38000000e+01 1.75565063e-06
2.38500000e+01 1.74738017e-06
2.39000000e+01 1.73884883e-06
2.39500000e+01 1.73062223e-06
2.40000000e+01 1.72328767e-06
2.40500000e+01 1.71732253e-06
2.41000000e+01 1.71298743e-06
2.41500000e+01 1.71027073e-06
2.42000000e+01 1.70889547e-06
2.42500000e+01 1.70838787e-06
2.43000000e+01 1.70818653e-06
2.43500000e+01 1.70776657e-06
2.44000000e+01 1.70674547e-06
2.44500000e+01 1.70494337e-06
2.45000000e+01 1.70238817e-06
2.45500000e+01 1.69927063e-06
2.46000000e+01 1.69587290e-06
2.46500000e+01 1.69249897e-06
2.47000000e+01 1.68942457e-06
2.47500000e+01 1.68688027e-06
2.48000000e+01 1.68505617e-06
2.48500000e+01 1.68411927e-06
2.49000000e+01 1.68422397e-06
2.49500000e+01 1.68550593e-06
2.50000000e+01 1.68805767e-06
2.50500000e+01 1.69188957e-06
2.51000000e+01 1.69689127e-06
2.51500000e+01 1.70280487e-06
2.52000000e+01 1.70922207e-06
2.52500000e+01 1.71561000e-06
2.53000000e+01 1.72136633e-06
2.53500000e+01 1.72589623e-06
2.54000000e+01 1.72870157e-06
2.54500000e+01 1.72946393e-06
2.55000000e+01 1.72810623e-06
2.55500000e+01 1.72481767e-06
2.56000000e+01 1.72003260e-06
2.56500000e+01 1.71436597e-06
2.57000000e+01 1.70851370e-06
2.57500000e+01 1.70313960e-06
2.58000000e+01 1.69876780e-06
2.58500000e+01 1.69570060e-06
2.59000000e+01 1.69398000e-06
2.59500000e+01 1.69339903e-06
2.60000000e+01 1.69356163e-06
2.60500000e+01 1.69397843e-06
2.61000000e+01 1.69417930e-06
2.61500000e+01 1.69381230e-06
2.62000000e+01 1.69270380e-06
2.62500000e+01 1.69087163e-06
2.63000000e+01 1.68849240e-06
2.63500000e+01 1.68584187e-06
2.64000000e+01 1.68323413e-06
2.64500000e+01 1.68097213e-06
2.65000000e+01 1.67932270e-06
2.65500000e+01 1.67850397e-06
2.66000000e+01 1.67868000e-06
2.66500000e+01 1.67995303e-06
2.67000000e+01 1.68234860e-06
2.67500000e+01 1.68580210e-06
2.68000000e+01 1.69015177e-06
2.68500000e+01 1.69514743e-06
2.69000000e+01 1.70048200e-06
2.69500000e+01 1.70583243e-06
2.70000000e+01 1.71091223e-06
2.70500000e+01 1.71551017e-06
2.71000000e+01 1.71951533e-06
2.71500000e+01 1.72291877e-06
2.72000000e+01 1.72579380e-06
2.72500000e+01 1.72827093e-06
2.73000000e+01 1.73049597e-06
2.73500000e+01 1.73259497e-06
2.74000000e+01 1.73463203e-06
2.74500000e+01 1.73658533e-06
2.75000000e+01 1.73833540e-06
2.75500000e+01 1.73968307e-06
2.76000000e+01 1.74040133e-06
2.76500000e+01 1.74029683e-06
2.77000000e+01 1.73928070e-06
2.77500000e+01 1.73739937e-06
2.78000000e+01 1.73483330e-06
2.78500000e+01 1.73184597e-06
2.79000000e+01 1.72871763e-06
2.79500000e+01 1.72568680e-06
2.80000000e+01 1.72291700e-06
2.80500000e+01 1.72051017e-06
2.81000000e+01 1.71853643e-06
2.81500000e+01 1.71707830e-06
2.82000000e+01 1.71625843e-06
2.82500000e+01 1.71624270e-06
2.83000000e+01 1.71722703e-06
2.83500000e+01 1.71940100e-06
2.84000000e+01 1.72291633e-06
2.84500000e+01 1.72784857e-06
2.85000000e+01 1.73417490e-06
2.85500000e+01 1.74176323e-06
2.86000000e+01 1.75038587e-06
2.86500000e+01 1.75976400e-06
2.87000000e+01 1.76962460e-06
2.87500000e+01 1.77975973e-06
2.88000000e+01 1.79005433e-06
2.88500000e+01 1.80046733e-06
2.89000000e+01 1.81097747e-06
2.89500000e+01 1.82151087e-06
2.90000000e+01 1.83189960e-06
2.90500000e+01 1.84187840e-06
2.91000000e+01 1.85113100e-06
2.91500000e+01 1.85935770e-06
2.92000000e+01 1.86633320e-06
2.92500000e+01 1.87195017e-06
2.93000000e+01 1.87622230e-06
2.93500000e+01 1.87927380e-06
2.94000000e+01 1.88129630e-06
2.94500000e+01 1.88249160e-06
2.95000000e+01 1.88300900e-06
2.95500000e+01 1.88288357e-06
2.96000000e+01 1.88202627e-06
2.96500000e+01 1.88024007e-06
2.97000000e+01 1.87728310e-06
2.97500000e+01 1.87292337e-06
2.98000000e+01 1.86698117e-06
2.98500000e+01 1.85934117e-06
2.99000000e+01 1.84993907e-06
2.99500000e+01 1.83875437e-06
3.00000000e+01 1.82579287e-06
3.00500000e+01 1.81108667e-06
3.01000000e+01 1.79469957e-06
3.01500000e+01 1.77674727e-06
3.02000000e+01 1.75741833e-06
3.02500000e+01 1.73698207e-06
3.03000000e+01 1.71577313e-06
3.03500000e+01 1.69414957e-06
3.04000000e+01 1.67244357e-06
3.04500000e+01 1.65091430e-06
3.05000000e+01 1.62970790e-06
3.05500000e+01 1.60882750e-06
3.06000000e+01 1.58811773e-06
3.06500000e+01 1.56727053e-06
3.07000000e+01 1.54586650e-06
3.07500000e+01 1.52344203e-06
3.08000000e+01 1.49957950e-06
3.08500000e+01 1.47397630e-06
3.09000000e+01 1.44648697e-06
3.09500000e+01 1.41710533e-06
3.10000000e+01 1.38591307e-06
3.10500000e+01 1.35301847e-06
3.11000000e+01 1.31851227e-06
3.11500000e+01 1.28245913e-06
3.12000000e+01 1.24490040e-06
3.12500000e+01 1.20586700e-06
3.13000000e+01 1.16537170e-06
3.13500000e+01 1.12340477e-06
3.14000000e+01 1.07993470e-06
3.14500000e+01 1.02631039e-06
3.15000000e+01 9.78528620e-07
3.15500000e+01 9.36329150e-07
3.16000000e+01 8.97226113e-07
3.16500000e+01 8.62525407e-07
3.17000000e+01 8.32253473e-07
3.17500000e+01 7.98384480e-07
3.18000000e+01 7.74229450e-07
3.18500000e+01 7.53024683e-07
3.19000000e+01 7.24397327e-07
3.19500000e+01 7.18614797e-07
3.20000000e+01 7.03729933e-07
3.20500000e+01 6.80466683e-07
3.21000000e+01 6.68408160e-07
3.21500000e+01 6.57422023e-07
3.22000000e+01 6.37432730e-07
3.22500000e+01 6.28449930e-07
3.23000000e+01 6.20144460e-07
3.23500000e+01 6.02787333e-07
3.24000000e+01 5.95921150e-07
3.24500000e+01 5.89485427e-07
3.25000000e+01 5.85361050e-07
3.25500000e+01 5.79677537e-07
3.26000000e+01 5.74283450e-07
3.26500000e+01 5.60953057e-07
3.27000000e+01 5.56341523e-07
3.27500000e+01 5.51921600e-07
3.28000000e+01 5.39946173e-07
3.28500000e+01 5.36129770e-07
3.29000000e+01 5.24905120e-07
3.29500000e+01 5.21598493e-07
3.30000000e+01 5.18382020e-07
3.30500000e+01 5.17524413e-07
3.31000000e+01 5.14483857e-07
3.31500000e+01 5.04917297e-07
3.32000000e+01 5.02228087e-07
3.32500000e+01 4.99586797e-07
3.33000000e+01 4.90789750e-07
3.33500000e+01 4.88434407e-07
3.34000000e+01 4.80084880e-07
3.34500000e+01 4.77977707e-07
3.35000000e+01 4.75887460e-07
3.35500000e+01 4.68148793e-07
3.36000000e+01 4.66264373e-07
3.36500000e+01 4.66806097e-07
3.37000000e+01 4.64941717e-07
3.37500000e+01 4.63084217e-07
3.38000000e+01 4.56206123e-07
3.38500000e+01 4.54506520e-07
3.39000000e+01 4.47921477e-07
3.39500000e+01 4.46361840e-07
3.40000000e+01 4.40049970e-07
3.40500000e+01 4.38614570e-07
3.41000000e+01 4.37170937e-07
3.41500000e+01 4.31232870e-07
3.42000000e+01 4.29896403e-07
3.42500000e+01 4.31012187e-07
3.43000000e+01 4.29656727e-07
3.43500000e+01 4.24153707e-07
3.44000000e+01 4.22888453e-07
3.44500000e+01 4.17585600e-07
3.45000000e+01 4.16401540e-07
3.45500000e+01 4.15204563e-07
3.46000000e+01 4.10176233e-07
3.46500000e+01 4.09050843e-07
3.47000000e+01 4.04194653e-07
3.47500000e+01 4.03134087e-07
3.48000000e+01 3.98440447e-07
3.48500000e+01 3.97438613e-07
3.49000000e+01 3.98875357e-07
3.49500000e+01 3.97841690e-07
3.50000000e+01 3.93431000e-07
3.50500000e+01 3.92448853e-07
3.51000000e+01 3.91452433e-07
3.51500000e+01 3.87240233e-07
3.52000000e+01 3.86290210e-07
3.52500000e+01 3.82204903e-07
3.53000000e+01 3.81297403e-07
3.53500000e+01 3.77332800e-07
3.54000000e+01 3.76464273e-07
3.54500000e+01 3.72614523e-07
3.55000000e+01 3.71781860e-07
3.55500000e+01 3.73353400e-07
3.56000000e+01 3.72488440e-07
3.56500000e+01 3.68834883e-07
3.57000000e+01 3.68002387e-07
3.57500000e+01 3.64448297e-07
3.58000000e+01 3.63645807e-07
3.58500000e+01 3.60186780e-07
3.59000000e+01 3.59411990e-07
3.59500000e+01 3.56043927e-07
3.60000000e+01 3.55294873e-07
3.60500000e+01 3.52013877e-07
3.61000000e+01 3.51288600e-07
3.61500000e+01 3.48091040e-07
3.62000000e+01 3.47387927e-07
3.62500000e+01 3.49033640e-07
3.63000000e+01 3.48299903e-07
3.63500000e+01 3.45241413e-07
3.64000000e+01 3.44528360e-07
3.64500000e+01 3.41543603e-07
3.65000000e+01 3.40849823e-07
3.65500000e+01 3.37935870e-07
3.66000000e+01 3.37260073e-07
3.66500000e+01 3.34414283e-07
3.67000000e+01 3.33755370e-07
3.67500000e+01 3.30975113e-07
3.68000000e+01 3.30331967e-07
3.68500000e+01 3.27614833e-07
3.69000000e+01 3.26986503e-07
3.69500000e+01 3.28645627e-07
3.70000000e+01 3.27990067e-07
3.70500000e+01 3.25375677e-07
3.71000000e+01 3.24734327e-07
3.71500000e+01 3.22176577e-07
3.72000000e+01 3.21548530e-07
3.72500000e+01 3.19045443e-07
3.73000000e+01 3.18430037e-07
3.73500000e+01 3.15979773e-07
3.74000000e+01 3.15376257e-07
3.74500000e+01 3.12976967e-07
3.75000000e+01 3.10606200e-07
3.75500000e+01 3.10034773e-07
3.76000000e+01 3.07712420e-07
3.76500000e+01 3.07150927e-07
3.77000000e+01 3.08804033e-07
3.77500000e+01 3.08218420e-07
3.78000000e+01 3.05972693e-07
3.78500000e+01 3.05396810e-07
3.79000000e+01 3.03195113e-07
3.79500000e+01 3.02628470e-07
3.80000000e+01 3.00469487e-07
3.80500000e+01 2.99911613e-07
3.81000000e+01 2.97794007e-07
3.81500000e+01 2.97244467e-07
3.82000000e+01 2.95166997e-07
3.82500000e+01 2.93112143e-07
3.83000000e+01 2.92586877e-07
3.83500000e+01 2.90570310e-07
3.84000000e+01 2.90052103e-07
3.84500000e+01 2.91676183e-07
3.85000000e+01 2.91136950e-07
3.85500000e+01 2.89179267e-07
3.86000000e+01 2.88647137e-07
3.86500000e+01 2.86724627e-07
3.87000000e+01 2.86199333e-07
3.87500000e+01 2.84310987e-07
3.88000000e+01 2.82442090e-07
3.88500000e+01 2.81937123e-07
3.89000000e+01 2.80100913e-07
3.89500000e+01 2.79601857e-07
3.90000000e+01 2.77797457e-07
3.90500000e+01 2.77304023e-07
3.91000000e+01 2.75530557e-07
3.91500000e+01 2.73774780e-07
3.92000000e+01 2.73299220e-07
3.92500000e+01 2.74886997e-07
3.93000000e+01 2.74392933e-07
3.93500000e+01 2.72682613e-07
3.94000000e+01 2.72193763e-07
3.94500000e+01 2.70511700e-07
3.95000000e+01 2.70027903e-07
3.95500000e+01 2.68373347e-07
3.96000000e+01 2.66734613e-07
3.96500000e+01 2.66266690e-07
3.97000000e+01 2.64654413e-07
3.97500000e+01 2.64190900e-07
3.98000000e+01 2.62604370e-07
3.98500000e+01 2.62145140e-07
3.99000000e+01 2.60583757e-07
3.99500000e+01 2.59036883e-07
4.00000000e+01 2.58591790e-07
4.00500000e+01 2.57069100e-07
4.01000000e+01 2.59673397e-07
4.01500000e+01 2.58162387e-07
4.02000000e+01 2.57705240e-07
4.02500000e+01 2.56217340e-07
4.03000000e+01 2.54742830e-07
4.03500000e+01 2.54298883e-07
4.04000000e+01 2.52846680e-07
4.04500000e+01 2.52406307e-07
4.05000000e+01 2.50975903e-07
4.05500000e+01 2.49558100e-07
4.06000000e+01 2.49129917e-07
4.06500000e+01 2.47733117e-07
4.07000000e+01 2.47308137e-07
4.07500000e+01 2.45931870e-07
4.08000000e+01 2.45510043e-07
4.08500000e+01 2.44153850e-07
4.09000000e+01 2.42809280e-07
4.09500000e+01 2.45221063e-07
4.10000000e+01 2.43885000e-07
4.10500000e+01 2.43460317e-07
4.11000000e+01 2.42143330e-07
4.11500000e+01 2.40837400e-07
4.12000000e+01 2.40423350e-07
4.12500000e+01 2.39135827e-07
4.13000000e+01 2.38724610e-07
4.13500000e+01 2.37455107e-07
4.14000000e+01 2.36196067e-07
4.14500000e+01 2.35794767e-07
4.15000000e+01 2.34553157e-07
4.15500000e+01 2.34154427e-07
4.16000000e+01 2.32929840e-07
4.16500000e+01 2.31715213e-07
4.17000000e+01 2.31325740e-07
4.17500000e+01 2.30127600e-07
4.18000000e+01 2.29740483e-07
4.18500000e+01 2.31176893e-07
4.19000000e+01 2.30777593e-07
4.19500000e+01 2.29601653e-07
4.20000000e+01 2.28434980e-07
4.20500000e+01 2.28044503e-07
4.21000000e+01 2.26893240e-07
4.21500000e+01 2.25751013e-07
4.22000000e+01 2.25369010e-07
4.22500000e+01 2.24241703e-07
4.23000000e+01 2.23861877e-07
4.23500000e+01 2.22749203e-07
4.24000000e+01 2.21645100e-07
4.24500000e+01 2.21273253e-07
4.25000000e+01 2.20183330e-07
4.25500000e+01 2.19813500e-07
4.26000000e+01 2.18737497e-07
4.26500000e+01 2.17669663e-07
4.27000000e+01 2.17307343e-07
4.27500000e+01 2.18692867e-07
4.28000000e+01 2.18319790e-07
4.28500000e+01 2.17269797e-07
4.29000000e+01 2.16227613e-07
4.29500000e+01 2.15861887e-07
4.30000000e+01 2.14832627e-07
4.30500000e+01 2.14468837e-07
4.31000000e+01 2.13452297e-07
4.31500000e+01 2.12443193e-07
4.32000000e+01 2.12086363e-07
4.32500000e+01 2.11089577e-07
4.33000000e+01 2.10100047e-07
4.33500000e+01 2.09749923e-07
4.34000000e+01 2.08772370e-07
4.34500000e+01 2.08423917e-07
4.35000000e+01 2.07458120e-07
4.35500000e+01 2.06499223e-07
4.36000000e+01 2.06157140e-07
4.36500000e+01 2.05209677e-07
4.37000000e+01 2.06543513e-07
4.37500000e+01 2.06196507e-07
4.38000000e+01 2.05258817e-07
4.38500000e+01 2.04913510e-07
4.39000000e+01 2.03986803e-07
4.39500000e+01 2.03066537e-07
4.40000000e+01 2.02727273e-07
4.40500000e+01 2.01817727e-07
4.41000000e+01 2.00914467e-07
4.41500000e+01 2.00580993e-07
4.42000000e+01 1.99688137e-07
4.42500000e+01 1.99356183e-07
4.43000000e+01 1.98473567e-07
4.43500000e+01 1.97596953e-07
4.44000000e+01 1.97270553e-07
4.44500000e+01 1.96403887e-07
4.45000000e+01 1.95543093e-07
4.45500000e+01 1.95222083e-07
4.46000000e+01 1.94370953e-07
4.46500000e+01 1.94051300e-07
4.47000000e+01 1.95328713e-07
4.47500000e+01 1.94485417e-07
4.48000000e+01 1.94161303e-07
4.48500000e+01 1.93327340e-07
4.49000000e+01 1.92498890e-07
4.49500000e+01 1.92179917e-07
4.50000000e+01 1.91360590e-07
4.50500000e+01 1.90546617e-07
4.51000000e+01 1.90232630e-07
4.51500000e+01 1.89427537e-07
4.52000000e+01 1.89114880e-07
4.52500000e+01 1.88318547e-07
4.53000000e+01 1.87527333e-07
4.53500000e+01 1.87219440e-07
4.54000000e+01 1.86436763e-07
4.54500000e+01 1.85659100e-07
4.55000000e+01 1.85355850e-07
4.55500000e+01 1.84586487e-07
4.56000000e+01 1.83822020e-07
4.56500000e+01 1.83523283e-07
4.57000000e+01 1.82766930e-07
4.57500000e+01 1.83992587e-07
4.58000000e+01 1.83689723e-07
4.58500000e+01 1.82939423e-07
4.59000000e+01 1.82193840e-07
4.59500000e+01 1.81895370e-07
4.60000000e+01 1.81157537e-07
4.60500000e+01 1.80860247e-07
4.61000000e+01 1.80130077e-07
4.61500000e+01 1.79404427e-07
4.62000000e+01 1.79111370e-07
4.62500000e+01 1.78393190e-07
4.63000000e+01 1.77679417e-07
4.63500000e+01 1.77390477e-07
4.64000000e+01 1.76683997e-07
4.64500000e+01 1.75981817e-07
4.65000000e+01 1.75696863e-07
4.65500000e+01 1.75001810e-07
4.66000000e+01 1.74310960e-07
4.66500000e+01 1.74029903e-07
4.67000000e+01 1.73346017e-07
4.67500000e+01 1.72666227e-07
4.68000000e+01 1.74239120e-07
4.68500000e+01 1.73560110e-07
4.69000000e+01 1.72885130e-07
4.69500000e+01 1.72604107e-07
4.70000000e+01 1.71935827e-07
4.70500000e+01 1.71271493e-07
4.71000000e+01 1.70994200e-07
4.71500000e+01 1.70336413e-07
4.72000000e+01 1.70060133e-07
4.72500000e+01 1.69408810e-07
4.73000000e+01 1.68761283e-07
4.73500000e+01 1.68488610e-07
4.74000000e+01 1.67847393e-07
4.74500000e+01 1.67209893e-07
4.75000000e+01 1.66940730e-07
4.75500000e+01 1.66309400e-07
4.76000000e+01 1.65681707e-07
4.76500000e+01 1.65415957e-07
4.77000000e+01 1.64794290e-07
4.77500000e+01 1.64176200e-07
4.78000000e+01 1.63913790e-07
4.78500000e+01 1.63301583e-07
4.79000000e+01 1.62692870e-07
4.79500000e+01 1.64160137e-07
4.80000000e+01 1.63551743e-07
4.80500000e+01 1.62946770e-07
4.81000000e+01 1.62684233e-07
4.81500000e+01 1.62084967e-07
4.82000000e+01 1.61489063e-07
4.82500000e+01 1.61229740e-07
4.83000000e+01 1.60639387e-07
4.83500000e+01 1.60052340e-07
4.84000000e+01 1.59796150e-07
4.84500000e+01 1.59214560e-07
4.85000000e+01 1.58636177e-07
4.85500000e+01 1.58383063e-07
4.86000000e+01 1.57810027e-07
4.86500000e+01 1.57240143e-07
4.87000000e+01 1.56990020e-07
4.87500000e+01 1.56425367e-07
4.88000000e+01 1.55863783e-07
4.88500000e+01 1.55305260e-07
4.89000000e+01 1.55060160e-07
4.89500000e+01 1.54506727e-07
4.90000000e+01 1.53956273e-07
4.90500000e+01 1.53713993e-07
4.91000000e+01 1.54786307e-07
4.91500000e+01 1.54238813e-07
4.92000000e+01 1.53993433e-07
4.92500000e+01 1.53450863e-07
4.93000000e+01 1.52911197e-07
4.93500000e+01 1.52668620e-07
4.94000000e+01 1.52133780e-07
4.94500000e+01 1.51601760e-07
4.95000000e+01 1.51361923e-07
4.95500000e+01 1.50834633e-07
4.96000000e+01 1.50310133e-07
4.96500000e+01 1.50072977e-07
4.97000000e+01 1.49553090e-07
4.97500000e+01 1.49035950e-07
4.98000000e+01 1.48801410e-07
4.98500000e+01 1.48288803e-07
4.99000000e+01 1.47778863e-07
4.99500000e+01 1.47546903e-07
5.00000000e+01 1.47041410e-07
5.00500000e+01 1.46538543e-07
5.01000000e+01 1.46038270e-07
5.01500000e+01 1.45810597e-07
5.02000000e+01 1.45314650e-07
5.02500000e+01 1.44821250e-07
5.03000000e+01 1.46111490e-07
5.03500000e+01 1.45617850e-07
5.04000000e+01 1.45126707e-07
5.04500000e+01 1.44898680e-07
5.05000000e+01 1.44411757e-07
5.05500000e+01 1.43927307e-07
5.06000000e+01 1.43701680e-07
5.06500000e+01 1.43221340e-07
5.07000000e+01 1.42743423e-07
5.07500000e+01 1.42520193e-07
5.08000000e+01 1.42046330e-07
5.08500000e+01 1.41574823e-07
5.09000000e+01 1.41105687e-07
5.09500000e+01 1.40886400e-07
5.10000000e+01 1.40421200e-07
5.10500000e+01 1.39958317e-07
5.11000000e+01 1.39741290e-07
5.11500000e+01 1.39282270e-07
5.12000000e+01 1.38825523e-07
5.12500000e+01 1.38610723e-07
5.13000000e+01 1.38157767e-07
5.13500000e+01 1.37707037e-07
5.14000000e+01 1.37494407e-07
5.14500000e+01 1.37047410e-07
5.15000000e+01 1.36602603e-07
5.15500000e+01 1.37580737e-07
5.16000000e+01 1.37367043e-07
5.16500000e+01 1.36923963e-07
5.17000000e+01 1.36483047e-07
5.17500000e+01 1.36271480e-07
5.18000000e+01 1.35834150e-07
5.18500000e+01 1.35398933e-07
5.19000000e+01 1.35189487e-07
5.19500000e+01 1.34757807e-07
5.20000000e+01 1.34328183e-07
5.20500000e+01 1.33900623e-07
5.21000000e+01 1.33694650e-07
5.21500000e+01 1.33270540e-07
5.22000000e+01 1.32848453e-07
5.22500000e+01 1.32644487e-07
5.23000000e+01 1.32225777e-07
5.23500000e+01 1.31809053e-07
5.24000000e+01 1.31394303e-07
5.24500000e+01 1.31193667e-07
5.25000000e+01 1.30782220e-07
5.25500000e+01 1.30372697e-07
5.26000000e+01 1.30173987e-07
5.26500000e+01 1.29767720e-07
5.27000000e+01 1.29363340e-07
5.27500000e+01 1.29166510e-07
5.28000000e+01 1.28765323e-07
5.28500000e+01 1.29697910e-07
5.29000000e+01 1.29296747e-07
5.29500000e+01 1.29098860e-07
5.30000000e+01 1.28700843e-07
5.30500000e+01 1.28304660e-07
5.31000000e+01 1.28108647e-07
5.31500000e+01 1.27715550e-07
5.32000000e+01 1.27324257e-07
5.32500000e+01 1.26934757e-07
5.33000000e+01 1.26741817e-07
5.33500000e+01 1.26355337e-07
5.34000000e+01 1.25970613e-07
5.34500000e+01 1.25779453e-07
5.35000000e+01 1.25397693e-07
5.35500000e+01 1.25017677e-07
5.36000000e+01 1.24639383e-07
5.36500000e+01 1.24451160e-07
5.37000000e+01 1.24075757e-07
5.37500000e+01 1.23702047e-07
5.38000000e+01 1.23515540e-07
5.38500000e+01 1.23144667e-07
5.39000000e+01 1.22775467e-07
5.39500000e+01 1.22407913e-07
5.40000000e+01 1.22224237e-07
5.40500000e+01 1.21859473e-07
5.41000000e+01 1.21496330e-07
5.41500000e+01 1.21314283e-07
5.42000000e+01 1.20953887e-07
5.42500000e+01 1.21840817e-07
5.43000000e+01 1.21480247e-07
5.43500000e+01 1.21297187e-07
5.44000000e+01 1.20939313e-07
5.44500000e+01 1.20583030e-07
5.45000000e+01 1.20401583e-07
5.45500000e+01 1.20047940e-07
5.46000000e+01 1.19695863e-07
5.46500000e+01 1.19345310e-07
5.47000000e+01 1.19166530e-07
5.47500000e+01 1.18818587e-07
5.48000000e+01 1.18472150e-07
5.48500000e+01 1.18127217e-07
5.49000000e+01 1.17951057e-07
5.49500000e+01 1.17608660e-07
5.50000000e+01 1.17267747e-07
5.50500000e+01 1.17093093e-07
5.51000000e+01 1.16754680e-07
5.51500000e+01 1.16417730e-07
5.52000000e+01 1.16082220e-07
5.52500000e+01 1.15910073e-07
5.53000000e+01 1.15577010e-07
5.53500000e+01 1.15245377e-07
5.54000000e+01 1.14915150e-07
5.54500000e+01 1.14745447e-07
5.55000000e+01 1.14417617e-07
5.55500000e+01 1.14091177e-07
5.56000000e+01 1.13922910e-07
5.56500000e+01 1.14767757e-07
5.57000000e+01 1.14442003e-07
5.57500000e+01 1.14117620e-07
5.58000000e+01 1.13948367e-07
5.58500000e+01 1.13626313e-07
5.59000000e+01 1.13305607e-07
5.59500000e+01 1.12986253e-07
5.60000000e+01 1.12819357e-07
5.60500000e+01 1.12502273e-07
5.61000000e+01 1.12186523e-07
5.61500000e+01 1.12021000e-07
5.62000000e+01 1.11707483e-07
5.62500000e+01 1.11395270e-07
5.63000000e+01 1.11084357e-07
5.63500000e+01 1.10921117e-07
5.64000000e+01 1.10612383e-07
5.64500000e+01 1.10304940e-07
5.65000000e+01 1.09998757e-07
5.65500000e+01 1.09837740e-07
5.66000000e+01 1.09533707e-07
5.66500000e+01 1.09230920e-07
5.67000000e+01 1.08929380e-07
5.67500000e+01 1.08770533e-07
5.68000000e+01 1.08471100e-07
5.68500000e+01 1.08172880e-07
5.69000000e+01 1.07875883e-07
5.69500000e+01 1.07719157e-07
5.70000000e+01 1.07424217e-07
5.70500000e+01 1.07130480e-07
5.71000000e+01 1.06974997e-07
5.71500000e+01 1.07777917e-07
5.72000000e+01 1.07484633e-07
5.72500000e+01 1.07192530e-07
5.73000000e+01 1.07036107e-07
5.73500000e+01 1.06746003e-07
5.74000000e+01 1.06457077e-07
5.74500000e+01 1.06169303e-07
5.75000000e+01 1.06014930e-07
5.75500000e+01 1.05729127e-07
5.76000000e+01 1.05444460e-07
5.76500000e+01 1.05160927e-07
5.77000000e+01 1.05008570e-07
5.77500000e+01 1.04726970e-07
5.78000000e+01 1.04446477e-07
5.78500000e+01 1.04167107e-07
5.79000000e+01 1.04016727e-07
5.79500000e+01 1.03739237e-07
5.80000000e+01 1.03462847e-07
5.80500000e+01 1.03187543e-07
5.81000000e+01 1.03039080e-07
5.81500000e+01 1.02765637e-07
5.82000000e+01 1.02493257e-07
5.82500000e+01 1.02221943e-07
5.83000000e+01 1.02075372e-07
5.83500000e+01 1.01805873e-07
5.84000000e+01 1.01537437e-07
5.84500000e+01 1.01270038e-07
5.85000000e+01 1.01125312e-07
5.85500000e+01 1.00859700e-07
5.86000000e+01 1.00595112e-07
5.86500000e+01 1.00331551e-07
5.87000000e+01 1.01214387e-07
5.87500000e+01 1.00950076e-07
5.88000000e+01 1.00686786e-07
5.88500000e+01 1.00424507e-07
5.89000000e+01 1.00280695e-07
5.89500000e+01 1.00020143e-07
5.90000000e+01 9.97605907e-08
5.90500000e+01 9.95020377e-08
5.91000000e+01 9.93600130e-08
5.91500000e+01 9.91031447e-08
5.92000000e+01 9.88472627e-08
5.92500000e+01 9.85923517e-08
5.93000000e+01 9.84520673e-08
5.93500000e+01 9.81988213e-08
5.94000000e+01 9.79465317e-08
5.94500000e+01 9.76952063e-08
5.95000000e+01 9.75566300e-08
5.95500000e+01 9.73069283e-08
5.96000000e+01 9.70581767e-08
5.96500000e+01 9.68103493e-08
5.97000000e+01 9.66734590e-08
5.97500000e+01 9.64272437e-08
5.98000000e+01 9.61819430e-08
5.98500000e+01 9.59375647e-08
5.99000000e+01 9.58023163e-08
5.99500000e+01 9.55595060e-08
6.00000000e+01 9.53176070e-08
6.00500000e+01 9.50766097e-08
6.01000000e+01 9.48365107e-08
6.01500000e+01 9.47035133e-08
6.02000000e+01 9.44649500e-08
6.02500000e+01 9.42272620e-08
6.03000000e+01 9.49525080e-08
6.03500000e+01 9.48186450e-08
6.04000000e+01 9.45810877e-08
6.04500000e+01 9.43444170e-08
6.05000000e+01 9.41086067e-08
6.05500000e+01 9.39763237e-08
6.06000000e+01 9.37420123e-08
6.06500000e+01 9.35085470e-08
6.07000000e+01 9.32759513e-08
6.07500000e+01 9.31452167e-08
6.08000000e+01 9.29140773e-08
6.08500000e+01 9.26837857e-08
6.09000000e+01 9.24543347e-08
6.09500000e+01 9.22257190e-08
6.10000000e+01 9.20970987e-08
6.10500000e+01 9.18699093e-08
6.11000000e+01 9.16435410e-08
6.11500000e+01 9.14179970e-08
6.12000000e+01 9.12908657e-08
6.12500000e+01 9.10667180e-08
6.13000000e+01 9.08433833e-08
6.13500000e+01 9.06208517e-08
6.14000000e+01 9.04951717e-08
6.14500000e+01 9.02740290e-08
6.15000000e+01 9.00536663e-08
6.15500000e+01 8.98340983e-08
6.16000000e+01 8.96153283e-08
6.16500000e+01 8.94916320e-08
6.17000000e+01 8.92742013e-08
6.17500000e+01 8.90575407e-08
6.18000000e+01 8.88416600e-08
6.18500000e+01 8.87193623e-08
6.19000000e+01 8.85047947e-08
6.19500000e+01 8.82909960e-08
6.20000000e+01 8.89786513e-08
6.20500000e+01 8.87643243e-08
6.21000000e+01 8.86417513e-08
6.21500000e+01 8.84287267e-08
6.22000000e+01 8.82164400e-08
6.22500000e+01 8.80049157e-08
6.23000000e+01 8.78837143e-08
6.23500000e+01 8.76734660e-08
6.24000000e+01 8.74639560e-08
6.24500000e+01 8.72551820e-08
6.25000000e+01 8.70471397e-08
6.25500000e+01 8.69277987e-08
6.26000000e+01 8.67210067e-08
6.26500000e+01 8.65149440e-08
6.27000000e+01 8.63095963e-08
6.27500000e+01 8.61915660e-08
6.28000000e+01 8.59874447e-08
6.28500000e+01 8.57840330e-08
6.29000000e+01 8.55813307e-08
6.29500000e+01 8.53793353e-08
6.30000000e+01 8.52630923e-08
6.30500000e+01 8.50622920e-08
6.31000000e+01 8.48622013e-08
6.31500000e+01 8.46627890e-08
6.32000000e+01 8.45477937e-08
6.32500000e+01 8.43495690e-08
6.33000000e+01 8.41520167e-08
6.33500000e+01 8.39551427e-08
6.34000000e+01 8.37589657e-08
6.34500000e+01 8.36456953e-08
6.35000000e+01 8.34506530e-08
6.35500000e+01 8.32562847e-08
6.36000000e+01 8.30625867e-08
6.36500000e+01 8.29505127e-08
6.37000000e+01 8.27579473e-08
6.37500000e+01 8.25660283e-08
6.38000000e+01 8.32169397e-08
6.38500000e+01 8.30244903e-08
6.39000000e+01 8.29121143e-08
6.39500000e+01 8.27207783e-08
6.40000000e+01 8.25300887e-08
6.40500000e+01 8.23400497e-08
6.41000000e+01 8.21506500e-08
6.41500000e+01 8.20399290e-08
6.42000000e+01 8.18516233e-08
6.42500000e+01 8.16639517e-08
6.43000000e+01 8.14769173e-08
6.43500000e+01 8.12904947e-08
6.44000000e+01 8.11813930e-08
6.44500000e+01 8.09960547e-08
6.45000000e+01 8.08113423e-08
6.45500000e+01 8.06272413e-08
6.46000000e+01 8.05192540e-08
6.46500000e+01 8.03362110e-08
6.47000000e+01 8.01537763e-08
6.47500000e+01 7.99719493e-08
6.48000000e+01 7.97907333e-08
6.48500000e+01 7.96842977e-08
6.49000000e+01 7.95041157e-08
6.49500000e+01 7.93245310e-08
6.50000000e+01 7.91455343e-08
6.50500000e+01 7.89671297e-08
6.51000000e+01 7.88622067e-08
6.51500000e+01 7.86848150e-08
6.52000000e+01 7.85080077e-08
6.52500000e+01 7.83317887e-08
6.53000000e+01 7.81561433e-08
6.53500000e+01 7.80527107e-08
6.54000000e+01 7.78780627e-08
6.54500000e+01 7.77039813e-08
6.55000000e+01 7.75304703e-08
6.55500000e+01 7.73575177e-08
6.56000000e+01 7.72555277e-08
6.56500000e+01 7.78718213e-08
6.57000000e+01 7.76987370e-08
6.57500000e+01 7.75262193e-08
6.58000000e+01 7.73542590e-08
6.58500000e+01 7.72519363e-08
6.59000000e+01 7.70809453e-08
6.59500000e+01 7.69105033e-08
6.60000000e+01 7.67406040e-08
6.60500000e+01 7.65712533e-08
6.61000000e+01 7.64703530e-08
6.61500000e+01 7.63019503e-08
6.62000000e+01 7.61340933e-08
6.62500000e+01 7.59667737e-08
6.63000000e+01 7.57999857e-08
6.63500000e+01 7.57004703e-08
6.64000000e+01 7.55346140e-08
6.64500000e+01 7.53692817e-08
6.65000000e+01 7.52044773e-08
6.65500000e+01 7.50402007e-08
6.66000000e+01 7.49420350e-08
6.66500000e+01 7.47786767e-08
6.67000000e+01 7.46158257e-08
6.67500000e+01 7.44534983e-08
6.68000000e+01 7.42916877e-08
6.68500000e+01 7.41948457e-08
6.69000000e+01 7.40339240e-08
6.69500000e+01 7.38735043e-08
6.70000000e+01 7.37135933e-08
6.70500000e+01 7.35541800e-08
6.71000000e+01 7.33952857e-08
6.71500000e+01 7.33001153e-08
6.72000000e+01 7.31420843e-08
6.72500000e+01 7.29845443e-08
6.73000000e+01 7.28275033e-08
6.73500000e+01 7.26709483e-08
6.74000000e+01 7.25770407e-08
6.74500000e+01 7.24213403e-08
6.75000000e+01 7.22661290e-08
6.75500000e+01 7.28500523e-08
6.76000000e+01 7.26942970e-08
6.76500000e+01 7.26000507e-08
6.77000000e+01 7.24451350e-08
6.77500000e+01 7.22907000e-08
6.78000000e+01 7.21367400e-08
6.78500000e+01 7.19832593e-08
6.79000000e+01 7.18902513e-08
6.79500000e+01 7.17375933e-08
6.80000000e+01 7.15854147e-08
6.80500000e+01 7.14337023e-08
6.81000000e+01 7.12824650e-08
6.81500000e+01 7.11316833e-08
6.82000000e+01 7.10402350e-08
6.82500000e+01 7.08902640e-08
6.83000000e+01 7.07407560e-08
6.83500000e+01 7.05917083e-08
6.84000000e+01 7.04431113e-08
6.84500000e+01 7.03528387e-08
6.85000000e+01 7.02050357e-08
6.85500000e+01 7.00576883e-08
6.86000000e+01 6.99107907e-08
6.86500000e+01 6.97643437e-08
6.87000000e+01 6.96183390e-08
6.87500000e+01 6.95295527e-08
6.88000000e+01 6.93843177e-08
6.88500000e+01 6.92395260e-08
6.89000000e+01 6.90951757e-08
6.89500000e+01 6.89512627e-08
6.90000000e+01 6.88636067e-08
6.90500000e+01 6.87204557e-08
6.91000000e+01 6.85777407e-08
6.91500000e+01 6.84354453e-08
6.92000000e+01 6.82935813e-08
6.92500000e+01 6.81521470e-08
6.93000000e+01 6.80659140e-08
6.93500000e+01 6.79252170e-08
6.94000000e+01 6.77849500e-08
6.94500000e+01 6.76450937e-08
6.95000000e+01 6.75056713e-08
6.95500000e+01 6.73666573e-08
6.96000000e+01 6.79718900e-08
6.96500000e+01 6.78322337e-08
6.97000000e+01 6.76929963e-08
6.97500000e+01 6.75541693e-08
6.98000000e+01 6.74157577e-08
6.98500000e+01 6.73305610e-08
6.99000000e+01 6.71928717e-08
6.99500000e+01 6.70555900e-08
7.00000000e+01 6.69187213e-08
7.00500000e+01 6.67822580e-08
7.01000000e+01 6.66461887e-08
7.01500000e+01 6.65623383e-08
7.02000000e+01 6.64269747e-08
7.02500000e+01 6.62920120e-08
7.03000000e+01 6.61574503e-08
7.03500000e+01 6.60232850e-08
7.04000000e+01 6.58895123e-08
7.04500000e+01 6.58069830e-08
7.05000000e+01 6.56739057e-08
7.05500000e+01 6.55412080e-08
7.06000000e+01 6.54089023e-08
7.06500000e+01 6.52769793e-08
7.07000000e+01 6.51454447e-08
7.07500000e+01 6.50642070e-08
7.08000000e+01 6.49333450e-08
7.08500000e+01 6.48028687e-08
7.09000000e+01 6.46727733e-08
7.09500000e+01 6.45430527e-08
7.10000000e+01 6.44137147e-08
7.10500000e+01 6.43337260e-08
7.11000000e+01 6.42050397e-08
7.11500000e+01 6.40767290e-08
7.12000000e+01 6.39487863e-08
7.12500000e+01 6.38212210e-08
7.13000000e+01 6.36940150e-08
7.13500000e+01 6.36152633e-08
7.14000000e+01 6.34887033e-08
7.14500000e+01 6.33625153e-08
7.15000000e+01 6.32366820e-08
7.15500000e+01 6.31112137e-08
7.16000000e+01 6.29861083e-08
7.16500000e+01 6.29085523e-08
7.17000000e+01 6.34296510e-08
7.17500000e+01 6.33042967e-08
7.18000000e+01 6.31793013e-08
7.18500000e+01 6.30546623e-08
7.19000000e+01 6.29303867e-08
7.19500000e+01 6.28527327e-08
7.20000000e+01 6.27290687e-08
7.20500000e+01 6.26057600e-08
7.21000000e+01 6.24828050e-08
7.21500000e+01 6.23602000e-08
7.22000000e+01 6.22379353e-08
7.22500000e+01 6.21160267e-08
7.23000000e+01 6.20398060e-08
7.23500000e+01 6.19185033e-08
7.24000000e+01 6.17975357e-08
7.24500000e+01 6.16769127e-08
7.25000000e+01 6.15566330e-08
7.25500000e+01 6.14366963e-08
7.26000000e+01 6.13616053e-08
7.26500000e+01 6.12422543e-08
7.27000000e+01 6.11232443e-08
7.27500000e+01 6.10045693e-08
7.28000000e+01 6.08862313e-08
7.28500000e+01 6.07682173e-08
7.29000000e+01 6.06942390e-08
7.29500000e+01 6.05768007e-08
7.30000000e+01 6.04597003e-08
7.30500000e+01 6.03429240e-08
7.31000000e+01 6.02264807e-08
7.31500000e+01 6.01103553e-08
7.32000000e+01 5.99945607e-08
7.32500000e+01 5.99219050e-08
7.33000000e+01 5.98066713e-08
7.33500000e+01 5.96917573e-08
7.34000000e+01 5.95771660e-08
7.34500000e+01 5.94628883e-08
7.35000000e+01 5.93489317e-08
7.35500000e+01 5.92352973e-08
7.36000000e+01 5.91639263e-08
7.36500000e+01 5.90508397e-08
7.37000000e+01 5.89380580e-08
7.37500000e+01 5.88256017e-08
7.38000000e+01 5.87134413e-08
7.38500000e+01 5.86015997e-08
7.39000000e+01 5.85312530e-08
7.39500000e+01 5.90224290e-08
7.40000000e+01 5.89103233e-08
7.40500000e+01 5.87985243e-08
7.41000000e+01 5.86870327e-08
7.41500000e+01 5.85758390e-08
7.42000000e+01 5.84649573e-08
7.42500000e+01 5.83947053e-08
7.43000000e+01 5.82843540e-08
7.43500000e+01 5.81743003e-08
7.44000000e+01 5.80645497e-08
7.44500000e+01 5.79550953e-08
7.45000000e+01 5.78459457e-08
7.45500000e+01 5.77370923e-08
7.46000000e+01 5.76680570e-08
7.46500000e+01 5.75597237e-08
7.47000000e+01 5.74516833e-08
7.47500000e+01 5.73439320e-08
7.48000000e+01 5.72364760e-08
7.48500000e+01 5.71293073e-08
7.49000000e+01 5.70224313e-08
7.49500000e+01 5.69545820e-08
7.50000000e+01 5.68482093e-08
7.50500000e+01 5.67421307e-08
7.51000000e+01 5.66363377e-08
7.51500000e+01 5.65308297e-08
7.52000000e+01 5.64256043e-08
7.52500000e+01 5.63206590e-08
7.53000000e+01 5.62539597e-08
7.53500000e+01 5.61495117e-08
7.54000000e+01 5.60453443e-08
7.54500000e+01 5.59414553e-08
7.55000000e+01 5.58378450e-08
7.55500000e+01 5.57345117e-08
7.56000000e+01 5.56314547e-08
7.56500000e+01 5.55658777e-08
7.57000000e+01 5.54633023e-08
7.57500000e+01 5.53610040e-08
7.58000000e+01 5.52589750e-08
7.58500000e+01 5.51572177e-08
7.59000000e+01 5.50557307e-08
7.59500000e+01 5.49545197e-08
7.60000000e+01 5.48535710e-08
7.60500000e+01 5.47892920e-08
7.61000000e+01 5.46888160e-08
7.61500000e+01 5.45886030e-08
7.62000000e+01 5.44886577e-08
7.62500000e+01 5.49521280e-08
7.63000000e+01 5.48517097e-08
7.63500000e+01 5.47515567e-08
7.64000000e+01 5.46873043e-08
7.64500000e+01 5.45876177e-08
7.65000000e+01 5.44881910e-08
7.65500000e+01 5.43890187e-08
7.66000000e+01 5.42901093e-08
7.66500000e+01 5.41914630e-08
7.67000000e+01 5.40930720e-08
7.67500000e+01 5.39949420e-08
7.68000000e+01 5.39319423e-08
7.68500000e+01 5.38342603e-08
7.69000000e+01 5.37368400e-08
7.69500000e+01 5.36396717e-08
7.70000000e+01 5.35427560e-08
7.70500000e+01 5.34460900e-08
7.71000000e+01 5.33496790e-08
7.71500000e+01 5.32535157e-08
7.72000000e+01 5.31917240e-08
7.72500000e+01 5.30960067e-08
7.73000000e+01 5.30005313e-08
7.73500000e+01 5.29053097e-08
7.74000000e+01 5.28103297e-08
7.74500000e+01 5.27156017e-08
7.75000000e+01 5.26211123e-08
7.75500000e+01 5.25603113e-08
7.76000000e+01 5.24662540e-08
7.76500000e+01 5.23724367e-08
7.77000000e+01 5.22788677e-08
7.77500000e+01 5.21855337e-08
7.78000000e+01 5.20924407e-08
7.78500000e+01 5.19995873e-08
7.79000000e+01 5.19069790e-08
7.79500000e+01 5.18146020e-08
7.80000000e+01 5.17551327e-08
7.80500000e+01 5.16631697e-08
7.81000000e+01 5.15714447e-08
7.81500000e+01 5.14799527e-08
7.82000000e+01 5.13887013e-08
7.82500000e+01 5.12976820e-08
7.83000000e+01 5.12068910e-08
7.83500000e+01 5.11163403e-08
7.84000000e+01 5.10579780e-08
7.84500000e+01 5.09678213e-08
7.85000000e+01 5.08779027e-08
7.85500000e+01 5.07882047e-08
7.86000000e+01 5.06987373e-08
7.86500000e+01 5.06095040e-08
7.87000000e+01 5.10458410e-08
7.87500000e+01 5.09561570e-08
7.88000000e+01 5.08979473e-08
7.88500000e+01 5.08086573e-08
7.89000000e+01 5.07195960e-08
7.89500000e+01 5.06307573e-08
7.90000000e+01 5.05421453e-08
7.90500000e+01 5.04537547e-08
7.91000000e+01 5.03655873e-08
7.91500000e+01 5.02776417e-08
7.92000000e+01 5.01899180e-08
7.92500000e+01 5.01329400e-08
7.93000000e+01 5.00456077e-08
7.93500000e+01 4.99584940e-08
7.94000000e+01 4.98715910e-08
7.94500000e+01 4.97849140e-08
7.95000000e+01 4.96984467e-08
7.95500000e+01 4.96122013e-08
7.96000000e+01 4.95261717e-08
7.96500000e+01 4.94403577e-08
7.97000000e+01 4.93845700e-08
7.97500000e+01 4.92991360e-08
7.98000000e+01 4.92139037e-08
7.98500000e+01 4.91288927e-08
7.99000000e+01 4.90440850e-08
7.99500000e+01 4.89594913e-08
8.00000000e+01 4.88751110e-08
